0.35 0.52 -0.81
0.35 0.51 -0.82
0.34 0.51 -0.82
0.33 0.51 -0.82
0.33 0.52 -0.82
0.34 0.52 -0.83
0.35 0.52 -0.83
0.36 0.52 -0.83
0.35 0.52 -0.82
0.35 0.51 -0.82
0.36 0.51 -0.82
0.35 0.52 -0.83
0.35 0.52 -0.83
0.35 0.51 -0.83
0.35 0.51 -0.83
0.34 0.52 -0.82
0.34 0.52 -0.82
0.34 0.52 -0.82
0.34 0.52 -0.83
0.34 0.52 -0.83
0.33 0.52 -0.82
0.33 0.52 -0.83
0.32 0.52 -0.83
0.33 0.52 -0.83
0.34 0.54 -0.82
0.33 0.53 -0.81
0.33 0.53 -0.82
0.34 0.53 -0.81
0.35 0.54 -0.81
0.34 0.54 -0.81
0.33 0.54 -0.81
0.33 0.55 -0.81
0.33 0.54 -0.82
0.34 0.53 -0.82
0.33 0.54 -0.82
0.33 0.53 -0.81
0.33 0.53 -0.82
0.33 0.54 -0.82
0.33 0.54 -0.81
0.35 0.54 -0.81
0.35 0.53 -0.82
0.36 0.52 -0.81
0.37 0.54 -0.81
0.37 0.54 -0.81
0.37 0.53 -0.81
0.36 0.53 -0.82
0.36 0.52 -0.82
0.35 0.53 -0.82
0.34 0.53 -0.82
0.34 0.53 -0.81
0.35 0.52 -0.81
0.35 0.52 -0.82
0.34 0.52 -0.83
0.35 0.53 -0.82
0.36 0.53 -0.82
0.36 0.53 -0.82
0.36 0.52 -0.82
0.35 0.52 -0.82
0.35 0.52 -0.81
0.35 0.52 -0.81
0.36 0.52 -0.82
0.36 0.52 -0.82
0.35 0.52 -0.82
0.34 0.52 -0.83
0.34 0.52 -0.83
0.35 0.52 -0.83
0.33 0.52 -0.82
0.32 0.52 -0.82
0.34 0.53 -0.82
0.35 0.54 -0.81
0.35 0.53 -0.81
0.34 0.54 -0.82
0.34 0.53 -0.82
0.35 0.53 -0.81
0.34 0.54 -0.80
0.34 0.53 -0.81
0.34 0.53 -0.81
0.34 0.53 -0.82
0.35 0.53 -0.82
0.35 0.54 -0.82
0.35 0.54 -0.82
0.35 0.54 -0.83
0.35 0.55 -0.83
0.36 0.53 -0.84
0.36 0.52 -0.82
0.35 0.51 -0.82
0.35 0.51 -0.82
0.34 0.52 -0.82
0.34 0.52 -0.81
0.34 0.51 -0.82
0.36 0.51 -0.82
0.36 0.53 -0.82
0.35 0.52 -0.82
0.35 0.51 -0.82
0.35 0.53 -0.82
0.34 0.53 -0.82
0.34 0.51 -0.83
0.35 0.51 -0.83
0.36 0.52 -0.82
0.36 0.52 -0.82
0.36 0.52 -0.83
0.35 0.51 -0.83
0.35 0.50 -0.84
0.35 0.50 -0.84
0.36 0.50 -0.84
0.36 0.49 -0.83
0.36 0.49 -0.82
0.37 0.50 -0.83
0.37 0.50 -0.82
0.36 0.50 -0.82
0.36 0.51 -0.81
0.36 0.51 -0.82
0.32 0.51 -0.83
0.33 0.51 -0.83
0.33 0.51 -0.83
0.33 0.52 -0.83
0.34 0.52 -0.83
0.32 0.51 -0.83
0.33 0.51 -0.83
0.34 0.53 -0.82
0.34 0.53 -0.82
0.34 0.52 -0.82
0.34 0.52 -0.83
0.35 0.51 -0.83
0.36 0.51 -0.83
0.37 0.50 -0.83
0.36 0.50 -0.83
0.36 0.51 -0.83
0.37 0.50 -0.82
0.36 0.51 -0.82
0.35 0.51 -0.83
0.35 0.50 -0.83
0.36 0.52 -0.82
0.36 0.52 -0.82
0.37 0.51 -0.83
0.37 0.51 -0.83
0.36 0.53 -0.83
0.36 0.52 -0.83
0.35 0.52 -0.83
0.33 0.52 -0.83
0.33 0.51 -0.83
0.34 0.51 -0.83
0.35 0.52 -0.83
0.35 0.52 -0.83
0.35 0.52 -0.82
0.36 0.51 -0.83
0.36 0.53 -0.82
0.35 0.53 -0.83
0.34 0.53 -0.83
0.32 0.53 -0.83
0.33 0.52 -0.83
0.33 0.52 -0.83
0.34 0.52 -0.84
0.33 0.51 -0.84
0.31 0.51 -0.84
0.32 0.50 -0.84
0.33 0.50 -0.83
0.33 0.51 -0.83
0.33 0.52 -0.82
0.34 0.52 -0.82
0.34 0.52 -0.83
0.34 0.52 -0.83
0.35 0.52 -0.83
0.35 0.52 -0.83
0.35 0.53 -0.83
0.35 0.53 -0.83
0.34 0.51 -0.84
0.34 0.52 -0.84
0.34 0.52 -0.83
0.34 0.51 -0.83
0.35 0.49 -0.84
0.32 0.48 -0.84
0.33 0.50 -0.84
0.33 0.50 -0.83
0.34 0.49 -0.84
0.34 0.49 -0.83
0.33 0.49 -0.84
0.34 0.50 -0.84
0.33 0.52 -0.83
0.34 0.52 -0.83
0.34 0.51 -0.82
0.34 0.52 -0.82
0.35 0.51 -0.83
0.33 0.51 -0.83
0.34 0.52 -0.82
0.32 0.52 -0.82
0.32 0.51 -0.82
0.33 0.52 -0.82
0.34 0.52 -0.81
0.34 0.52 -0.81
0.35 0.52 -0.82
0.35 0.52 -0.82
0.35 0.51 -0.82
0.36 0.50 -0.82
0.36 0.52 -0.82
0.36 0.52 -0.83
0.35 0.53 -0.82
0.34 0.51 -0.83
0.34 0.50 -0.83
0.35 0.51 -0.83
0.33 0.51 -0.84
0.34 0.50 -0.83
0.35 0.50 -0.85
0.34 0.50 -0.85
0.35 0.49 -0.84
0.35 0.49 -0.84
0.34 0.51 -0.84
0.32 0.51 -0.84
0.32 0.51 -0.84
0.31 0.51 -0.84
0.32 0.52 -0.83
0.34 0.53 -0.82
0.34 0.52 -0.83
0.34 0.51 -0.84
0.35 0.52 -0.83
0.33 0.52 -0.83
0.34 0.51 -0.83
0.35 0.51 -0.83
0.33 0.51 -0.83
0.33 0.51 -0.84
0.34 0.49 -0.84
0.34 0.50 -0.84
0.34 0.49 -0.85
0.34 0.51 -0.83
0.33 0.50 -0.83
0.32 0.48 -0.84
0.33 0.48 -0.84
0.33 0.49 -0.85
0.34 0.50 -0.84
0.34 0.49 -0.84
0.34 0.49 -0.85
0.35 0.49 -0.84
0.32 0.49 -0.84
0.32 0.49 -0.84
0.32 0.50 -0.84
0.33 0.50 -0.83
0.34 0.51 -0.83
0.33 0.52 -0.83
0.33 0.52 -0.83
0.34 0.53 -0.82
0.34 0.53 -0.82
0.35 0.52 -0.83
0.34 0.51 -0.84
0.33 0.51 -0.84
0.34 0.51 -0.84
0.34 0.52 -0.83
0.33 0.52 -0.84
0.33 0.51 -0.84
0.34 0.52 -0.83
0.34 0.53 -0.82
0.35 0.52 -0.84
0.36 0.52 -0.84
0.35 0.52 -0.84
0.35 0.52 -0.83
0.33 0.52 -0.83
0.35 0.51 -0.83
0.35 0.51 -0.83
0.34 0.50 -0.83
0.35 0.50 -0.83
0.36 0.52 -0.81
0.34 0.51 -0.83
0.34 0.52 -0.83
0.35 0.52 -0.83
0.34 0.51 -0.84
0.34 0.51 -0.84
0.35 0.51 -0.84
0.34 0.52 -0.84
0.35 0.50 -0.84
0.35 0.50 -0.83
0.35 0.52 -0.82
0.35 0.51 -0.83
0.35 0.52 -0.83
0.35 0.52 -0.82
0.34 0.52 -0.81
0.34 0.52 -0.81
0.32 0.51 -0.82
0.33 0.51 -0.81
0.33 0.51 -0.82
0.33 0.52 -0.82
0.33 0.51 -0.82
0.33 0.52 -0.82
0.34 0.52 -0.82
0.33 0.52 -0.83
0.34 0.52 -0.83
0.34 0.51 -0.42
0.33 0.51 -0.52
0.33 0.51 -0.60
0.34 0.51 -0.66
0.35 0.52 -0.70
0.36 0.52 -0.73
0.33 0.51 -0.75
0.33 0.51 -0.77
0.32 0.51 -0.79
0.32 0.51 -0.80
0.33 0.52 -0.81
0.34 0.52 -0.81
0.33 0.51 -0.82
0.34 0.51 -0.82
0.35 0.51 -0.82
0.35 0.51 -0.83
0.34 0.52 -0.83
0.34 0.51 -0.83
0.33 0.51 -0.83
0.35 0.51 -0.82
0.35 0.51 -0.82
0.35 0.51 -0.83
0.35 0.51 -0.83
0.35 0.51 -0.82
0.35 0.51 -0.82
0.34 0.52 -0.83
0.34 0.51 -0.82
0.34 0.51 -0.83
0.34 0.52 -0.83
0.36 0.52 -0.82
0.37 0.52 -0.82
0.36 0.51 -0.82
0.36 0.51 -0.82
0.36 0.50 -0.82
0.36 0.50 -0.82
0.35 0.50 -0.82
0.36 0.50 -0.83
0.34 0.50 -0.83
0.34 0.51 -0.83
0.35 0.50 -0.83
0.35 0.50 -0.83
0.36 0.50 -0.83
0.35 0.50 -0.83
0.34 0.49 -0.84
0.35 0.49 -0.84
0.33 0.48 -0.84
0.34 0.48 -0.84
0.33 0.49 -0.85
0.34 0.50 -0.85
0.35 0.50 -0.84
0.34 0.50 -0.83
0.34 0.50 -0.82
0.34 0.50 -0.82
0.35 0.50 -0.83
0.34 0.51 -0.83
0.35 0.51 -0.82
0.34 0.51 -0.83
0.35 0.51 -0.84
0.35 0.50 -0.83
0.35 0.52 -0.83
0.36 0.52 -0.82
0.34 0.52 -0.82
0.35 0.52 -0.82
0.34 0.52 -0.82
0.35 0.52 -0.82
0.34 0.53 -0.82
0.33 0.52 -0.82
0.33 0.52 -0.82
0.32 0.51 -0.82
0.34 0.51 -0.81
0.34 0.51 -0.81
0.35 0.52 -0.82
0.34 0.51 -0.82
0.35 0.52 -0.82
0.34 0.52 -0.82
0.35 0.52 -0.83
0.34 0.52 -0.83
0.33 0.52 -0.83
0.33 0.51 -0.83
0.32 0.51 -0.83
0.32 0.50 -0.83
0.33 0.50 -0.83
0.32 0.50 -0.83
0.34 0.51 -0.83
0.34 0.51 -0.83
0.34 0.50 -0.83
0.34 0.50 -0.82
0.33 0.51 -0.83
0.33 0.52 -0.83
0.34 0.51 -0.83
0.34 0.51 -0.83
0.33 0.50 -0.82
0.33 0.51 -0.83
0.33 0.50 -0.83
0.34 0.51 -0.83
0.34 0.51 -0.82
0.34 0.52 -0.83
0.34 0.52 -0.82
0.34 0.51 -0.83
0.34 0.51 -0.83
0.35 0.51 -0.82
0.36 0.51 -0.82
0.36 0.51 -0.82
0.36 0.50 -0.83
0.35 0.50 -0.83
0.35 0.51 -0.82
0.34 0.51 -0.82
0.35 0.51 -0.82
0.35 0.50 -0.83
0.35 0.52 -0.82
0.34 0.53 -0.82
0.33 0.52 -0.83
0.34 0.52 -0.83
0.34 0.53 -0.82
0.34 0.54 -0.83
0.34 0.52 -0.82
0.34 0.52 -0.83
0.34 0.51 -0.83
0.32 0.51 -0.84
0.33 0.52 -0.83
0.33 0.52 -0.82
0.34 0.51 -0.82
0.33 0.51 -0.82
0.33 0.51 -0.82
0.34 0.51 -0.82
0.33 0.51 -0.82
0.33 0.51 -0.82
0.32 0.51 -0.82
0.34 0.52 -0.82
0.33 0.52 -0.82
0.32 0.51 -0.82
0.32 0.51 -0.83
0.33 0.52 -0.83
0.33 0.52 -0.83
0.35 0.52 -0.83
0.35 0.51 -0.83
0.35 0.52 -0.83
0.34 0.52 -0.83
0.35 0.52 -0.84
0.36 0.51 -0.84
0.36 0.53 -0.82
0.36 0.53 -0.83
0.35 0.52 -0.83
0.35 0.51 -0.83
0.34 0.51 -0.83
0.34 0.51 -0.82
0.34 0.52 -0.82
0.34 0.53 -0.83
0.34 0.52 -0.83
0.33 0.53 -0.83
0.34 0.52 -0.82
0.34 0.52 -0.82
0.34 0.53 -0.81
0.35 0.53 -0.82
0.34 0.53 -0.83
0.33 0.53 -0.83
0.34 0.52 -0.82
0.33 0.52 -0.84
0.34 0.52 -0.84
0.34 0.52 -0.83
0.35 0.53 -0.83
0.36 0.52 -0.82
0.35 0.50 -0.82
0.36 0.50 -0.82
0.36 0.50 -0.83
0.36 0.49 -0.82
0.35 0.50 -0.83
0.35 0.50 -0.82
0.34 0.51 -0.81
0.34 0.52 -0.81
0.33 0.51 -0.81
0.33 0.51 -0.82
0.32 0.50 -0.83
0.33 0.50 -0.83
0.33 0.51 -0.83
0.34 0.52 -0.83
0.34 0.51 -0.82
0.33 0.51 -0.42
0.34 0.52 -0.52
0.34 0.51 -0.60
0.33 0.52 -0.65
0.34 0.51 -0.69
0.34 0.51 -0.73
0.34 0.50 -0.76
0.33 0.50 -0.77
0.33 0.51 -0.79
0.33 0.51 -0.79
0.34 0.52 -0.80
0.35 0.52 -0.81
0.34 0.52 -0.81
0.35 0.51 -0.81
0.34 0.51 -0.82
0.34 0.51 -0.83
0.34 0.51 -0.83
0.36 0.51 -0.82
0.33 0.49 -0.83
0.33 0.50 -0.84
0.33 0.50 -0.83
0.33 0.50 -0.84
0.34 0.51 -0.84
0.33 0.51 -0.83
0.34 0.51 -0.83
0.34 0.49 -0.85
0.34 0.51 -0.84
0.34 0.51 -0.84
0.34 0.52 -0.84
0.35 0.51 -0.83
0.35 0.53 -0.83
0.35 0.53 -0.84
0.34 0.53 -0.83
0.34 0.53 -0.83
0.33 0.50 -0.83
0.34 0.50 -0.83
0.34 0.50 -0.83
0.34 0.49 -0.82
0.34 0.50 -0.83
0.33 0.48 -0.84
0.33 0.49 -0.83
0.34 0.50 -0.83
0.34 0.51 -0.83
0.34 0.51 -0.82
0.34 0.52 -0.83
0.33 0.52 -0.83
0.34 0.51 -0.82
0.32 0.50 -0.83
0.32 0.49 -0.82
0.32 0.51 -0.82
0.34 0.50 -0.82
0.34 0.50 -0.82
0.35 0.51 -0.83
0.34 0.49 -0.83
0.35 0.50 -0.83
0.34 0.50 -0.83
0.34 0.51 -0.84
0.34 0.51 -0.84
0.34 0.51 -0.83
0.35 0.51 -0.83
0.35 0.51 -0.83
0.35 0.52 -0.83
0.34 0.51 -0.82
0.34 0.50 -0.82
0.34 0.50 -0.83
0.34 0.50 -0.83
0.35 0.50 -0.83
0.35 0.51 -0.83
0.36 0.50 -0.82
0.35 0.50 -0.83
0.33 0.51 -0.83
0.34 0.51 -0.83
0.34 0.51 -0.83
0.34 0.51 -0.83
0.34 0.51 -0.83
0.34 0.51 -0.83
0.34 0.51 -0.82
0.33 0.52 -0.82
0.34 0.51 -0.82
0.34 0.52 -0.82
0.34 0.52 -0.83
0.35 0.51 -0.83
0.36 0.52 -0.83
0.35 0.52 -0.83
0.36 0.52 -0.83
0.36 0.51 -0.83
0.36 0.51 -0.82
0.36 0.52 -0.82
0.35 0.50 -0.83
0.35 0.51 -0.82
0.34 0.51 -0.83
0.35 0.51 -0.83
0.34 0.52 -0.82
0.33 0.52 -0.82
0.33 0.53 -0.82
0.34 0.53 -0.82
0.34 0.53 -0.82
0.33 0.52 -0.83
0.35 0.50 -0.83
0.35 0.51 -0.82
0.35 0.51 -0.83
0.34 0.51 -0.83
0.34 0.50 -0.83
0.36 0.51 -0.83
0.35 0.51 -0.83
0.33 0.50 -0.84
0.35 0.49 -0.84
0.33 0.50 -0.84
0.34 0.51 -0.83
0.34 0.52 -0.83
0.35 0.52 -0.83
0.36 0.52 -0.83
0.37 0.53 -0.82
0.37 0.53 -0.81
0.37 0.54 -0.82
0.37 0.54 -0.81
0.36 0.54 -0.82
0.36 0.53 -0.82
0.36 0.52 -0.81
0.35 0.52 -0.82
0.34 0.51 -0.82
0.35 0.51 -0.81
0.35 0.52 -0.82
0.35 0.53 -0.82
0.34 0.51 -0.82
0.34 0.50 -0.81
0.34 0.51 -0.82
0.35 0.50 -0.82
0.35 0.51 -0.83
0.35 0.50 -0.82
0.35 0.51 -0.82
0.35 0.51 -0.83
0.35 0.51 -0.84
0.35 0.51 -0.83
0.36 0.51 -0.84
0.37 0.51 -0.83
0.37 0.52 -0.83
0.37 0.52 -0.83
0.37 0.53 -0.83
0.35 0.52 -0.84
0.36 0.52 -0.84
0.34 0.52 -0.84
0.34 0.53 -0.84
0.35 0.53 -0.83
0.34 0.52 -0.83
0.35 0.52 -0.83
0.35 0.51 -0.83
0.37 0.51 -0.83
0.37 0.50 -0.83
0.35 0.50 -0.84
0.36 0.51 -0.83
0.35 0.51 -0.83
0.36 0.51 -0.83
0.37 0.52 -0.82
0.35 0.52 -0.82
0.35 0.53 -0.83
0.34 0.52 -0.82
0.35 0.51 -0.82
0.33 0.51 -0.82
0.32 0.50 -0.82
0.33 0.51 -0.81
0.33 0.51 -0.81
0.32 0.51 -0.81
0.34 0.51 -0.81
0.34 0.52 -0.81
0.34 0.52 -0.82
0.33 0.53 -0.81
0.33 0.55 -0.43
0.33 0.54 -0.53
0.33 0.53 -0.61
0.33 0.54 -0.66
0.34 0.54 -0.71
0.33 0.53 -0.74
0.34 0.53 -0.75
0.34 0.52 -0.77
0.34 0.52 -0.78
0.32 0.52 -0.80
0.33 0.51 -0.81
0.33 0.51 -0.82
0.32 0.50 -0.82
0.33 0.50 -0.82
0.32 0.50 -0.83
0.33 0.51 -0.83
0.33 0.50 -0.82
0.33 0.51 -0.82
0.33 0.51 -0.82
0.33 0.50 -0.83
0.34 0.50 -0.82
0.34 0.52 -0.83
0.34 0.51 -0.83
0.34 0.51 -0.83
0.34 0.51 -0.83
0.34 0.51 -0.84
0.35 0.51 -0.82
0.34 0.52 -0.82
0.35 0.52 -0.83
0.34 0.52 -0.82
0.33 0.52 -0.83
0.34 0.52 -0.83
0.34 0.53 -0.83
0.34 0.53 -0.82
0.32 0.53 -0.83
0.34 0.52 -0.83
0.33 0.53 -0.82
0.33 0.53 -0.82
0.33 0.51 -0.82
0.34 0.51 -0.83
0.35 0.53 -0.82
0.35 0.53 -0.82
0.35 0.52 -0.82
0.35 0.52 -0.83
0.34 0.51 -0.83
0.34 0.52 -0.82
0.34 0.52 -0.82
0.34 0.53 -0.81
0.33 0.53 -0.82
0.33 0.53 -0.81
0.33 0.52 -0.83
0.34 0.51 -0.83
0.33 0.51 -0.82
0.34 0.49 -0.83
0.35 0.50 -0.83
0.34 0.51 -0.82
0.33 0.51 -0.81
0.32 0.51 -0.83
0.33 0.52 -0.83
0.33 0.53 -0.83
0.33 0.52 -0.83
0.32 0.52 -0.83
0.33 0.51 -0.84
0.34 0.51 -0.83
0.33 0.52 -0.84
0.33 0.52 -0.84
0.34 0.53 -0.82
0.34 0.54 -0.83
0.34 0.53 -0.83
0.35 0.53 -0.82
0.35 0.54 -0.81
0.35 0.53 -0.81
0.35 0.54 -0.82
0.34 0.53 -0.82
0.34 0.53 -0.82
0.35 0.52 -0.82
0.36 0.52 -0.81
0.34 0.52 -0.82
0.34 0.52 -0.83
0.34 0.52 -0.83
0.34 0.52 -0.84
0.35 0.53 -0.83
0.34 0.54 -0.83
0.34 0.54 -0.83
0.33 0.54 -0.83
0.34 0.54 -0.83
0.34 0.54 -0.82
0.35 0.53 -0.82
0.34 0.52 -0.82
0.35 0.54 -0.81
0.35 0.54 -0.81
0.36 0.54 -0.81
0.35 0.54 -0.82
0.37 0.52 -0.82
0.36 0.52 -0.82
0.37 0.52 -0.82
0.36 0.53 -0.82
0.36 0.52 -0.83
0.35 0.53 -0.83
0.35 0.53 -0.84
0.35 0.53 -0.83
0.35 0.52 -0.83
0.36 0.52 -0.83
0.34 0.53 -0.83
0.34 0.53 -0.83
0.34 0.52 -0.84
0.33 0.51 -0.84
0.33 0.52 -0.84
0.34 0.53 -0.83
0.33 0.53 -0.83
0.34 0.52 -0.84
0.34 0.53 -0.83
0.35 0.53 -0.83
0.35 0.52 -0.83
0.35 0.51 -0.83
0.34 0.51 -0.83
0.34 0.52 -0.81
0.34 0.52 -0.83
0.33 0.50 -0.83
0.33 0.51 -0.84
0.32 0.51 -0.84
0.32 0.52 -0.84
0.32 0.54 -0.83
0.32 0.53 -0.83
0.30 0.52 -0.84
0.30 0.51 -0.84
0.32 0.51 -0.83
0.30 0.50 -0.84
0.30 0.50 -0.84
0.32 0.51 -0.83
0.32 0.52 -0.82
0.32 0.52 -0.83
0.32 0.52 -0.83
0.33 0.51 -0.83
0.33 0.52 -0.82
0.34 0.51 -0.82
0.34 0.51 -0.82
0.34 0.51 -0.82
0.34 0.51 -0.83
0.34 0.52 -0.83
0.34 0.52 -0.84
0.34 0.51 -0.84
0.33 0.52 -0.84
0.34 0.52 -0.83
0.34 0.53 -0.82
0.35 0.52 -0.83
0.33 0.52 -0.83
0.34 0.53 -0.82
0.33 0.53 -0.83
0.33 0.51 -0.83
0.33 0.51 -0.83
0.33 0.52 -0.83
0.33 0.52 -0.83
0.33 0.51 -0.83
0.33 0.52 -0.83
0.34 0.52 -0.82
0.34 0.53 -0.81
0.33 0.52 -0.82
0.33 0.53 -0.82
0.33 0.52 -0.83
0.35 0.51 -0.82
0.34 0.52 -0.82
0.34 0.51 -0.82
0.34 0.51 -0.82
0.34 0.51 -0.82
0.33 0.51 -0.82
0.34 0.51 -0.82
0.34 0.52 -0.82
0.34 0.51 -0.82
0.34 0.50 -0.82
0.35 0.51 -0.82
0.35 0.51 -0.82
0.35 0.53 -0.82
0.35 0.52 -0.83
0.35 0.53 -0.83
0.34 0.51 -0.82
0.33 0.51 -0.81
0.35 0.50 -0.81
0.35 0.50 -0.82
0.36 0.51 -0.82
0.36 0.50 -0.81
0.36 0.50 -0.81
0.36 0.49 -0.82
0.36 0.49 -0.82
0.33 0.49 -0.82
0.35 0.51 -0.81
0.35 0.51 -0.81
0.36 0.50 -0.83
0.35 0.50 -0.83
0.36 0.51 -0.83
0.36 0.52 -0.83
0.34 0.51 -0.83
0.35 0.52 -0.83
0.34 0.52 -0.83
0.34 0.51 -0.82
0.34 0.51 -0.83
0.33 0.50 -0.83
0.33 0.50 -0.83
0.32 0.50 -0.82
0.30 0.49 -0.83
0.32 0.49 -0.82
0.33 0.50 -0.82
0.33 0.49 -0.82
0.34 0.49 -0.82
0.34 0.49 -0.82
0.34 0.49 -0.82
0.33 0.47 -0.81
0.34 0.48 -0.81
0.34 0.49 -0.81
0.33 0.50 -0.81
0.33 0.50 -0.80
0.34 0.50 -0.80
0.35 0.49 -0.81
0.35 0.49 -0.82
0.35 0.49 -0.81
0.35 0.48 -0.82
0.34 0.49 -0.82
0.35 0.49 -0.82
0.34 0.49 -0.82
0.34 0.49 -0.82
0.34 0.51 -0.81
0.34 0.49 -0.82
0.35 0.48 -0.82
0.35 0.48 -0.82
0.35 0.49 -0.82
0.34 0.49 -0.82
0.33 0.49 -0.81
0.34 0.48 -0.83
0.34 0.50 -0.82
0.34 0.50 -0.82
0.36 0.50 -0.82
0.35 0.50 -0.81
0.34 0.50 -0.82
0.35 0.49 -0.82
0.33 0.49 -0.83
0.34 0.49 -0.83
0.35 0.49 -0.83
0.35 0.51 -0.84
0.32 0.51 -0.84
0.34 0.51 -0.84
0.34 0.50 -0.83
0.34 0.49 -0.83
0.33 0.48 -0.84
0.33 0.48 -0.83
0.32 0.48 -0.83
0.33 0.49 -0.84
0.33 0.49 -0.82
0.32 0.49 -0.82
0.33 0.48 -0.81
0.33 0.48 -0.81
0.33 0.48 -0.82
0.33 0.49 -0.81
0.33 0.49 -0.80
0.34 0.49 -0.81
0.33 0.49 -0.82
0.32 0.50 -0.82
0.33 0.50 -0.82
0.33 0.50 -0.81
0.32 0.50 -0.80
0.33 0.50 -0.81
0.33 0.50 -0.81
0.34 0.50 -0.80
0.33 0.48 -0.82
0.33 0.48 -0.82
0.33 0.50 -0.82
0.30 0.51 -0.82
0.32 0.49 -0.81
0.31 0.49 -0.82
0.31 0.48 -0.83
0.30 0.48 -0.83
0.29 0.47 -0.83
0.31 0.48 -0.83
0.31 0.49 -0.83
0.31 0.48 -0.82
0.31 0.50 -0.83
0.31 0.49 -0.82
0.30 0.48 -0.83
0.31 0.49 -0.82
0.32 0.48 -0.82
0.32 0.47 -0.82
0.30 0.47 -0.83
0.32 0.48 -0.82
0.32 0.48 -0.81
0.33 0.48 -0.82
0.32 0.49 -0.81
0.32 0.49 -0.83
0.32 0.49 -0.83
0.31 0.49 -0.83
0.32 0.49 -0.83
0.32 0.48 -0.82
0.33 0.50 -0.81
0.33 0.48 -0.81
0.31 0.48 -0.82
0.31 0.48 -0.81
0.30 0.50 -0.83
0.31 0.50 -0.82
0.31 0.50 -0.82
0.32 0.51 -0.82
0.33 0.50 -0.83
0.34 0.49 -0.84
0.34 0.50 -0.82
0.34 0.49 -0.83
0.33 0.48 -0.82
0.33 0.48 -0.83
0.33 0.49 -0.83
0.33 0.49 -0.83
0.33 0.50 -0.82
0.34 0.50 -0.83
0.34 0.49 -0.84
0.34 0.49 -0.83
0.35 0.49 -0.84
0.34 0.48 -0.83
0.33 0.48 -0.83
0.34 0.48 -0.83
0.34 0.48 -0.83
0.35 0.49 -0.82
0.35 0.48 -0.82
0.35 0.50 -0.83
0.34 0.50 -0.83
0.35 0.49 -0.83
0.36 0.49 -0.82
0.35 0.51 -0.83
0.35 0.50 -0.82
0.35 0.49 -0.83
0.35 0.49 -0.82
0.34 0.48 -0.81
0.35 0.48 -0.82
0.35 0.48 -0.82
0.35 0.47 -0.83
0.35 0.48 -0.83
0.35 0.48 -0.83
0.35 0.50 -0.82
0.35 0.51 -0.83
0.35 0.50 -0.82
0.33 0.50 -0.81
0.34 0.51 -0.81
0.36 0.50 -0.80
0.35 0.51 -0.81
0.35 0.52 -0.81
0.33 0.52 -0.81
0.33 0.53 -0.82
0.34 0.52 -0.82
0.34 0.52 -0.82
0.32 0.51 -0.83
0.33 0.51 -0.83
0.34 0.49 -0.83
0.35 0.49 -0.82
0.34 0.50 -0.83
0.35 0.50 -0.83
0.35 0.49 -0.83
0.35 0.50 -0.82
0.33 0.49 -0.83
0.33 0.49 -0.84
0.30 0.48 -0.83
0.31 0.48 -0.83
0.32 0.49 -0.84
0.33 0.50 -0.84
0.34 0.50 -0.83
0.33 0.51 -0.83
0.33 0.51 -0.83
0.34 0.50 -0.83
0.35 0.51 -0.84
0.36 0.51 -0.84
0.36 0.51 -0.85
0.35 0.51 -0.85
