0.60 0.66 0.81
0.61 0.66 0.82
0.62 0.65 0.81
0.62 0.65 0.81
0.61 0.66 0.81
0.61 0.66 0.82
0.61 0.66 0.82
0.62 0.64 0.82
0.61 0.64 0.81
0.62 0.66 0.82
0.61 0.66 0.82
0.62 0.65 0.82
0.63 0.64 0.82
0.63 0.65 0.81
0.62 0.64 0.81
0.63 0.65 0.81
0.61 0.65 0.81
0.62 0.65 0.82
0.64 0.65 0.81
0.64 0.66 0.81
0.63 0.68 0.82
0.62 0.69 0.81
0.62 0.69 0.81
0.65 0.69 0.78
0.65 0.70 0.78
0.64 0.70 0.77
0.62 0.70 0.78
0.60 0.70 0.79
0.60 0.70 0.79
0.61 0.71 0.79
0.61 0.71 0.78
0.59 0.71 0.79
0.58 0.72 0.80
0.59 0.72 0.80
0.59 0.72 0.80
0.61 0.73 0.79
0.60 0.73 0.79
0.62 0.73 0.79
0.62 0.72 0.78
0.61 0.72 0.79
0.59 0.72 0.79
0.60 0.73 0.79
0.61 0.72 0.78
0.62 0.73 0.78
0.63 0.72 0.77
0.62 0.72 0.78
0.63 0.70 0.79
0.62 0.70 0.80
0.62 0.71 0.79
0.62 0.71 0.81
0.60 0.73 0.81
0.61 0.71 0.80
0.62 0.71 0.80
0.61 0.71 0.81
0.60 0.73 0.81
0.58 0.72 0.82
0.59 0.72 0.82
0.58 0.72 0.82
0.59 0.71 0.81
0.58 0.71 0.81
0.58 0.71 0.81
0.59 0.69 0.80
0.60 0.70 0.81
0.60 0.70 0.80
0.62 0.70 0.80
0.62 0.70 0.80
0.60 0.71 0.81
0.59 0.72 0.81
0.60 0.72 0.82
0.61 0.71 0.81
0.61 0.72 0.81
0.60 0.72 0.81
0.59 0.73 0.82
0.59 0.73 0.82
0.60 0.73 0.82
0.61 0.71 0.80
0.60 0.71 0.80
0.61 0.72 0.81
0.61 0.73 0.82
0.60 0.72 0.81
0.61 0.73 0.80
0.62 0.72 0.80
0.62 0.73 0.80
0.62 0.74 0.80
0.63 0.72 0.80
0.62 0.73 0.80
0.63 0.73 0.80
0.61 0.72 0.80
0.62 0.73 0.80
0.60 0.72 0.80
0.59 0.73 0.80
0.59 0.73 0.81
0.58 0.72 0.82
0.56 0.71 0.83
0.57 0.73 0.82
0.58 0.72 0.82
0.61 0.73 0.80
0.62 0.73 0.80
0.61 0.73 0.81
0.60 0.74 0.81
0.59 0.73 0.81
0.60 0.71 0.80
0.60 0.66 0.44
0.61 0.66 0.14
0.61 0.68 0.31
0.60 0.69 0.45
0.57 0.70 0.56
0.56 0.71 0.63
0.56 0.70 0.68
0.57 0.70 0.73
0.59 0.69 0.75
0.58 0.69 0.78
0.59 0.70 0.79
0.58 0.71 0.80
0.60 0.72 0.80
0.59 0.72 0.81
0.60 0.72 0.81
0.60 0.71 0.82
0.59 0.72 0.82
0.60 0.70 0.83
0.59 0.71 0.83
0.60 0.71 0.82
0.60 0.71 0.81
0.60 0.71 0.81
0.62 0.71 0.81
0.59 0.72 0.81
0.58 0.71 0.82
0.56 0.71 0.83
0.58 0.71 0.83
0.60 0.71 0.83
0.59 0.71 0.83
0.57 0.69 0.82
0.59 0.68 0.81
0.61 0.68 0.80
0.62 0.70 0.79
0.63 0.70 0.79
0.63 0.70 0.80
0.63 0.70 0.80
0.61 0.70 0.81
0.63 0.70 0.81
0.61 0.71 0.81
0.61 0.71 0.81
0.62 0.71 0.80
0.62 0.71 0.81
0.62 0.70 0.81
0.64 0.70 0.82
0.64 0.69 0.80
0.64 0.68 0.80
0.64 0.69 0.80
0.63 0.70 0.80
0.61 0.70 0.81
0.59 0.71 0.82
0.60 0.72 0.82
0.61 0.72 0.81
0.62 0.72 0.81
0.62 0.71 0.82
0.62 0.71 0.82
0.61 0.72 0.82
0.62 0.72 0.81
0.59 0.72 0.81
0.57 0.72 0.82
0.58 0.72 0.83
0.61 0.73 0.82
0.59 0.73 0.82
0.60 0.72 0.82
0.61 0.72 0.82
0.61 0.71 0.82
0.61 0.71 0.81
0.61 0.71 0.81
0.59 0.72 0.82
0.60 0.72 0.81
0.61 0.73 0.81
0.60 0.72 0.81
0.60 0.72 0.80
0.61 0.73 0.80
0.61 0.72 0.81
0.60 0.73 0.81
0.61 0.72 0.80
0.61 0.72 0.81
0.61 0.73 0.82
0.61 0.74 0.81
0.61 0.72 0.79
0.61 0.72 0.79
0.62 0.72 0.78
0.62 0.72 0.79
0.61 0.72 0.79
0.62 0.71 0.79
0.61 0.71 0.80
0.62 0.70 0.78
0.62 0.70 0.79
0.62 0.69 0.80
0.64 0.70 0.78
0.64 0.69 0.79
0.64 0.69 0.79
0.65 0.70 0.78
0.65 0.70 0.80
0.65 0.69 0.80
0.64 0.70 0.81
0.64 0.70 0.81
0.63 0.70 0.81
0.63 0.69 0.81
0.62 0.68 0.81
0.61 0.68 0.82
0.62 0.69 0.81
0.62 0.71 0.82
0.61 0.71 0.81
0.59 0.71 0.81
0.60 0.72 0.82
0.62 0.72 0.81
0.60 0.70 0.82
0.60 0.70 0.83
0.62 0.71 0.83
0.62 0.70 0.82
0.63 0.70 0.82
0.63 0.71 0.82
0.64 0.71 0.82
0.64 0.70 0.82
0.64 0.70 0.82
0.64 0.71 0.82
0.64 0.71 0.81
0.64 0.71 0.80
0.63 0.69 0.81
0.64 0.70 0.80
0.64 0.71 0.80
0.64 0.70 0.79
0.64 0.71 0.80
0.63 0.71 0.81
0.63 0.71 0.80
0.63 0.71 0.80
0.62 0.63 0.45
0.59 0.66 0.55
0.58 0.67 0.62
0.58 0.68 0.68
0.61 0.67 0.70
0.61 0.68 0.72
0.61 0.69 0.73
0.61 0.70 0.75
0.61 0.69 0.76
0.60 0.71 0.77
0.59 0.72 0.77
0.59 0.70 0.78
0.58 0.69 0.78
0.59 0.69 0.78
0.60 0.71 0.79
0.60 0.68 0.78
0.59 0.69 0.78
0.61 0.68 0.79
0.61 0.67 0.78
0.60 0.68 0.78
0.61 0.69 0.79
0.62 0.69 0.78
0.62 0.68 0.79
0.61 0.71 0.79
0.60 0.73 0.80
0.59 0.72 0.79
0.60 0.69 0.80
0.60 0.71 0.80
0.59 0.72 0.80
0.60 0.70 0.80
0.61 0.69 0.80
0.61 0.69 0.80
0.60 0.69 0.80
0.59 0.70 0.80
0.60 0.69 0.80
0.61 0.68 0.80
0.62 0.68 0.79
0.63 0.68 0.78
0.59 0.70 0.80
0.60 0.68 0.81
0.59 0.69 0.81
0.60 0.68 0.82
0.61 0.66 0.81
0.61 0.67 0.82
0.59 0.69 0.81
0.58 0.68 0.81
0.59 0.70 0.82
0.60 0.70 0.82
0.60 0.69 0.81
0.60 0.69 0.82
0.61 0.67 0.80
0.61 0.68 0.81
0.59 0.68 0.81
0.61 0.67 0.82
0.60 0.68 0.82
0.58 0.69 0.82
0.60 0.68 0.83
0.61 0.68 0.82
0.61 0.67 0.82
0.62 0.67 0.82
0.59 0.67 0.82
0.60 0.65 0.82
0.60 0.66 0.81
0.61 0.66 0.82
0.60 0.66 0.81
0.59 0.66 0.81
0.60 0.66 0.81
0.58 0.67 0.81
0.60 0.68 0.82
0.62 0.68 0.81
0.62 0.65 0.80
0.60 0.66 0.82
0.61 0.65 0.82
0.61 0.65 0.81
0.61 0.67 0.80
0.62 0.66 0.80
0.63 0.66 0.81
0.64 0.66 0.81
0.65 0.66 0.81
0.63 0.65 0.81
0.64 0.65 0.80
0.63 0.65 0.81
0.62 0.66 0.80
0.63 0.65 0.81
0.64 0.66 0.82
0.63 0.66 0.82
0.61 0.68 0.82
0.61 0.66 0.82
0.60 0.67 0.82
0.61 0.66 0.81
0.61 0.66 0.81
0.60 0.68 0.82
0.61 0.67 0.81
0.62 0.67 0.81
0.62 0.68 0.80
0.63 0.66 0.80
0.62 0.66 0.81
0.62 0.66 0.81
0.62 0.65 0.81
0.61 0.65 0.81
0.62 0.67 0.80
0.60 0.68 0.80
0.61 0.67 0.81
0.59 0.67 0.81
0.62 0.66 0.81
0.62 0.68 0.82
0.63 0.68 0.82
0.60 0.69 0.84
0.58 0.72 0.83
0.58 0.70 0.83
0.58 0.68 0.82
0.60 0.67 0.81
0.61 0.68 0.82
0.61 0.69 0.81
0.63 0.69 0.81
0.63 0.70 0.81
0.63 0.69 0.80
0.65 0.70 0.79
0.62 0.71 0.79
0.61 0.71 0.80
0.61 0.72 0.80
0.62 0.73 0.80
0.63 0.71 0.80
0.63 0.70 0.80
0.64 0.69 0.81
0.63 0.69 0.81
0.62 0.71 0.81
0.61 0.72 0.81
0.62 0.71 0.81
0.63 0.72 0.79
0.62 0.73 0.80
0.63 0.73 0.79
0.63 0.72 0.78
0.64 0.72 0.78
0.64 0.70 0.79
0.65 0.68 0.77
0.65 0.67 0.77
0.64 0.67 0.78
0.63 0.67 0.79
0.60 0.66 0.80
0.62 0.68 0.80
0.62 0.70 0.80
0.62 0.69 0.80
0.64 0.68 0.80
0.63 0.69 0.80
0.63 0.70 0.80
0.63 0.69 0.80
0.63 0.69 0.80
0.63 0.70 0.78
0.64 0.68 0.78
0.63 0.67 0.78
0.63 0.68 0.78
0.63 0.65 0.78
0.64 0.66 0.78
0.65 0.66 0.79
0.64 0.67 0.79
0.64 0.67 0.79
0.64 0.68 0.79
0.64 0.67 0.80
0.62 0.68 0.81
0.62 0.69 0.81
0.63 0.70 0.81
0.62 0.70 0.80
0.61 0.69 0.81
0.60 0.69 0.81
0.61 0.69 0.82
0.61 0.69 0.81
0.62 0.70 0.80
0.63 0.69 0.80
0.63 0.70 0.81
0.63 0.70 0.80
0.64 0.70 0.81
0.64 0.72 0.80
0.64 0.71 0.79
0.65 0.72 0.79
0.65 0.72 0.79
0.63 0.73 0.81
0.61 0.72 0.81
0.63 0.70 0.81
0.63 0.68 0.80
0.64 0.64 0.38
0.63 0.66 0.49
0.63 0.67 0.57
0.61 0.68 0.64
0.61 0.68 0.68
0.62 0.67 0.70
0.63 0.66 0.71
0.63 0.67 0.73
0.64 0.67 0.74
0.65 0.67 0.74
0.64 0.67 0.77
0.64 0.69 0.78
0.64 0.69 0.79
0.63 0.68 0.80
0.62 0.68 0.81
0.62 0.67 0.80
0.63 0.69 0.81
0.62 0.69 0.81
0.60 0.69 0.83
0.58 0.71 0.84
0.60 0.71 0.84
0.58 0.71 0.85
0.61 0.71 0.83
0.60 0.71 0.82
0.61 0.71 0.82
0.62 0.71 0.82
0.63 0.68 0.81
0.60 0.69 0.81
0.61 0.67 0.81
0.60 0.68 0.81
0.61 0.67 0.81
0.62 0.67 0.81
0.60 0.68 0.81
0.60 0.68 0.82
0.60 0.69 0.81
0.61 0.68 0.81
0.62 0.69 0.81
0.63 0.70 0.80
0.63 0.68 0.80
0.62 0.69 0.81
0.64 0.68 0.80
0.65 0.68 0.79
0.65 0.67 0.80
0.65 0.66 0.79
0.65 0.66 0.79
0.65 0.68 0.79
0.63 0.69 0.80
0.63 0.67 0.81
0.64 0.67 0.81
0.65 0.67 0.80
0.65 0.66 0.81
0.65 0.66 0.82
0.65 0.66 0.81
0.65 0.67 0.81
0.64 0.66 0.81
0.65 0.67 0.81
0.64 0.66 0.81
0.64 0.67 0.79
0.64 0.70 0.80
0.65 0.69 0.79
0.65 0.68 0.79
0.65 0.67 0.79
0.65 0.67 0.78
0.66 0.69 0.78
0.64 0.69 0.79
0.63 0.68 0.81
0.64 0.69 0.80
0.66 0.68 0.80
0.65 0.68 0.80
0.63 0.69 0.80
0.62 0.69 0.81
0.59 0.68 0.83
0.61 0.68 0.82
0.62 0.69 0.80
0.63 0.69 0.79
0.63 0.68 0.80
0.64 0.70 0.80
0.64 0.69 0.80
0.64 0.66 0.80
0.63 0.66 0.80
0.64 0.67 0.80
0.64 0.67 0.79
0.62 0.68 0.80
0.62 0.70 0.81
0.63 0.71 0.80
0.62 0.71 0.79
0.64 0.69 0.77
0.64 0.69 0.78
0.63 0.69 0.76
0.64 0.70 0.76
0.64 0.70 0.77
0.65 0.68 0.75
0.64 0.67 0.76
0.65 0.67 0.78
0.64 0.67 0.78
0.64 0.67 0.79
0.64 0.68 0.78
0.64 0.69 0.80
0.64 0.67 0.79
0.60 0.69 0.82
0.61 0.68 0.82
0.62 0.69 0.82
0.62 0.70 0.82
0.61 0.72 0.81
0.59 0.73 0.81
0.60 0.73 0.81
0.60 0.73 0.82
0.61 0.71 0.81
0.62 0.69 0.80
0.62 0.69 0.79
0.63 0.71 0.79
0.64 0.69 0.79
0.64 0.70 0.79
0.64 0.71 0.78
0.64 0.71 0.79
0.63 0.71 0.77
0.63 0.69 0.77
0.64 0.68 0.77
0.64 0.67 0.78
0.64 0.68 0.79
0.66 0.65 0.77
0.66 0.66 0.77
0.66 0.67 0.76
0.67 0.67 0.76
0.67 0.67 0.76
0.66 0.66 0.76
0.66 0.65 0.77
0.66 0.65 0.77
0.65 0.66 0.78
0.65 0.65 0.77
0.65 0.67 0.77
0.63 0.69 0.79
0.63 0.67 0.77
0.63 0.68 0.78
0.63 0.66 0.77
0.64 0.68 0.77
0.62 0.70 0.78
0.61 0.68 0.78
0.62 0.68 0.78
0.62 0.68 0.78
0.62 0.68 0.78
0.63 0.67 0.79
0.63 0.67 0.79
0.63 0.68 0.79
0.64 0.69 0.80
0.63 0.70 0.80
0.63 0.71 0.79
0.64 0.70 0.77
0.64 0.68 0.77
0.64 0.68 0.75
0.64 0.67 0.76
0.62 0.69 0.77
0.63 0.68 0.76
0.63 0.67 0.76
0.61 0.67 0.77
0.61 0.67 0.78
0.62 0.67 0.78
0.64 0.69 0.77
0.64 0.68 0.77
0.65 0.69 0.76
0.64 0.69 0.77
0.64 0.70 0.79
0.63 0.69 0.79
0.64 0.70 0.79
0.63 0.70 0.78
0.65 0.70 0.77
0.65 0.70 0.75
0.64 0.69 0.76
0.63 0.69 0.77
0.62 0.69 0.78
0.62 0.69 0.79
0.63 0.65 0.39
0.62 0.66 0.48
0.62 0.66 0.56
0.63 0.64 0.59
0.61 0.65 0.65
0.62 0.65 0.69
0.62 0.65 0.72
0.62 0.65 0.73
0.64 0.65 0.73
0.64 0.66 0.73
0.65 0.66 0.75
0.65 0.67 0.76
0.66 0.68 0.76
0.66 0.67 0.77
0.66 0.67 0.77
0.67 0.67 0.76
0.66 0.68 0.78
0.67 0.69 0.78
0.66 0.69 0.78
0.66 0.69 0.79
0.65 0.70 0.79
0.65 0.69 0.79
0.65 0.68 0.79
0.65 0.70 0.79
0.65 0.68 0.78
0.65 0.67 0.77
0.65 0.68 0.77
0.65 0.69 0.79
0.65 0.69 0.77
0.66 0.70 0.78
0.65 0.69 0.78
0.63 0.69 0.79
0.64 0.68 0.78
0.64 0.66 0.77
0.65 0.66 0.76
0.65 0.67 0.77
0.62 0.68 0.78
0.62 0.68 0.78
0.62 0.67 0.78
0.62 0.67 0.79
0.64 0.67 0.77
0.65 0.66 0.77
0.65 0.65 0.77
0.64 0.65 0.78
0.63 0.66 0.79
0.62 0.66 0.79
0.61 0.67 0.78
0.61 0.67 0.78
0.62 0.68 0.79
0.60 0.70 0.81
0.61 0.69 0.80
0.62 0.69 0.80
0.61 0.70 0.81
0.60 0.69 0.81
0.61 0.69 0.81
0.62 0.69 0.80
0.61 0.69 0.81
0.62 0.69 0.82
0.59 0.70 0.82
0.58 0.70 0.82
0.59 0.70 0.81
0.60 0.70 0.81
0.60 0.69 0.82
0.59 0.70 0.83
0.59 0.70 0.83
0.58 0.70 0.83
0.59 0.70 0.83
0.58 0.70 0.82
0.60 0.69 0.81
0.57 0.69 0.82
0.59 0.68 0.82
0.58 0.69 0.83
0.58 0.70 0.83
0.59 0.70 0.83
0.61 0.70 0.83
0.60 0.68 0.83
0.59 0.69 0.84
0.57 0.69 0.83
0.59 0.68 0.83
0.58 0.69 0.83
0.58 0.70 0.84
0.59 0.70 0.84
0.59 0.70 0.84
0.59 0.72 0.83
0.60 0.71 0.84
0.58 0.71 0.85
0.59 0.71 0.85
0.60 0.71 0.85
0.59 0.71 0.85
0.60 0.70 0.85
0.59 0.69 0.85
0.59 0.70 0.85
0.60 0.70 0.85
0.61 0.69 0.85
0.63 0.70 0.84
0.64 0.70 0.83
0.62 0.71 0.83
0.63 0.70 0.83
0.63 0.69 0.83
0.64 0.70 0.82
0.65 0.70 0.82
0.65 0.70 0.82
0.66 0.69 0.83
0.64 0.70 0.83
0.63 0.69 0.84
0.63 0.70 0.83
0.63 0.70 0.82
0.64 0.70 0.82
0.63 0.70 0.82
0.63 0.70 0.82
0.64 0.69 0.83
0.64 0.70 0.84
0.62 0.70 0.84
0.62 0.71 0.83
0.59 0.71 0.84
0.58 0.71 0.85
0.57 0.71 0.84
0.59 0.72 0.84
0.60 0.70 0.84
0.60 0.70 0.82
0.62 0.70 0.79
0.63 0.70 0.78
0.64 0.71 0.78
0.64 0.70 0.78
0.65 0.71 0.79
0.64 0.70 0.79
0.63 0.71 0.79
0.62 0.69 0.80
0.62 0.68 0.79
0.63 0.69 0.79
0.65 0.70 0.77
0.65 0.70 0.77
0.65 0.70 0.76
0.65 0.70 0.76
0.65 0.69 0.76
0.65 0.70 0.74
0.65 0.69 0.74
0.67 0.68 0.74
0.67 0.68 0.74
0.64 0.69 0.75
0.63 0.69 0.77
0.62 0.69 0.79
0.60 0.70 0.80
0.62 0.69 0.78
0.64 0.69 0.77
0.65 0.69 0.76
0.64 0.69 0.76
0.65 0.69 0.77
0.65 0.69 0.77
0.65 0.69 0.78
0.62 0.68 0.79
0.63 0.70 0.79
0.64 0.68 0.79
0.65 0.68 0.78
0.65 0.69 0.78
0.66 0.70 0.79
0.66 0.72 0.80
0.66 0.71 0.79
0.64 0.72 0.80
0.64 0.71 0.79
0.65 0.71 0.79
0.65 0.71 0.78
0.65 0.69 0.78
0.66 0.70 0.77
0.65 0.66 0.39
0.65 0.68 0.48
0.65 0.65 0.54
0.66 0.65 0.60
0.67 0.64 0.63
0.67 0.65 0.66
0.65 0.66 0.70
0.65 0.66 0.72
0.64 0.69 0.74
0.63 0.69 0.76
0.63 0.69 0.76
0.65 0.70 0.76
0.65 0.70 0.77
0.65 0.70 0.77
0.64 0.67 0.76
0.64 0.69 0.77
0.64 0.69 0.78
0.63 0.68 0.78
0.63 0.67 0.78
0.64 0.67 0.78
0.63 0.66 0.79
0.62 0.69 0.79
0.63 0.70 0.78
0.64 0.69 0.78
0.64 0.69 0.78
0.62 0.69 0.79
0.61 0.70 0.80
0.62 0.69 0.79
0.62 0.71 0.79
0.61 0.71 0.81
0.63 0.71 0.80
0.63 0.71 0.80
0.62 0.73 0.80
0.64 0.72 0.80
0.64 0.72 0.79
0.64 0.73 0.79
0.65 0.71 0.79
0.66 0.69 0.79
0.66 0.72 0.77
0.66 0.72 0.76
0.59 0.68 0.80
0.61 0.70 0.78
0.60 0.69 0.79
0.62 0.69 0.77
0.62 0.71 0.77
0.64 0.71 0.77
0.63 0.71 0.78
0.64 0.69 0.78
0.65 0.69 0.77
0.66 0.69 0.77
0.67 0.69 0.77
0.65 0.70 0.79
0.64 0.71 0.80
0.64 0.70 0.78
0.64 0.69 0.78
0.64 0.68 0.78
0.65 0.67 0.76
0.65 0.67 0.75
0.65 0.65 0.75
0.65 0.65 0.74
0.67 0.64 0.75
0.66 0.64 0.75
0.67 0.64 0.76
0.67 0.64 0.76
0.67 0.65 0.76
0.67 0.65 0.76
0.66 0.64 0.76
0.65 0.65 0.75
0.65 0.66 0.75
0.64 0.63 0.77
0.63 0.62 0.77
0.64 0.62 0.77
0.65 0.62 0.77
0.63 0.64 0.78
0.64 0.65 0.79
0.62 0.67 0.80
0.63 0.68 0.80
0.63 0.67 0.79
0.63 0.67 0.80
0.64 0.68 0.81
0.65 0.67 0.79
0.65 0.68 0.78
0.66 0.68 0.79
0.66 0.68 0.78
0.66 0.66 0.78
0.66 0.67 0.79
0.66 0.66 0.79
0.66 0.67 0.79
0.65 0.66 0.78
0.65 0.68 0.78
0.66 0.69 0.78
0.66 0.70 0.79
0.67 0.69 0.79
0.67 0.69 0.78
0.67 0.67 0.77
0.67 0.66 0.77
0.67 0.67 0.79
0.66 0.67 0.78
0.66 0.66 0.78
0.65 0.66 0.80
0.65 0.67 0.80
0.65 0.68 0.80
0.65 0.69 0.79
0.65 0.69 0.79
0.66 0.68 0.78
0.66 0.66 0.78
0.66 0.67 0.77
0.65 0.66 0.78
0.66 0.65 0.76
0.66 0.65 0.76
0.66 0.65 0.75
0.66 0.65 0.75
0.66 0.64 0.75
0.65 0.64 0.76
0.66 0.63 0.74
0.66 0.64 0.75
0.67 0.65 0.74
0.66 0.65 0.75
0.67 0.66 0.75
0.67 0.66 0.76
0.67 0.67 0.75
0.67 0.67 0.76
0.67 0.67 0.77
0.67 0.68 0.77
0.66 0.69 0.77
0.66 0.69 0.77
0.65 0.68 0.77
0.66 0.67 0.78
0.67 0.67 0.77
0.67 0.67 0.76
0.67 0.66 0.77
0.66 0.67 0.78
0.66 0.66 0.78
0.66 0.68 0.77
0.66 0.68 0.76
0.66 0.67 0.77
0.66 0.66 0.77
0.66 0.66 0.76
0.65 0.69 0.76
0.66 0.69 0.75
0.66 0.67 0.73
0.66 0.66 0.73
0.66 0.67 0.74
0.66 0.68 0.74
0.65 0.67 0.75
0.67 0.68 0.75
0.67 0.68 0.75
0.68 0.68 0.38
0.67 0.70 0.47
0.67 0.68 0.54
0.67 0.67 0.59
0.67 0.69 0.64
0.67 0.68 0.68
0.66 0.70 0.71
0.64 0.69 0.74
0.63 0.68 0.75
0.64 0.69 0.74
0.64 0.69 0.76
0.62 0.70 0.77
0.62 0.69 0.78
0.61 0.69 0.80
0.62 0.69 0.80
0.63 0.68 0.81
0.62 0.67 0.81
0.63 0.69 0.81
0.64 0.69 0.81
0.65 0.66 0.78
0.66 0.66 0.77
0.66 0.67 0.77
0.66 0.68 0.76
0.66 0.66 0.75
0.66 0.65 0.76
0.67 0.65 0.75
0.68 0.67 0.76
0.68 0.67 0.76
0.67 0.68 0.75
0.67 0.66 0.75
0.67 0.64 0.73
0.67 0.65 0.74
0.66 0.65 0.73
0.65 0.66 0.74
0.64 0.64 0.35
0.64 0.65 0.45
0.65 0.67 0.54
0.65 0.65 0.60
0.65 0.64 0.65
0.65 0.64 0.67
0.65 0.65 0.72
0.63 0.66 0.74
0.64 0.67 0.76
0.63 0.67 0.78
0.63 0.64 0.79
0.63 0.66 0.78
0.63 0.65 0.79
0.63 0.67 0.78
0.63 0.66 0.78
0.61 0.67 0.79
0.62 0.66 0.79
0.63 0.67 0.79
0.64 0.69 0.79
0.65 0.69 0.77
0.65 0.70 0.78
0.65 0.69 0.79
0.66 0.70 0.79
0.66 0.70 0.78
0.66 0.69 0.77
0.66 0.69 0.77
0.66 0.68 0.77
0.66 0.69 0.77
0.65 0.68 0.78
0.66 0.68 0.78
0.66 0.66 0.77
0.66 0.67 0.77
0.67 0.68 0.77
0.67 0.68 0.78
0.68 0.69 0.78
0.67 0.68 0.77
0.67 0.68 0.77
0.65 0.68 0.77
0.66 0.69 0.77
0.67 0.67 0.76
0.66 0.66 0.76
0.67 0.66 0.77
0.66 0.65 0.76
0.66 0.66 0.76
0.65 0.66 0.75
0.65 0.65 0.75
0.65 0.65 0.75
0.65 0.64 0.74
0.63 0.66 0.76
0.63 0.66 0.77
0.63 0.68 0.77
0.64 0.68 0.77
0.62 0.70 0.77
0.63 0.70 0.77
0.64 0.70 0.77
0.65 0.70 0.77
0.65 0.70 0.76
0.65 0.69 0.76
0.65 0.68 0.75
0.65 0.68 0.76
0.65 0.69 0.75
0.64 0.70 0.75
0.63 0.69 0.76
0.64 0.70 0.76
0.65 0.70 0.76
0.64 0.70 0.76
0.64 0.69 0.76
0.63 0.70 0.76
0.62 0.71 0.77
0.60 0.72 0.78
0.59 0.72 0.78
0.61 0.70 0.78
0.62 0.70 0.79
0.60 0.70 0.80
0.60 0.70 0.80
0.62 0.71 0.80
0.62 0.72 0.80
0.62 0.70 0.80
0.62 0.69 0.78
0.63 0.69 0.77
0.63 0.66 0.76
0.64 0.68 0.77
0.65 0.68 0.78
0.64 0.69 0.78
0.65 0.68 0.78
0.66 0.71 0.77
0.66 0.71 0.78
0.67 0.72 0.79
0.68 0.71 0.79
0.69 0.72 0.77
0.68 0.72 0.76
0.67 0.72 0.77
0.68 0.72 0.78
0.67 0.72 0.78
0.68 0.70 0.77
0.67 0.70 0.76
0.66 0.69 0.77
0.66 0.69 0.77
0.67 0.70 0.77
0.67 0.68 0.77
0.66 0.70 0.77
0.66 0.71 0.77
0.65 0.71 0.78
0.65 0.70 0.78
0.65 0.71 0.77
0.65 0.69 0.79
0.65 0.71 0.78
0.65 0.68 0.78
0.65 0.68 0.78
0.66 0.69 0.79
0.67 0.68 0.78
0.67 0.69 0.78
0.66 0.68 0.77
0.66 0.68 0.78
0.65 0.67 0.77
0.65 0.67 0.78
0.65 0.67 0.78
0.65 0.67 0.76
0.65 0.67 0.77
0.65 0.69 0.77
0.65 0.69 0.76
0.65 0.68 0.77
0.64 0.67 0.78
0.66 0.66 0.76
0.67 0.66 0.76
0.65 0.66 0.76
0.66 0.66 0.76
0.66 0.67 0.77
0.65 0.69 0.77
0.66 0.69 0.77
0.66 0.70 0.76
0.66 0.69 0.78
0.67 0.69 0.76
0.67 0.69 0.76
0.67 0.68 0.76
0.67 0.68 0.76
0.67 0.69 0.76
0.66 0.68 0.76
0.66 0.68 0.76
0.65 0.67 0.76
0.65 0.67 0.75
0.66 0.66 0.74
0.63 0.67 0.75
0.64 0.68 0.76
0.65 0.69 0.77
0.66 0.70 0.78
0.65 0.69 0.78
0.65 0.71 0.79
0.66 0.71 0.79
0.66 0.70 0.78
0.66 0.71 0.78
0.65 0.70 0.78
0.66 0.69 0.79
0.64 0.70 0.79
0.64 0.69 0.79
0.64 0.69 0.77
0.65 0.69 0.77
0.66 0.68 0.77
0.66 0.67 0.76
0.66 0.69 0.76
0.67 0.69 0.78
0.67 0.70 0.78
0.67 0.71 0.78
0.67 0.71 0.79
0.67 0.70 0.79
0.65 0.71 0.80
0.65 0.71 0.80
0.65 0.71 0.80
0.65 0.69 0.78
0.65 0.71 0.78
0.65 0.71 0.77
0.66 0.71 0.77
0.66 0.72 0.77
0.66 0.70 0.77
0.64 0.69 0.77
0.64 0.68 0.78
0.63 0.68 0.78
0.64 0.69 0.78
0.64 0.69 0.77
0.64 0.68 0.78
0.63 0.67 0.78
0.64 0.68 0.78
0.65 0.68 0.78
0.65 0.67 0.77
0.65 0.69 0.76
0.65 0.69 0.78
0.65 0.68 0.77
0.65 0.69 0.77
0.64 0.69 0.78
0.63 0.69 0.78
0.64 0.69 0.78
0.61 0.69 0.79
0.60 0.69 0.80
0.61 0.69 0.80
0.61 0.68 0.80
0.61 0.70 0.81
0.61 0.70 0.81
0.60 0.70 0.81
0.61 0.70 0.80
0.64 0.70 0.78
0.63 0.71 0.78
0.61 0.71 0.79
0.62 0.69 0.78
0.62 0.69 0.78
0.63 0.70 0.78
0.64 0.69 0.77
0.64 0.70 0.77
0.64 0.69 0.78
0.62 0.70 0.78
0.62 0.70 0.78
0.63 0.69 0.79
0.61 0.69 0.80
0.61 0.70 0.79
0.63 0.70 0.79
0.63 0.70 0.79
0.63 0.70 0.80
0.64 0.68 0.79
0.65 0.70 0.78
0.65 0.70 0.78
0.64 0.70 0.79
0.64 0.69 0.80
0.63 0.70 0.80
0.63 0.70 0.79
0.63 0.71 0.79
0.62 0.72 0.80
0.62 0.69 0.80
0.62 0.69 0.82
0.62 0.69 0.81
0.63 0.70 0.81
0.64 0.71 0.80
0.63 0.70 0.81
0.64 0.70 0.80
0.62 0.69 0.79
0.62 0.70 0.79
0.61 0.70 0.80
0.63 0.71 0.79
0.63 0.68 0.77
0.63 0.68 0.77
0.64 0.69 0.78
0.64 0.68 0.78
0.64 0.69 0.78
0.62 0.70 0.79
0.63 0.70 0.79
0.65 0.69 0.78
0.64 0.68 0.78
0.64 0.68 0.77
0.64 0.70 0.78
0.64 0.69 0.78
0.64 0.68 0.79
0.64 0.68 0.79
0.64 0.67 0.78
0.64 0.66 0.78
0.64 0.68 0.79
0.66 0.68 0.78
0.67 0.68 0.77
0.66 0.67 0.79
0.65 0.69 0.80
0.66 0.69 0.78
0.67 0.69 0.78
0.66 0.68 0.78
0.66 0.69 0.79
0.66 0.69 0.78
0.64 0.70 0.78
0.64 0.71 0.79
0.65 0.72 0.80
0.64 0.70 0.80
0.64 0.70 0.80
0.64 0.70 0.79
0.65 0.68 0.78
0.64 0.69 0.78
0.65 0.67 0.78
0.65 0.69 0.79
0.66 0.71 0.78
0.66 0.71 0.77
0.64 0.70 0.79
0.65 0.69 0.77
0.66 0.68 0.76
0.67 0.69 0.76
0.67 0.70 0.77
0.67 0.68 0.77
0.66 0.68 0.78
0.66 0.67 0.77
0.66 0.67 0.78
0.66 0.68 0.77
0.65 0.68 0.78
0.64 0.69 0.79
0.64 0.69 0.79
0.64 0.67 0.78
0.64 0.67 0.78
0.64 0.69 0.78
0.65 0.70 0.78
0.64 0.69 0.77
0.65 0.70 0.76
0.66 0.70 0.75
0.66 0.70 0.75
0.66 0.69 0.75
0.66 0.67 0.77
0.66 0.66 0.77
0.65 0.67 0.77
0.64 0.67 0.78
0.61 0.66 0.79
0.62 0.66 0.77
0.62 0.68 0.78
0.63 0.68 0.78
0.64 0.69 0.77
0.63 0.69 0.78
0.63 0.69 0.78
0.64 0.71 0.79
0.65 0.72 0.77
0.64 0.70 0.78
0.64 0.69 0.78
0.64 0.67 0.78
0.65 0.68 0.78
0.65 0.69 0.78
0.64 0.66 0.77
0.65 0.67 0.78
0.65 0.65 0.77
0.64 0.66 0.77
0.64 0.66 0.77
0.63 0.65 0.79
0.64 0.64 0.77
0.64 0.67 0.76
0.64 0.68 0.76
