0.80 0.62 0.80
0.82 0.62 0.81
0.82 0.62 0.79
0.83 0.62 0.78
0.81 0.64 0.80
0.82 0.62 0.79
0.82 0.62 0.79
0.81 0.62 0.80
0.82 0.62 0.79
0.80 0.65 0.81
0.80 0.66 0.80
0.80 0.65 0.80
0.82 0.65 0.80
0.81 0.64 0.81
0.81 0.63 0.81
0.81 0.63 0.82
0.80 0.62 0.82
0.80 0.62 0.81
0.82 0.62 0.80
0.81 0.65 0.81
0.82 0.64 0.80
0.82 0.65 0.80
0.80 0.66 0.80
0.81 0.65 0.80
0.79 0.65 0.80
0.81 0.65 0.80
0.80 0.63 0.80
0.80 0.64 0.80
0.79 0.64 0.82
0.80 0.63 0.81
0.80 0.64 0.82
0.80 0.64 0.81
0.80 0.62 0.80
0.80 0.63 0.82
0.79 0.62 0.81
0.78 0.64 0.81
0.76 0.63 0.81
0.77 0.65 0.82
0.79 0.64 0.81
0.79 0.64 0.81
0.78 0.64 0.81
0.79 0.64 0.81
0.78 0.63 0.81
0.79 0.62 0.81
0.78 0.61 0.81
0.77 0.62 0.81
0.77 0.63 0.81
0.77 0.62 0.81
0.80 0.60 0.77
0.81 0.62 0.77
0.80 0.62 0.77
0.78 0.62 0.78
0.78 0.62 0.79
0.78 0.63 0.79
0.78 0.63 0.78
0.80 0.63 0.79
0.80 0.62 0.78
0.79 0.63 0.78
0.79 0.63 0.79
0.78 0.62 0.79
0.80 0.61 0.78
0.80 0.62 0.79
0.79 0.62 0.79
0.78 0.63 0.79
0.78 0.64 0.81
0.78 0.64 0.80
0.78 0.63 0.79
0.80 0.62 0.78
0.78 0.64 0.80
0.77 0.64 0.80
0.77 0.62 0.81
0.77 0.62 0.78
0.77 0.64 0.79
0.78 0.63 0.78
0.78 0.64 0.79
0.78 0.64 0.79
0.78 0.64 0.79
0.78 0.64 0.80
0.80 0.62 0.77
0.82 0.62 0.78
0.82 0.62 0.78
0.81 0.63 0.79
0.81 0.63 0.79
0.81 0.62 0.79
0.80 0.62 0.79
0.80 0.64 0.80
0.80 0.65 0.80
0.80 0.64 0.79
0.80 0.63 0.79
0.79 0.63 0.79
0.79 0.63 0.79
0.79 0.64 0.79
0.81 0.63 0.78
0.79 0.66 0.78
0.79 0.66 0.79
0.78 0.65 0.80
0.78 0.67 0.81
0.78 0.65 0.80
0.79 0.65 0.80
0.78 0.66 0.81
0.78 0.65 0.82
0.79 0.64 0.82
0.79 0.63 0.80
0.81 0.63 0.80
0.82 0.62 0.79
0.82 0.63 0.79
0.80 0.63 0.80
0.79 0.62 0.81
0.78 0.61 0.79
0.79 0.64 0.81
0.80 0.63 0.80
0.79 0.64 0.81
0.79 0.66 0.81
0.79 0.66 0.81
0.79 0.66 0.81
0.78 0.66 0.80
0.78 0.66 0.80
0.79 0.66 0.81
0.79 0.66 0.80
0.81 0.63 0.77
0.81 0.64 0.78
0.79 0.63 0.79
0.81 0.61 0.78
0.82 0.61 0.77
0.81 0.62 0.79
0.81 0.62 0.79
0.82 0.65 0.80
0.81 0.64 0.80
0.83 0.64 0.79
0.84 0.63 0.78
0.82 0.62 0.78
0.83 0.63 0.78
0.82 0.64 0.80
0.81 0.63 0.81
0.79 0.63 0.80
0.81 0.64 0.79
0.82 0.62 0.78
0.83 0.62 0.77
0.81 0.64 0.79
0.80 0.65 0.79
0.79 0.67 0.78
0.80 0.67 0.78
0.81 0.66 0.78
0.82 0.66 0.78
0.81 0.67 0.78
0.80 0.67 0.79
0.79 0.66 0.78
0.79 0.65 0.78
0.78 0.65 0.79
0.80 0.65 0.77
0.79 0.64 0.78
0.78 0.65 0.80
0.77 0.66 0.79
0.77 0.67 0.80
0.77 0.67 0.80
0.79 0.66 0.80
0.79 0.64 0.79
0.79 0.65 0.80
0.80 0.64 0.80
0.82 0.63 0.79
0.80 0.65 0.81
0.80 0.65 0.80
0.79 0.64 0.79
0.79 0.65 0.79
0.79 0.64 0.79
0.79 0.66 0.79
0.79 0.65 0.80
0.78 0.66 0.81
0.79 0.64 0.81
0.78 0.64 0.81
0.78 0.64 0.81
0.78 0.64 0.82
0.78 0.63 0.82
0.77 0.64 0.81
0.79 0.62 0.82
0.79 0.63 0.80
0.78 0.64 0.80
0.81 0.64 0.79
0.80 0.66 0.80
0.79 0.65 0.80
0.79 0.64 0.80
0.78 0.63 0.81
0.78 0.63 0.81
0.78 0.63 0.81
0.77 0.62 0.82
0.76 0.65 0.83
0.77 0.65 0.83
0.78 0.64 0.82
0.78 0.65 0.82
0.78 0.66 0.81
0.78 0.64 0.81
0.78 0.64 0.81
0.78 0.63 0.80
0.78 0.63 0.80
0.80 0.63 0.79
0.81 0.62 0.78
0.82 0.61 0.77
0.82 0.62 0.77
0.83 0.63 0.77
0.83 0.65 0.78
0.83 0.64 0.78
0.84 0.64 0.77
0.83 0.65 0.78
0.83 0.65 0.78
0.83 0.65 0.78
0.82 0.65 0.79
0.81 0.64 0.78
0.81 0.64 0.78
0.82 0.63 0.76
0.81 0.62 0.76
0.81 0.63 0.77
0.82 0.61 0.77
0.83 0.63 0.77
0.83 0.63 0.78
0.84 0.61 0.76
0.82 0.61 0.76
0.81 0.61 0.78
0.80 0.61 0.79
0.80 0.62 0.79
0.80 0.62 0.79
0.81 0.62 0.79
0.80 0.63 0.78
0.81 0.62 0.79
0.81 0.63 0.80
0.80 0.63 0.79
0.80 0.64 0.80
0.80 0.65 0.80
0.79 0.65 0.82
0.79 0.65 0.81
0.78 0.64 0.82
0.78 0.67 0.83
0.77 0.66 0.83
0.77 0.64 0.82
0.77 0.64 0.81
0.77 0.64 0.81
0.78 0.65 0.82
0.78 0.64 0.83
0.79 0.63 0.81
0.79 0.64 0.81
0.79 0.63 0.81
0.79 0.64 0.81
0.79 0.65 0.81
0.79 0.64 0.82
0.79 0.63 0.80
0.77 0.63 0.81
0.77 0.63 0.81
0.77 0.62 0.81
0.79 0.62 0.80
0.80 0.63 0.80
0.79 0.64 0.81
0.80 0.64 0.81
0.79 0.62 0.81
0.81 0.63 0.80
0.81 0.63 0.80
0.80 0.62 0.80
0.80 0.60 0.79
0.80 0.63 0.80
0.79 0.65 0.80
0.79 0.64 0.80
0.77 0.65 0.81
0.80 0.64 0.77
0.80 0.64 0.79
0.79 0.64 0.79
0.81 0.64 0.77
0.82 0.64 0.77
0.81 0.64 0.78
0.81 0.64 0.78
0.82 0.62 0.78
0.83 0.57 0.39
0.82 0.59 0.49
0.80 0.60 0.58
0.82 0.61 0.64
0.81 0.62 0.67
0.80 0.63 0.70
0.79 0.63 0.73
0.79 0.63 0.74
0.79 0.63 0.76
0.80 0.63 0.76
0.82 0.63 0.77
0.81 0.63 0.79
0.81 0.61 0.78
0.79 0.63 0.80
0.81 0.63 0.80
0.80 0.63 0.81
0.82 0.63 0.79
0.80 0.62 0.80
0.81 0.61 0.80
0.82 0.61 0.80
0.81 0.65 0.80
0.80 0.64 0.80
0.81 0.62 0.79
0.80 0.62 0.80
0.80 0.62 0.81
0.80 0.63 0.82
0.80 0.64 0.82
0.82 0.63 0.80
0.81 0.64 0.80
0.80 0.64 0.80
0.80 0.63 0.79
0.81 0.63 0.80
0.80 0.62 0.80
0.80 0.62 0.78
0.82 0.63 0.78
0.80 0.63 0.79
0.83 0.61 0.75
0.82 0.61 0.76
0.81 0.62 0.79
0.81 0.64 0.80
0.82 0.63 0.79
0.83 0.63 0.79
0.82 0.66 0.80
0.81 0.66 0.81
0.81 0.64 0.81
0.82 0.63 0.80
0.82 0.64 0.80
0.83 0.64 0.79
0.82 0.64 0.79
0.80 0.63 0.80
0.81 0.63 0.79
0.81 0.62 0.78
0.81 0.63 0.79
0.79 0.63 0.81
0.81 0.62 0.82
0.82 0.63 0.81
0.81 0.63 0.81
0.81 0.64 0.81
0.83 0.63 0.80
0.81 0.65 0.81
0.80 0.66 0.81
0.80 0.66 0.82
0.80 0.68 0.83
0.80 0.68 0.81
0.80 0.68 0.80
0.79 0.67 0.81
0.80 0.66 0.81
0.80 0.64 0.80
0.81 0.62 0.79
0.82 0.64 0.80
0.81 0.64 0.81
0.80 0.62 0.82
0.81 0.62 0.81
0.80 0.63 0.81
0.80 0.63 0.80
0.79 0.62 0.80
0.79 0.62 0.81
0.80 0.63 0.80
0.80 0.61 0.80
0.81 0.61 0.80
0.80 0.64 0.81
0.80 0.63 0.81
0.81 0.61 0.79
0.81 0.64 0.81
0.81 0.63 0.81
0.81 0.63 0.81
0.81 0.64 0.81
0.79 0.64 0.82
0.79 0.65 0.82
0.79 0.67 0.84
0.80 0.66 0.82
0.78 0.68 0.84
0.79 0.66 0.82
0.80 0.67 0.82
0.81 0.65 0.81
0.80 0.68 0.80
0.81 0.66 0.80
0.82 0.67 0.80
0.82 0.67 0.80
0.81 0.67 0.80
0.83 0.65 0.77
0.81 0.67 0.79
0.80 0.67 0.80
0.80 0.66 0.81
0.79 0.65 0.81
0.79 0.63 0.82
0.79 0.65 0.82
0.78 0.66 0.83
0.77 0.65 0.82
0.78 0.64 0.82
0.77 0.65 0.82
0.77 0.64 0.83
0.77 0.68 0.84
0.78 0.67 0.83
0.77 0.68 0.83
0.78 0.66 0.83
0.79 0.67 0.82
0.77 0.65 0.83
0.76 0.64 0.84
0.76 0.67 0.84
0.76 0.66 0.83
0.76 0.68 0.85
0.76 0.66 0.84
0.76 0.68 0.84
0.76 0.68 0.85
0.75 0.69 0.85
0.76 0.67 0.85
0.77 0.67 0.83
0.76 0.68 0.83
0.77 0.69 0.83
0.77 0.68 0.83
0.77 0.67 0.81
0.75 0.67 0.83
0.75 0.67 0.83
0.75 0.67 0.83
0.76 0.66 0.83
0.76 0.64 0.83
0.75 0.64 0.84
0.76 0.65 0.84
0.78 0.64 0.81
0.78 0.65 0.81
0.78 0.67 0.82
0.78 0.67 0.82
0.78 0.66 0.83
0.78 0.65 0.83
0.79 0.65 0.82
0.79 0.67 0.82
0.78 0.67 0.83
0.77 0.67 0.82
0.78 0.66 0.82
0.78 0.67 0.83
0.77 0.66 0.84
0.77 0.66 0.86
0.77 0.64 0.84
0.77 0.65 0.84
0.77 0.65 0.85
0.77 0.65 0.84
0.77 0.64 0.83
0.77 0.66 0.84
0.76 0.66 0.83
0.76 0.67 0.82
0.77 0.66 0.82
0.77 0.66 0.82
0.77 0.65 0.83
0.77 0.66 0.83
0.76 0.68 0.83
0.76 0.68 0.83
0.79 0.66 0.81
0.80 0.66 0.81
0.78 0.67 0.82
0.78 0.68 0.82
0.78 0.65 0.82
0.79 0.65 0.82
0.78 0.65 0.83
0.78 0.66 0.83
0.77 0.68 0.84
0.76 0.66 0.84
0.76 0.67 0.85
0.75 0.69 0.85
0.75 0.66 0.85
0.75 0.66 0.85
0.76 0.66 0.85
0.77 0.66 0.85
0.76 0.66 0.86
0.74 0.67 0.86
0.75 0.67 0.85
0.75 0.65 0.85
0.76 0.65 0.85
0.75 0.65 0.85
0.75 0.65 0.84
0.75 0.65 0.84
0.76 0.65 0.84
0.77 0.65 0.84
0.78 0.66 0.83
0.77 0.65 0.82
0.77 0.66 0.82
0.79 0.65 0.82
0.78 0.65 0.83
0.78 0.65 0.84
0.78 0.65 0.83
0.77 0.67 0.84
0.77 0.67 0.83
0.77 0.67 0.82
0.79 0.66 0.82
0.78 0.67 0.82
0.77 0.67 0.83
0.78 0.68 0.83
0.77 0.67 0.84
0.77 0.68 0.83
0.76 0.69 0.83
0.77 0.70 0.83
0.77 0.69 0.82
0.76 0.68 0.83
0.76 0.69 0.83
0.76 0.69 0.83
0.77 0.68 0.82
0.77 0.67 0.83
0.76 0.67 0.83
0.76 0.66 0.82
0.77 0.66 0.82
0.76 0.64 0.82
0.76 0.66 0.82
0.75 0.68 0.83
0.75 0.67 0.84
0.74 0.68 0.85
0.76 0.66 0.84
0.76 0.65 0.84
0.77 0.64 0.84
0.77 0.67 0.83
0.77 0.67 0.83
0.76 0.68 0.83
0.75 0.71 0.85
0.75 0.70 0.84
0.76 0.67 0.84
0.78 0.67 0.83
0.77 0.66 0.83
0.77 0.66 0.83
0.76 0.67 0.83
0.76 0.65 0.83
0.78 0.64 0.82
0.78 0.66 0.83
0.77 0.68 0.83
0.77 0.66 0.83
0.77 0.67 0.84
0.78 0.66 0.84
0.78 0.68 0.83
0.78 0.68 0.83
0.77 0.66 0.82
0.78 0.65 0.83
0.77 0.66 0.83
0.76 0.67 0.83
0.76 0.66 0.82
0.76 0.67 0.82
0.77 0.66 0.82
0.77 0.66 0.83
0.77 0.68 0.81
0.78 0.68 0.80
0.77 0.68 0.81
0.79 0.67 0.81
0.78 0.67 0.81
0.78 0.67 0.81
0.78 0.66 0.82
0.77 0.65 0.82
0.78 0.65 0.83
0.76 0.67 0.84
0.78 0.66 0.82
0.79 0.66 0.82
0.77 0.66 0.83
0.79 0.64 0.83
0.78 0.65 0.83
0.80 0.64 0.83
0.79 0.64 0.83
0.79 0.66 0.83
0.79 0.65 0.84
0.81 0.62 0.80
0.80 0.61 0.81
0.80 0.63 0.82
0.80 0.63 0.82
0.79 0.63 0.83
0.80 0.62 0.82
0.82 0.62 0.82
0.81 0.63 0.82
0.80 0.64 0.81
0.81 0.63 0.81
0.80 0.63 0.81
0.82 0.64 0.80
0.82 0.65 0.81
0.81 0.65 0.81
0.79 0.67 0.81
0.78 0.67 0.81
0.78 0.66 0.82
0.79 0.65 0.82
0.79 0.64 0.82
0.80 0.64 0.82
0.80 0.64 0.82
0.79 0.66 0.81
0.78 0.65 0.82
0.79 0.66 0.80
0.80 0.66 0.80
0.78 0.66 0.82
0.79 0.59 0.46
0.78 0.61 0.55
0.79 0.62 0.61
0.79 0.63 0.66
0.79 0.63 0.69
0.79 0.63 0.74
0.80 0.63 0.75
0.80 0.63 0.78
0.79 0.63 0.79
0.78 0.64 0.80
0.77 0.63 0.81
0.79 0.63 0.81
0.80 0.62 0.79
0.80 0.63 0.79
0.79 0.63 0.80
0.80 0.65 0.80
0.81 0.66 0.80
0.80 0.66 0.80
0.82 0.65 0.80
0.82 0.65 0.80
0.80 0.66 0.81
0.78 0.66 0.82
0.78 0.67 0.82
0.79 0.66 0.83
0.79 0.66 0.82
0.79 0.67 0.82
0.79 0.67 0.82
0.79 0.68 0.82
0.79 0.68 0.82
0.82 0.67 0.81
0.81 0.67 0.81
0.79 0.66 0.82
0.79 0.66 0.82
0.80 0.65 0.81
0.80 0.65 0.82
0.83 0.67 0.78
0.81 0.67 0.79
0.81 0.66 0.79
0.80 0.67 0.80
0.81 0.67 0.80
0.81 0.67 0.80
0.80 0.67 0.80
0.79 0.67 0.81
0.79 0.65 0.82
0.79 0.66 0.82
0.79 0.68 0.82
0.79 0.66 0.82
0.80 0.65 0.82
0.79 0.66 0.83
0.79 0.66 0.83
0.79 0.65 0.83
0.79 0.66 0.83
0.80 0.65 0.83
0.79 0.66 0.81
0.79 0.67 0.81
0.81 0.66 0.81
0.80 0.65 0.81
0.79 0.65 0.82
0.78 0.66 0.83
0.78 0.66 0.83
0.78 0.66 0.83
0.78 0.65 0.82
0.82 0.57 0.40
0.81 0.61 0.51
0.81 0.61 0.58
0.80 0.62 0.65
0.80 0.64 0.70
0.79 0.66 0.73
0.78 0.68 0.75
0.78 0.66 0.76
0.80 0.66 0.76
0.79 0.59 0.44
0.80 0.60 0.53
0.80 0.61 0.60
0.80 0.61 0.65
0.80 0.61 0.70
0.80 0.62 0.72
0.80 0.61 0.75
0.80 0.63 0.77
0.81 0.63 0.78
0.81 0.65 0.80
0.80 0.64 0.81
0.80 0.64 0.82
0.79 0.65 0.82
0.78 0.66 0.82
0.78 0.67 0.82
0.78 0.68 0.82
0.81 0.66 0.81
0.81 0.64 0.81
0.80 0.65 0.82
0.80 0.64 0.82
0.80 0.64 0.82
0.79 0.63 0.82
0.78 0.63 0.81
0.78 0.64 0.82
0.76 0.65 0.83
0.77 0.64 0.83
0.76 0.64 0.82
0.77 0.65 0.82
0.78 0.66 0.83
0.80 0.63 0.80
0.78 0.66 0.80
0.79 0.66 0.80
0.79 0.67 0.82
0.81 0.68 0.81
0.79 0.68 0.82
0.78 0.67 0.82
0.78 0.66 0.82
0.77 0.66 0.82
0.77 0.66 0.82
0.79 0.64 0.81
0.80 0.64 0.80
0.79 0.65 0.81
0.78 0.65 0.82
0.76 0.66 0.82
0.76 0.65 0.82
0.76 0.67 0.82
0.77 0.66 0.83
0.79 0.66 0.81
0.79 0.66 0.81
0.79 0.66 0.82
0.78 0.65 0.82
0.78 0.65 0.82
0.78 0.64 0.82
0.78 0.64 0.82
0.78 0.64 0.82
0.77 0.65 0.83
0.78 0.64 0.82
0.77 0.65 0.83
0.76 0.67 0.84
0.77 0.69 0.85
0.77 0.66 0.85
0.76 0.66 0.85
0.77 0.66 0.84
0.76 0.66 0.85
0.76 0.66 0.84
0.77 0.65 0.82
0.79 0.65 0.82
0.79 0.66 0.82
0.78 0.67 0.83
0.78 0.66 0.84
0.78 0.67 0.82
0.77 0.68 0.82
0.77 0.69 0.82
0.78 0.68 0.83
0.78 0.66 0.83
0.78 0.66 0.83
0.79 0.66 0.83
0.77 0.65 0.83
0.78 0.65 0.84
0.81 0.65 0.82
0.80 0.66 0.81
0.80 0.65 0.80
0.81 0.65 0.80
0.81 0.64 0.80
0.79 0.66 0.81
0.81 0.64 0.81
0.79 0.64 0.82
0.81 0.64 0.81
0.80 0.64 0.81
0.81 0.64 0.80
0.82 0.64 0.80
0.80 0.65 0.82
0.79 0.65 0.82
0.80 0.65 0.79
0.80 0.65 0.79
0.79 0.66 0.81
0.79 0.65 0.81
0.80 0.68 0.81
0.81 0.66 0.80
0.81 0.66 0.82
0.80 0.66 0.82
0.80 0.65 0.83
0.79 0.63 0.82
0.79 0.63 0.81
0.79 0.65 0.82
0.79 0.65 0.82
0.80 0.63 0.79
0.80 0.64 0.77
0.78 0.65 0.80
0.78 0.67 0.81
0.78 0.66 0.81
0.79 0.65 0.80
0.79 0.66 0.80
0.79 0.66 0.81
0.78 0.67 0.81
0.78 0.66 0.81
0.79 0.65 0.80
0.81 0.67 0.80
0.80 0.68 0.79
0.82 0.68 0.78
0.81 0.68 0.79
0.81 0.68 0.79
0.84 0.59 0.38
0.82 0.62 0.47
0.81 0.62 0.55
0.83 0.61 0.60
0.81 0.62 0.66
0.83 0.62 0.69
0.82 0.61 0.72
0.83 0.62 0.72
0.83 0.63 0.73
0.82 0.65 0.75
0.81 0.65 0.77
0.80 0.66 0.78
0.82 0.66 0.77
0.81 0.66 0.78
0.81 0.65 0.79
0.82 0.65 0.79
0.84 0.64 0.78
0.84 0.63 0.78
0.83 0.63 0.79
0.82 0.63 0.80
0.81 0.63 0.80
0.83 0.63 0.80
0.83 0.64 0.79
0.82 0.65 0.79
0.83 0.64 0.79
0.84 0.63 0.78
0.82 0.65 0.78
0.82 0.66 0.79
0.84 0.66 0.78
0.82 0.65 0.79
0.81 0.64 0.79
0.81 0.64 0.80
0.80 0.65 0.81
0.80 0.66 0.81
0.82 0.63 0.77
0.81 0.64 0.78
0.81 0.63 0.78
0.82 0.63 0.78
0.83 0.62 0.79
0.82 0.64 0.79
0.83 0.64 0.78
0.84 0.64 0.77
0.82 0.64 0.78
0.80 0.64 0.79
0.82 0.63 0.80
0.81 0.62 0.80
0.81 0.62 0.80
0.81 0.63 0.80
0.81 0.64 0.81
0.80 0.66 0.81
0.80 0.65 0.81
0.80 0.65 0.80
0.80 0.64 0.81
0.82 0.64 0.80
0.82 0.63 0.79
0.81 0.65 0.81
0.83 0.65 0.81
0.83 0.64 0.81
0.82 0.64 0.80
0.81 0.67 0.80
0.81 0.66 0.80
0.80 0.65 0.80
0.79 0.65 0.81
0.79 0.65 0.81
0.81 0.65 0.81
0.81 0.65 0.82
0.80 0.65 0.83
0.80 0.66 0.83
0.80 0.67 0.82
0.80 0.66 0.82
0.79 0.66 0.80
0.79 0.66 0.80
0.79 0.66 0.79
0.80 0.65 0.79
0.80 0.64 0.79
0.79 0.63 0.79
0.79 0.63 0.80
0.81 0.62 0.78
0.79 0.63 0.80
0.80 0.65 0.80
0.80 0.65 0.81
0.79 0.66 0.81
0.79 0.64 0.81
0.79 0.65 0.80
0.80 0.64 0.80
0.80 0.63 0.79
0.80 0.63 0.80
0.80 0.64 0.80
0.82 0.63 0.79
0.82 0.63 0.79
0.82 0.62 0.78
0.82 0.61 0.79
0.81 0.61 0.79
0.83 0.62 0.79
0.82 0.65 0.80
0.82 0.66 0.80
0.81 0.64 0.79
0.80 0.63 0.80
0.82 0.63 0.79
0.82 0.64 0.78
0.81 0.64 0.79
0.82 0.62 0.79
0.81 0.63 0.79
0.80 0.64 0.79
0.81 0.64 0.79
0.80 0.64 0.79
0.80 0.64 0.78
0.80 0.64 0.79
0.79 0.64 0.79
0.80 0.64 0.78
0.80 0.64 0.79
0.80 0.64 0.78
0.79 0.64 0.78
0.80 0.65 0.79
0.81 0.64 0.78
0.82 0.62 0.76
0.81 0.63 0.77
0.81 0.63 0.78
0.81 0.64 0.79
0.82 0.63 0.79
0.81 0.64 0.79
0.82 0.65 0.79
0.82 0.64 0.80
0.81 0.64 0.80
0.80 0.65 0.81
0.81 0.66 0.80
0.81 0.66 0.80
0.81 0.66 0.80
0.80 0.65 0.80
0.80 0.65 0.80
0.80 0.64 0.81
0.79 0.65 0.81
0.81 0.65 0.80
0.80 0.64 0.80
0.81 0.65 0.80
0.82 0.64 0.79
0.81 0.65 0.79
0.80 0.64 0.80
0.80 0.65 0.80
0.81 0.65 0.80
0.80 0.66 0.79
0.82 0.65 0.79
0.81 0.64 0.80
0.80 0.65 0.81
0.80 0.65 0.81
0.81 0.63 0.81
0.82 0.64 0.80
0.81 0.64 0.81
0.82 0.63 0.80
0.80 0.64 0.81
0.79 0.64 0.81
0.81 0.64 0.79
0.81 0.65 0.79
0.83 0.65 0.79
0.82 0.65 0.80
0.81 0.65 0.80
0.80 0.66 0.79
0.80 0.65 0.80
0.79 0.65 0.79
0.81 0.62 0.77
0.80 0.63 0.78
0.80 0.63 0.79
0.80 0.65 0.80
0.80 0.66 0.81
0.81 0.65 0.80
0.80 0.65 0.80
0.80 0.66 0.81
0.80 0.64 0.80
0.80 0.66 0.80
0.78 0.66 0.80
0.78 0.65 0.80
0.80 0.65 0.79
0.80 0.65 0.80
0.80 0.65 0.79
0.82 0.64 0.78
0.83 0.64 0.79
0.81 0.65 0.80
0.81 0.64 0.80
0.81 0.64 0.79
0.81 0.64 0.79
0.83 0.65 0.79
0.82 0.63 0.80
0.81 0.63 0.80
0.80 0.64 0.81
0.82 0.64 0.81
0.82 0.65 0.81
0.83 0.63 0.80
0.83 0.62 0.79
0.81 0.64 0.81
0.82 0.63 0.80
0.81 0.64 0.80
0.79 0.64 0.82
0.79 0.64 0.82
0.79 0.67 0.82
0.79 0.67 0.81
0.78 0.66 0.82
0.77 0.65 0.82
0.78 0.65 0.82
0.77 0.66 0.83
0.78 0.66 0.83
0.80 0.65 0.81
0.80 0.64 0.79
0.79 0.64 0.80
0.78 0.66 0.80
0.78 0.67 0.81
0.80 0.66 0.81
0.82 0.66 0.80
0.81 0.67 0.81
0.81 0.68 0.82
0.82 0.66 0.81
0.82 0.64 0.80
0.81 0.67 0.81
0.81 0.67 0.81
0.82 0.65 0.80
0.80 0.65 0.81
0.80 0.64 0.81
0.80 0.64 0.81
0.80 0.64 0.80
0.83 0.64 0.79
0.82 0.64 0.79
0.83 0.63 0.78
0.82 0.63 0.79
0.82 0.64 0.80
0.81 0.66 0.81
0.82 0.65 0.79
0.82 0.66 0.79
0.82 0.66 0.79
0.83 0.66 0.78
0.82 0.64 0.79
0.82 0.67 0.80
0.82 0.66 0.80
0.82 0.65 0.80
0.81 0.66 0.80
0.81 0.66 0.80
0.81 0.66 0.81
0.82 0.66 0.82
0.82 0.65 0.81
0.82 0.65 0.81
0.83 0.65 0.80
0.81 0.64 0.80
0.83 0.64 0.79
0.82 0.63 0.80
0.82 0.63 0.79
0.82 0.65 0.79
0.82 0.64 0.80
0.81 0.65 0.80
0.81 0.65 0.80
0.82 0.65 0.79
0.82 0.65 0.79
0.81 0.64 0.79
0.81 0.64 0.80
0.81 0.63 0.80
0.81 0.65 0.80
0.82 0.64 0.80
0.81 0.63 0.80
0.81 0.65 0.80
0.80 0.65 0.80
0.81 0.64 0.79
0.80 0.65 0.80
0.81 0.64 0.80
0.82 0.62 0.79
0.84 0.64 0.78
0.83 0.63 0.78
0.83 0.62 0.78
0.84 0.62 0.79
0.81 0.63 0.79
0.82 0.64 0.78
0.82 0.65 0.78
0.81 0.66 0.79
0.80 0.66 0.80
0.79 0.66 0.80
0.80 0.67 0.80
0.80 0.66 0.79
0.81 0.65 0.78
0.82 0.64 0.77
0.82 0.65 0.77
0.82 0.64 0.77
0.81 0.63 0.79
0.83 0.63 0.79
0.82 0.62 0.80
0.81 0.64 0.81
0.80 0.65 0.82
0.80 0.64 0.82
0.81 0.64 0.81
0.81 0.65 0.82
0.79 0.64 0.83
0.79 0.64 0.82
0.79 0.64 0.81
0.79 0.65 0.82
0.79 0.65 0.82
0.79 0.65 0.82
0.78 0.64 0.82
0.79 0.65 0.82
0.80 0.65 0.80
0.81 0.65 0.81
0.82 0.64 0.80
0.81 0.64 0.80
0.79 0.66 0.81
0.80 0.65 0.81
0.82 0.64 0.80
0.82 0.63 0.79
0.80 0.66 0.79
0.81 0.66 0.79
0.81 0.65 0.78
0.82 0.65 0.78
0.81 0.65 0.78
0.80 0.68 0.79
0.79 0.68 0.80
0.79 0.67 0.80
0.78 0.67 0.80
0.78 0.66 0.80
0.79 0.64 0.80
0.79 0.63 0.79
0.80 0.63 0.79
0.79 0.65 0.79
0.79 0.66 0.79
0.81 0.65 0.78
0.81 0.64 0.78
0.81 0.65 0.78
0.82 0.66 0.78
0.82 0.65 0.78
0.83 0.64 0.77
0.82 0.65 0.76
0.81 0.64 0.76
0.80 0.66 0.78
0.81 0.66 0.77
0.81 0.66 0.76
0.81 0.66 0.77
0.80 0.67 0.77
0.80 0.67 0.78
0.82 0.65 0.77
0.81 0.65 0.78
0.81 0.63 0.78
0.80 0.63 0.79
0.80 0.63 0.79
0.82 0.62 0.78
0.81 0.64 0.79
0.81 0.65 0.80
0.80 0.65 0.80
0.80 0.66 0.80
0.79 0.67 0.81
0.78 0.67 0.80
0.80 0.67 0.79
0.80 0.68 0.79
0.81 0.67 0.79
0.80 0.66 0.79
0.80 0.66 0.78
0.80 0.67 0.79
0.80 0.68 0.79
0.79 0.66 0.78
0.80 0.66 0.79
0.80 0.66 0.79
0.81 0.65 0.78
0.80 0.65 0.78
0.80 0.66 0.79
0.79 0.67 0.79
0.79 0.67 0.80
0.80 0.67 0.80
0.81 0.67 0.80
0.80 0.69 0.80
0.79 0.69 0.80
0.79 0.69 0.80
0.78 0.68 0.81
0.80 0.68 0.79
0.79 0.67 0.80
0.80 0.66 0.79
0.79 0.66 0.80
0.78 0.68 0.81
0.78 0.67 0.82
0.78 0.67 0.81
0.78 0.67 0.80
0.79 0.67 0.80
0.79 0.66 0.81
0.81 0.65 0.80
0.81 0.65 0.80
0.80 0.66 0.81
0.80 0.67 0.81
0.78 0.66 0.82
0.79 0.65 0.82
0.79 0.66 0.81
0.79 0.68 0.81
0.78 0.68 0.81
0.78 0.69 0.80
0.78 0.70 0.81
0.78 0.68 0.80
0.78 0.69 0.81
0.78 0.68 0.82
0.78 0.67 0.83
0.79 0.66 0.83
0.79 0.66 0.81
0.78 0.66 0.82
0.78 0.64 0.81
0.78 0.64 0.81
0.78 0.65 0.80
0.77 0.66 0.81
0.79 0.67 0.80
0.81 0.68 0.79
0.80 0.68 0.80
0.80 0.68 0.80
0.81 0.68 0.79
0.81 0.68 0.79
0.80 0.70 0.80
0.81 0.69 0.79
0.81 0.68 0.80
0.81 0.66 0.79
0.79 0.67 0.80
0.77 0.68 0.80
0.78 0.68 0.80
0.78 0.70 0.81
0.78 0.73 0.81
0.78 0.71 0.81
0.77 0.72 0.81
0.77 0.70 0.80
0.78 0.69 0.79
0.79 0.69 0.80
0.78 0.69 0.81
0.77 0.70 0.81
0.78 0.68 0.80
0.81 0.68 0.81
0.81 0.67 0.80
0.81 0.66 0.80
0.81 0.65 0.79
0.79 0.67 0.81
0.78 0.67 0.81
0.79 0.66 0.81
0.78 0.65 0.81
0.78 0.63 0.80
0.78 0.64 0.81
0.80 0.63 0.80
0.80 0.63 0.80
0.80 0.64 0.79
0.79 0.66 0.80
0.79 0.66 0.81
0.79 0.66 0.81
0.79 0.68 0.80
0.80 0.68 0.81
0.80 0.67 0.81
0.78 0.67 0.82
0.79 0.67 0.80
0.79 0.66 0.80
0.79 0.66 0.80
0.79 0.65 0.79
0.78 0.67 0.81
0.78 0.67 0.82
0.78 0.67 0.82
0.79 0.66 0.82
0.79 0.65 0.82
0.80 0.67 0.82
0.82 0.63 0.78
0.81 0.65 0.78
0.80 0.64 0.79
0.80 0.63 0.79
0.80 0.64 0.78
0.79 0.63 0.78
0.80 0.64 0.78
0.81 0.63 0.77
0.80 0.63 0.79
0.79 0.63 0.78
0.79 0.63 0.78
0.80 0.63 0.77
0.79 0.63 0.79
0.80 0.63 0.78
0.78 0.64 0.78
0.77 0.65 0.80
0.77 0.66 0.80
0.76 0.67 0.81
0.78 0.68 0.79
0.78 0.68 0.78
0.80 0.67 0.77
0.79 0.69 0.79
0.78 0.70 0.79
0.78 0.73 0.79
0.77 0.74 0.79
0.77 0.72 0.79
0.78 0.71 0.79
0.80 0.69 0.79
0.79 0.68 0.80
0.79 0.68 0.79
0.81 0.67 0.78
0.80 0.65 0.80
0.80 0.64 0.79
0.82 0.65 0.78
0.84 0.66 0.78
0.82 0.66 0.78
0.79 0.66 0.80
0.80 0.68 0.80
0.79 0.66 0.80
0.80 0.65 0.78
0.80 0.65 0.79
0.82 0.64 0.77
0.82 0.64 0.78
0.80 0.64 0.79
0.79 0.65 0.81
0.80 0.66 0.80
0.80 0.67 0.81
0.81 0.68 0.81
0.81 0.71 0.79
0.82 0.68 0.78
0.81 0.68 0.78
0.81 0.69 0.78
0.81 0.67 0.79
0.80 0.68 0.79
0.79 0.67 0.78
0.79 0.68 0.80
0.78 0.67 0.81
0.80 0.67 0.80
0.81 0.66 0.79
0.79 0.66 0.80
0.80 0.68 0.80
0.80 0.69 0.81
0.80 0.69 0.79
0.80 0.69 0.80
0.80 0.69 0.79
0.82 0.68 0.78
0.81 0.67 0.78
0.83 0.64 0.77
0.84 0.65 0.77
0.84 0.66 0.77
0.83 0.65 0.77
0.84 0.64 0.77
0.83 0.63 0.77
0.84 0.64 0.77
0.83 0.67 0.79
0.82 0.67 0.77
0.82 0.68 0.77
0.82 0.67 0.78
0.80 0.67 0.79
0.80 0.66 0.78
0.80 0.66 0.79
0.80 0.65 0.79
0.79 0.65 0.79
0.78 0.66 0.80
0.76 0.67 0.83
0.77 0.67 0.83
0.78 0.67 0.81
0.79 0.67 0.81
0.79 0.71 0.80
0.78 0.71 0.79
0.80 0.69 0.78
0.81 0.67 0.77
0.80 0.69 0.76
0.78 0.69 0.78
0.80 0.67 0.77
0.80 0.66 0.77
0.79 0.66 0.79
0.79 0.67 0.81
0.81 0.66 0.80
0.81 0.65 0.80
0.80 0.65 0.80
0.79 0.65 0.80
0.78 0.67 0.82
0.78 0.66 0.80
0.80 0.65 0.79
0.80 0.65 0.79
0.80 0.66 0.79
0.80 0.66 0.78
0.79 0.66 0.79
0.79 0.65 0.80
0.80 0.64 0.78
0.80 0.65 0.78
0.83 0.65 0.77
0.83 0.63 0.77
0.81 0.64 0.79
0.80 0.63 0.80
0.80 0.62 0.79
0.80 0.55 0.48
0.82 0.57 0.16
0.81 0.59 0.32
0.81 0.60 0.43
0.83 0.61 0.52
0.82 0.61 0.59
0.81 0.62 0.63
0.81 0.62 0.66
0.81 0.63 0.70
0.79 0.65 0.73
0.79 0.66 0.76
0.77 0.66 0.78
0.78 0.67 0.79
0.78 0.67 0.79
0.78 0.66 0.80
0.79 0.64 0.80
0.80 0.64 0.80
0.81 0.62 0.77
0.80 0.63 0.79
0.81 0.63 0.78
0.81 0.66 0.78
0.82 0.64 0.78
0.81 0.64 0.78
0.81 0.63 0.77
0.81 0.63 0.77
0.81 0.64 0.77
0.79 0.65 0.77
0.79 0.66 0.78
0.79 0.66 0.79
0.80 0.65 0.78
0.80 0.64 0.78
0.80 0.64 0.77
0.79 0.65 0.78
0.80 0.66 0.77
0.79 0.67 0.78
0.79 0.67 0.78
0.79 0.65 0.77
0.78 0.66 0.79
0.80 0.66 0.77
0.79 0.67 0.78
0.80 0.68 0.78
0.79 0.67 0.79
0.79 0.66 0.80
0.77 0.66 0.80
0.77 0.66 0.80
0.76 0.65 0.80
0.78 0.64 0.80
0.79 0.64 0.79
0.76 0.65 0.81
0.77 0.67 0.82
0.78 0.67 0.80
0.77 0.66 0.80
0.77 0.64 0.80
0.77 0.64 0.82
0.77 0.65 0.82
0.78 0.65 0.82
0.80 0.65 0.81
0.79 0.66 0.81
0.79 0.67 0.81
0.78 0.65 0.81
0.79 0.66 0.80
0.78 0.67 0.80
0.78 0.67 0.79
0.77 0.66 0.80
0.77 0.68 0.80
0.77 0.69 0.81
0.77 0.68 0.81
0.79 0.67 0.80
0.78 0.67 0.81
0.78 0.67 0.81
0.78 0.68 0.81
0.78 0.67 0.82
0.81 0.66 0.77
0.81 0.67 0.77
0.80 0.67 0.78
0.80 0.69 0.80
0.80 0.68 0.80
0.78 0.66 0.81
0.78 0.65 0.81
0.78 0.64 0.81
0.75 0.65 0.83
0.76 0.65 0.81
0.77 0.64 0.81
0.79 0.65 0.78
0.81 0.59 0.43
0.80 0.60 0.53
0.79 0.60 0.61
0.76 0.61 0.67
0.77 0.62 0.69
0.78 0.62 0.72
0.79 0.62 0.73
0.77 0.63 0.76
0.78 0.62 0.76
0.77 0.63 0.78
0.80 0.63 0.75
0.78 0.64 0.77
0.78 0.64 0.78
0.78 0.62 0.80
0.79 0.62 0.80
0.79 0.63 0.80
0.78 0.64 0.79
0.81 0.62 0.77
0.82 0.63 0.78
0.80 0.64 0.79
0.79 0.65 0.80
0.79 0.64 0.79
0.78 0.65 0.81
0.78 0.66 0.82
0.77 0.66 0.81
0.79 0.65 0.80
0.78 0.66 0.81
0.79 0.67 0.81
0.78 0.66 0.81
0.77 0.66 0.81
0.81 0.59 0.40
0.79 0.63 0.51
0.79 0.63 0.59
0.78 0.63 0.65
0.77 0.65 0.69
0.80 0.65 0.71
0.79 0.65 0.74
0.80 0.64 0.75
0.79 0.64 0.76
0.78 0.65 0.78
0.77 0.66 0.80
0.76 0.66 0.82
0.77 0.66 0.81
0.77 0.66 0.81
0.77 0.66 0.82
0.76 0.67 0.82
0.78 0.67 0.81
0.78 0.65 0.82
0.77 0.67 0.82
0.78 0.67 0.81
0.79 0.65 0.80
0.78 0.64 0.81
0.77 0.64 0.80
0.77 0.63 0.81
0.77 0.63 0.80
0.78 0.62 0.79
0.79 0.62 0.80
0.79 0.63 0.79
0.78 0.64 0.79
0.78 0.65 0.81
0.78 0.65 0.80
0.77 0.67 0.80
0.79 0.68 0.81
0.79 0.68 0.81
0.77 0.69 0.83
0.77 0.68 0.82
0.78 0.68 0.82
0.77 0.69 0.82
0.78 0.68 0.81
0.79 0.68 0.80
0.77 0.68 0.81
0.77 0.69 0.80
0.77 0.68 0.80
0.78 0.67 0.79
0.77 0.68 0.81
0.76 0.69 0.81
0.77 0.68 0.82
0.77 0.67 0.82
0.77 0.66 0.82
0.77 0.66 0.81
0.77 0.65 0.80
0.80 0.63 0.80
0.80 0.64 0.80
0.81 0.64 0.79
0.79 0.66 0.82
0.78 0.67 0.83
0.78 0.68 0.83
0.78 0.67 0.83
0.77 0.66 0.83
0.76 0.67 0.84
0.78 0.67 0.83
0.78 0.67 0.82
0.78 0.67 0.82
0.78 0.60 0.49
0.78 0.61 0.57
0.79 0.62 0.62
0.79 0.63 0.67
0.79 0.64 0.71
0.78 0.65 0.73
0.77 0.65 0.75
0.76 0.66 0.77
0.77 0.67 0.78
0.77 0.68 0.79
0.76 0.70 0.79
0.76 0.71 0.80
0.77 0.69 0.79
0.77 0.70 0.81
0.77 0.68 0.81
0.77 0.69 0.81
0.77 0.69 0.81
0.77 0.67 0.81
