1.06 0.57 0.72
1.06 0.55 0.7
1.07 0.57 0.33
1.06 0.59 0.45
1.07 0.59 0.54
1.06 0.58 0.57
1.06 0.57 0.6
1.06 0.57 0.63
1.07 0.56 0.65
1.07 0.57 0.69
1.08 0.57 0.71
1.08 0.58 0.71
1.07 0.59 0.73
1.07 0.59 0.74
1.07 0.58 0.72
1.06 0.57 0.71
1.06 0.57 0.71
1.06 0.58 0.73
1.05 0.56 0.73
1.04 0.57 0.74
1.05 0.57 0.73
1.05 0.57 0.73
1.06 0.58 0.75
1.05 0.57 0.73
1.06 0.56 0.72
1.05 0.57 0.72
1.05 0.58 0.73
1.05 0.57 0.71
1.05 0.56 0.7
1.05 0.57 0.71
1.06 0.58 0.72
1.04 0.6 0.74
1.04 0.58 0.71
1.05 0.58 0.72
1.05 0.58 0.71
1.05 0.6 0.74
1.06 0.59 0.72
1.06 0.6 0.72
1.06 0.59 0.7
1.05 0.59 0.72
1.04 0.6 0.74
1.06 0.59 0.72
1.06 0.59 0.74
1.06 0.59 0.74
1.07 0.61 0.75
1.07 0.62 0.75
1.07 0.62 0.75
1.07 0.64 0.76
1.07 0.64 0.76
1.06 0.63 0.77
1.05 0.64 0.77
1.05 0.63 0.76
1.06 0.62 0.76
1.05 0.63 0.78
1.04 0.63 0.78
1.03 0.62 0.78
1.05 0.6 0.75
1.07 0.6 0.75
1.06 0.62 0.75
1.07 0.6 0.74
1.07 0.59 0.72
1.07 0.61 0.73
1.05 0.63 0.76
1.05 0.62 0.75
1.06 0.6 0.72
1.06 0.61 0.74
1.05 0.61 0.75
1.04 0.63 0.76
1.04 0.63 0.76
1.04 0.63 0.75
1.04 0.63 0.77
1.05 0.63 0.78
1.04 0.63 0.79
1.06 0.62 0.78
1.04 0.63 0.8
1.05 0.64 0.79
1.05 0.62 0.79
1.06 0.57 0.78
1.05 0.58 0.77
1.06 0.59 0.78
1.04 0.61 0.77
1.05 0.61 0.77
1.05 0.59 0.75
1.06 0.59 0.75
1.07 0.61 0.76
1.07 0.61 0.76
1.07 0.59 0.73
1.07 0.56 0.72
1.06 0.58 0.73
1.06 0.61 0.74
1.07 0.62 0.73
1.06 0.62 0.73
1.06 0.62 0.74
1.07 0.61 0.76
1.07 0.57 0.77
1.07 0.53 0.39
1.08 0.53 0.13
1.08 0.55 -0.11
1.08 0.57 -0.27
1.07 0.57 -0.01
1.07 0.55 0.16
1.07 0.58 -0.06
1.07 0.6 0.15
1.07 0.6 0.3
1.07 0.59 0.41
1.05 0.6 0.5
1.05 0.6 0.57
1.06 0.62 0.61
1.06 0.61 0.65
1.06 0.58 0.68
1.05 0.61 0.7
1.05 0.61 0.71
1.06 0.6 0.72
1.07 0.61 0.73
1.07 0.6 0.71
1.08 0.6 0.73
1.08 0.59 0.72
1.08 0.59 0.73
1.08 0.59 0.73
1.08 0.58 0.72
1.07 0.6 0.75
1.07 0.6 0.74
1.07 0.6 0.75
1.07 0.6 0.74
1.07 0.61 0.75
1.08 0.62 0.76
1.07 0.62 0.76
1.06 0.61 0.76
1.06 0.59 0.75
1.07 0.6 0.77
1.07 0.61 0.77
1.06 0.58 0.75
1.06 0.57 0.75
1.06 0.58 0.75
1.05 0.61 0.75
1.06 0.6 0.74
1.07 0.61 0.74
1.06 0.62 0.74
1.06 0.62 0.74
1.07 0.63 0.74
1.05 0.64 0.76
1.04 0.63 0.76
1.05 0.62 0.76
1.05 0.63 0.75
1.04 0.63 0.76
1.05 0.63 0.77
1.04 0.64 0.78
1.04 0.65 0.78
1.04 0.63 0.78
1.04 0.61 0.76
1.05 0.59 0.74
1.05 0.59 0.75
1.06 0.6 0.74
1.06 0.59 0.74
1.05 0.59 0.75
1.05 0.57 0.72
1.06 0.59 0.74
1.06 0.6 0.75
1.05 0.62 0.77
1.04 0.62 0.78
1.03 0.64 0.8
1.04 0.64 0.79
1.05 0.63 0.79
1.06 0.62 0.78
1.06 0.62 0.79
1.05 0.62 0.78
1.05 0.63 0.78
1.05 0.64 0.77
1.05 0.63 0.78
1.05 0.63 0.78
1.06 0.61 0.77
1.06 0.59 0.74
1.06 0.58 0.73
1.06 0.59 0.73
1.06 0.6 0.74
1.06 0.59 0.74
1.06 0.6 0.74
1.06 0.59 0.74
1.07 0.58 0.73
1.07 0.61 0.74
1.07 0.61 0.75
1.07 0.61 0.75
1.07 0.62 0.76
1.07 0.62 0.76
1.07 0.61 0.76
1.06 0.59 0.74
1.07 0.58 0.72
1.05 0.59 0.74
1.05 0.62 0.76
1.05 0.61 0.75
1.06 0.61 0.75
1.06 0.59 0.73
1.07 0.59 0.74
1.05 0.61 0.76
1.05 0.59 0.73
1.06 0.61 0.73
1.07 0.63 0.75
1.07 0.62 0.75
1.05 0.64 0.77
1.05 0.63 0.75
1.06 0.62 0.75
1.04 0.63 0.76
1.05 0.62 0.77
1.05 0.6 0.74
1.05 0.6 0.74
1.05 0.62 0.75
1.05 0.62 0.75
1.05 0.61 0.74
1.06 0.61 0.74
1.07 0.61 0.75
1.07 0.62 0.77
1.07 0.61 0.77
1.06 0.61 0.75
1.06 0.58 0.73
1.07 0.57 0.73
1.08 0.56 0.73
1.08 0.56 0.73
1.08 0.58 0.74
1.08 0.55 0.76
1.08 0.58 0.36
1.07 0.59 0.48
1.07 0.59 0.53
1.07 0.59 0.59
1.07 0.58 0.63
1.07 0.58 0.65
1.07 0.57 0.66
1.07 0.56 0.68
1.07 0.56 0.7
1.06 0.57 0.73
1.06 0.59 0.73
1.06 0.57 0.74
1.06 0.58 0.74
1.07 0.59 0.74
1.07 0.6 0.75
1.07 0.59 0.74
1.08 0.58 0.73
1.08 0.59 0.73
1.08 0.59 0.74
1.07 0.6 0.77
1.07 0.6 0.75
1.07 0.6 0.76
1.05 0.6 0.78
1.06 0.6 0.78
1.06 0.6 0.77
1.07 0.59 0.77
1.07 0.59 0.76
1.06 0.61 0.78
1.07 0.59 0.77
1.06 0.57 0.76
1.07 0.59 0.74
1.06 0.6 0.75
1.07 0.62 0.76
1.07 0.59 0.75
1.07 0.58 0.73
1.06 0.58 0.75
1.06 0.59 0.76
1.06 0.61 0.75
1.05 0.61 0.75
1.06 0.59 0.75
1.05 0.59 0.75
1.05 0.62 0.76
1.06 0.61 0.75
1.06 0.61 0.76
1.06 0.61 0.75
1.05 0.59 0.73
1.04 0.61 0.75
1.06 0.59 0.73
1.05 0.58 0.71
1.04 0.6 0.74
1.04 0.6 0.74
1.05 0.59 0.73
1.05 0.59 0.75
1.06 0.6 0.76
1.06 0.61 0.76
1.07 0.61 0.74
1.06 0.59 0.73
1.06 0.59 0.74
1.06 0.6 0.73
1.07 0.59 0.75
1.07 0.59 0.74
1.06 0.61 0.75
1.06 0.59 0.72
1.04 0.59 0.74
1.06 0.6 0.74
1.04 0.61 0.75
1.04 0.58 0.73
1.05 0.57 0.72
1.04 0.61 0.74
1.05 0.6 0.76
1.06 0.58 0.73
1.04 0.61 0.74
1.05 0.62 0.75
1.04 0.62 0.77
1.04 0.63 0.78
1.04 0.61 0.76
1.05 0.61 0.76
1.06 0.63 0.77
1.05 0.59 0.75
1.06 0.58 0.74
1.07 0.59 0.75
1.06 0.64 0.77
1.06 0.68 0.78
1.07 0.67 0.78
1.07 0.65 0.77
1.07 0.64 0.76
1.07 0.63 0.77
1.07 0.6 0.75
1.07 0.58 0.73
1.07 0.58 0.74
1.07 0.57 0.72
1.07 0.58 0.72
1.05 0.58 0.75
1.05 0.57 0.74
1.05 0.57 0.73
1.06 0.56 0.71
1.06 0.57 0.71
1.05 0.55 0.37
1.04 0.58 0.08
1.05 0.58 0.27
1.05 0.58 0.38
1.05 0.58 0.47
1.05 0.57 0.53
1.05 0.59 0.59
1.06 0.61 0.63
1.06 0.59 0.64
1.06 0.58 0.64
1.07 0.58 0.67
1.07 0.6 0.68
1.07 0.61 0.7
1.06 0.59 0.69
1.06 0.58 0.69
1.06 0.59 0.72
1.06 0.6 0.73
1.06 0.6 0.73
1.06 0.58 0.71
1.06 0.58 0.72
1.06 0.58 0.71
1.06 0.55 0.7
1.07 0.57 0.33
1.06 0.56 0.41
1.06 0.6 0.5
1.06 0.61 0.57
1.06 0.59 0.61
1.06 0.57 0.63
1.06 0.57 0.64
1.06 0.57 0.65
1.07 0.56 0.65
1.07 0.57 0.66
1.06 0.56 0.66
1.07 0.56 0.67
1.07 0.57 0.68
1.07 0.59 0.71
1.06 0.58 0.72
1.06 0.59 0.74
1.06 0.62 0.76
1.05 0.61 0.76
1.06 0.61 0.74
1.05 0.6 0.75
1.05 0.6 0.74
1.06 0.6 0.75
1.06 0.59 0.72
1.06 0.58 0.72
1.06 0.57 0.71
1.06 0.58 0.71
1.06 0.59 0.71
1.06 0.58 0.69
1.06 0.58 0.69
1.06 0.57 0.7
1.06 0.58 0.7
1.06 0.56 0.71
1.06 0.54 0.7
1.07 0.57 0.34
1.06 0.59 0.45
1.07 0.59 0.53
1.07 0.58 0.56
1.07 0.59 0.61
1.07 0.6 0.65
1.07 0.6 0.68
1.07 0.61 0.69
1.06 0.59 0.68
1.06 0.58 0.7
1.05 0.59 0.72
1.06 0.63 0.74
1.06 0.6 0.71
1.06 0.6 0.73
1.07 0.62 0.75
1.06 0.6 0.74
1.07 0.59 0.73
1.06 0.57 0.71
1.07 0.58 0.72
1.07 0.56 0.72
1.07 0.59 0.74
1.07 0.57 0.73
1.06 0.57 0.71
1.06 0.59 0.72
1.04 0.6 0.73
1.04 0.58 0.71
1.05 0.58 0.71
1.05 0.57 0.7
1.05 0.57 0.71
1.04 0.55 0.7
1.03 0.52 0.36
1.04 0.54 0.08
1.04 0.59 -0.14
1.05 0.61 0.1
1.05 0.6 0.26
1.05 0.57 0.02
1.04 0.57 0.21
1.05 0.58 0.35
1.04 0.59 0.46
1.06 0.59 0.51
1.05 0.59 0.58
1.05 0.6 0.63
1.06 0.62 0.67
1.06 0.6 0.67
1.07 0.6 0.69
1.06 0.6 0.72
1.07 0.55 0.73
1.07 0.55 0.38
1.07 0.56 0.1
1.07 0.54 0.24
1.06 0.57 0
1.07 0.55 0.19
1.07 0.58 -0.04
1.07 0.56 0.16
1.07 0.59 0.3
1.07 0.6 0.42
1.07 0.6 0.49
1.05 0.61 0.56
1.07 0.58 0.61
1.06 0.57 0.65
1.05 0.6 0.67
1.07 0.59 0.69
1.07 0.6 0.71
1.05 0.6 0.73
1.05 0.6 0.74
1.06 0.6 0.73
1.06 0.58 0.71
1.06 0.59 0.72
1.07 0.6 0.74
1.06 0.59 0.72
1.07 0.58 0.72
1.06 0.58 0.71
1.06 0.57 0.7
1.06 0.58 0.72
1.06 0.6 0.72
1.05 0.58 0.71
1.06 0.58 0.72
1.06 0.58 0.72
1.04 0.59 0.74
1.04 0.6 0.74
1.04 0.58 0.73
1.05 0.58 0.73
1.06 0.59 0.74
1.06 0.59 0.74
1.06 0.58 0.73
1.05 0.56 0.72
1.06 0.58 0.73
1.06 0.58 0.75
1.05 0.56 0.74
1.05 0.55 0.73
1.05 0.58 0.36
1.05 0.58 0.46
1.05 0.59 0.53
1.06 0.58 0.58
1.06 0.57 0.6
1.06 0.54 0.64
1.07 0.54 0.3
1.07 0.57 0.05
1.07 0.56 0.21
1.07 0.56 0.33
1.07 0.41 0.47
1.08 0.45 0.16
1.08 0.5 -0.05
1.07 0.52 -0.22
1.06 0.53 -0.35
1.06 0.55 -0.45
1.06 0.56 -0.52
1.06 0.55 -0.22
1.06 0.56 -0.36
1.07 0.58 -0.1
1.07 0.55 0.1
1.07 0.54 -0.1
1.05 0.56 -0.27
1.06 0.56 -0.03
1.06 0.56 0.15
1.06 0.55 0.28
1.07 0.55 0.04
1.06 0.57 -0.17
1.06 0.58 0.08
1.06 0.57 0.23
1.06 0.56 0.34
1.06 0.56 0.44
1.06 0.56 0.5
1.05 0.58 0.58
1.05 0.55 0.61
1.05 0.57 0.27
1.05 0.57 0.39
1.05 0.57 0.48
1.04 0.59 0.55
1.04 0.57 0.59
1.04 0.55 0.62
1.05 0.55 0.28
1.05 0.57 0.04
1.05 0.56 0.21
1.05 0.55 0.32
1.06 0.56 0.08
1.06 0.57 0.24
1.06 0.57 0.36
1.06 0.56 0.45
1.06 0.54 0.5
1.06 0.55 0.2
1.06 0.56 -0.03
1.05 0.54 0.15
1.04 0.55 -0.08
1.05 0.55 -0.24
1.05 0.55 -0.36
1.05 0.54 -0.46
1.05 0.54 -0.51
1.06 0.55 -0.57
1.05 0.56 -0.63
1.05 0.57 -0.27
1.05 0.58 -0.02
1.04 0.58 0.17
1.04 0.58 0.32
1.04 0.58 0.44
1.04 0.57 0.5
1.03 0.57 0.57
1.04 0.55 0.59
1.05 0.56 0.25
1.05 0.55 0.36
1.05 0.56 0.09
1.05 0.53 0.25
1.06 0.53 0.02
1.06 0.54 -0.16
1.06 0.55 -0.3
1.06 0.55 -0.38
1.06 0.58 -0.47
1.06 0.58 -0.17
1.06 0.55 0.05
1.06 0.57 -0.14
1.06 0.54 -0.28
1.06 0.56 -0.4
1.05 0.56 -0.12
1.06 0.54 0.07
1.06 0.56 -0.13
1.06 0.55 0.06
1.07 0.56 -0.13
1.07 0.55 0.08
1.07 0.57 -0.11
1.07 0.56 0.09
1.07 0.57 0.25
1.07 0.57 0.35
1.06 0.56 0.44
1.06 0.56 0.5
1.06 0.55 0.53
1.07 0.56 0.22
1.06 0.57 0.35
1.05 0.56 0.42
1.05 0.55 0.48
1.05 0.57 0.17
1.05 0.57 0.32
1.05 0.58 0.43
1.05 0.57 0.48
1.06 0.57 0.51
1.06 0.57 0.58
1.06 0.58 0.62
1.05 0.56 0.64
1.05 0.56 0.65
1.06 0.55 0.66
1.06 0.56 0.31
1.06 0.56 0.39
1.06 0.54 0.45
1.05 0.55 0.14
1.05 0.57 -0.07
1.06 0.57 0.13
1.06 0.56 0.26
1.06 0.55 0.36
1.06 0.57 0.09
1.06 0.56 0.24
1.07 0.56 0.34
1.06 0.54 0.42
1.05 0.57 0.12
1.05 0.57 0.27
1.06 0.57 0.37
1.07 0.56 0.45
1.07 0.57 0.52
1.07 0.58 0.57
1.07 0.59 0.62
1.07 0.6 0.67
1.06 0.58 0.68
1.05 0.59 0.71
1.05 0.59 0.73
1.05 0.58 0.72
1.05 0.56 0.71
1.05 0.55 0.71
1.05 0.56 0.34
1.05 0.57 0.46
1.05 0.57 0.5
1.05 0.56 0.56
1.05 0.56 0.59
1.05 0.57 0.62
1.05 0.57 0.66
1.05 0.54 0.66
1.06 0.55 0.34
1.06 0.57 0.08
1.07 0.57 0.23
1.06 0.57 0.36
1.07 0.58 0.44
1.06 0.56 0.5
1.07 0.56 0.54
1.06 0.56 0.57
1.07 0.55 0.6
1.06 0.56 0.26
1.07 0.57 0.38
1.07 0.56 0.45
1.07 0.56 0.5
1.07 0.56 0.55
1.06 0.54 0.59
1.06 0.56 0.24
1.06 0.57 0.37
1.07 0.55 0.45
1.07 0.55 0.18
1.07 0.57 -0.05
1.07 0.56 0.13
1.07 0.58 0.3
1.07 0.57 0.39
1.07 0.56 0.46
1.08 0.56 0.52
1.08 0.55 0.56
1.08 0.57 0.23
1.08 0.58 0.33
1.08 0.59 0.44
1.08 0.59 0.5
1.09 0.58 0.55
1.07 0.58 0.58
1.07 0.55 0.6
1.06 0.56 0.27
1.07 0.56 0.37
1.06 0.55 0.45
1.07 0.56 0.15
1.07 0.57 0.31
1.06 0.57 0.41
1.07 0.56 0.47
1.07 0.58 0.54
1.07 0.57 0.57
1.07 0.57 0.62
1.07 0.58 0.63
1.08 0.58 0.67
1.08 0.58 0.68
1.07 0.57 0.68
1.08 0.56 0.68
1.08 0.57 0.7
1.07 0.55 0.7
1.07 0.56 0.34
1.07 0.55 0.44
1.07 0.55 0.16
1.07 0.55 -0.07
1.07 0.56 -0.24
1.08 0.57 0.01
1.07 0.56 0.16
1.06 0.58 0.32
1.06 0.56 0.42
1.06 0.55 0.48
1.06 0.56 0.16
1.06 0.55 0.29
1.06 0.56 0.04
1.06 0.55 0.2
1.07 0.57 -0.03
1.07 0.57 0.16
1.07 0.57 0.27
1.07 0.56 0.37
1.08 0.56 0.45
1.08 0.56 0.52
1.08 0.56 0.22
1.06 0.54 0.33
1.07 0.55 0.06
1.07 0.56 -0.13
1.08 0.56 0.06
1.08 0.56 0.24
1.07 0.53 0.35
1.06 0.54 0.07
1.07 0.56 -0.14
1.07 0.56 0.08
1.06 0.55 0.22
1.07 0.56 -0.02
1.07 0.57 0.17
1.08 0.58 0.32
1.08 0.57 0.4
1.08 0.55 0.11
1.07 0.54 -0.1
1.07 0.56 -0.26
1.07 0.56 -0.02
1.07 0.56 0.16
1.08 0.56 0.28
1.08 0.55 0.39
1.08 0.56 0.1
1.07 0.56 0.26
1.07 0.55 0.37
1.07 0.55 0.11
1.07 0.57 -0.1
1.08 0.58 0.11
1.07 0.56 0.26
1.08 0.56 0.38
1.08 0.57 0.47
1.08 0.56 0.52
1.08 0.56 0.57
1.07 0.54 0.6
1.07 0.54 0.28
1.07 0.54 0.03
1.08 0.55 -0.16
1.08 0.56 -0.31
1.08 0.57 -0.03
1.08 0.57 0.17
1.08 0.57 0.31
1.08 0.57 0.43
1.07 0.56 0.5
1.07 0.54 0.55
1.07 0.57 0.23
1.08 0.58 0.35
1.08 0.57 0.45
1.07 0.55 0.5
1.07 0.59 0.19
1.07 0.6 0.34
1.06 0.6 0.46
1.05 0.61 0.55
1.06 0.61 0.61
1.06 0.6 0.65
1.06 0.6 0.65
1.07 0.59 0.66
1.06 0.57 0.68
1.06 0.55 0.69
1.07 0.56 0.33
1.07 0.58 0.45
1.08 0.56 0.5
1.08 0.56 0.55
1.08 0.57 0.61
1.08 0.58 0.65
1.07 0.55 0.67
1.06 0.54 0.32
1.07 0.56 0.06
1.06 0.55 0.23
1.06 0.57 -0.02
1.06 0.55 0.15
1.06 0.56 -0.06
1.06 0.55 -0.22
1.06 0.57 -0.34
1.06 0.55 -0.08
1.07 0.55 -0.23
1.07 0.53 -0.36
1.07 0.53 -0.45
1.07 0.54 -0.51
1.07 0.55 -0.58
1.07 0.57 -0.62
1.07 0.56 -0.28
1.07 0.58 -0.01
1.07 0.58 0.19
1.07 0.55 0.32
1.07 0.57 0.05
1.07 0.57 0.21
1.07 0.57 0.34
1.08 0.57 0.45
1.08 0.56 0.51
1.08 0.57 0.58
1.07 0.56 0.6
1.07 0.55 0.61
1.07 0.57 0.28
1.07 0.57 0.4
1.07 0.57 0.47
1.07 0.58 0.55
1.07 0.56 0.58
1.06 0.57 0.62
1.07 0.57 0.64
1.06 0.57 0.66
1.07 0.57 0.67
1.07 0.54 0.67
1.07 0.55 0.31
1.07 0.54 0.07
1.07 0.57 -0.13
1.06 0.54 0.07
1.06 0.55 -0.12
1.07 0.56 -0.27
1.08 0.58 -0.02
1.07 0.55 0.16
1.07 0.56 -0.04
1.06 0.57 0.17
1.06 0.55 0.31
1.06 0.56 0.05
1.06 0.54 0.23
1.06 0.53 0
1.06 0.54 -0.18
1.07 0.57 -0.32
1.07 0.57 -0.09
1.08 0.56 -0.24
1.07 0.56 -0.01
1.08 0.55 0.16
1.07 0.56 -0.07
1.07 0.54 0.13
1.07 0.53 -0.08
1.07 0.54 -0.23
1.07 0.55 -0.36
1.07 0.57 -0.46
1.07 0.57 -0.16
1.07 0.59 0.08
1.07 0.61 0.24
1.07 0.61 0.37
1.06 0.6 0.46
1.06 0.58 0.53
1.06 0.59 0.58
1.07 0.6 0.62
1.06 0.58 0.64
1.06 0.57 0.66
1.06 0.58 0.68
1.07 0.57 0.7
1.07 0.58 0.72
1.06 0.56 0.7
1.06 0.56 0.73
1.06 0.56 0.73
1.05 0.55 0.72
1.06 0.56 0.38
1.06 0.56 0.47
1.06 0.56 0.53
1.05 0.56 0.58
1.06 0.57 0.61
1.05 0.56 0.64
1.06 0.54 0.66
1.06 0.55 0.31
1.06 0.56 0.05
1.06 0.56 0.22
1.06 0.54 0.33
1.07 0.56 0.06
1.06 0.55 0.22
1.07 0.57 -0.02
1.06 0.56 0.15
1.06 0.55 0.28
1.06 0.58 0.02
1.06 0.57 0.2
1.06 0.55 0.33
1.05 0.57 0.05
1.06 0.55 0.2
1.07 0.57 -0.02
1.08 0.58 0.17
1.07 0.55 0.29
1.06 0.55 0.05
1.06 0.55 -0.13
1.06 0.58 -0.29
1.05 0.57 -0.05
1.05 0.54 0.14
1.06 0.56 -0.09
1.05 0.53 0.12
1.05 0.55 -0.11
1.05 0.55 -0.26
1.05 0.55 -0.36
1.05 0.55 -0.46
1.06 0.57 -0.53
1.06 0.57 -0.22
1.05 0.54 0.01
1.04 0.57 -0.19
1.04 0.57 0.05
1.04 0.57 0.22
1.04 0.55 0.34
1.05 0.56 0.07
1.05 0.58 0.23
1.05 0.58 0.37
1.05 0.57 0.45
1.05 0.55 0.5
1.04 0.57 0.18
1.04 0.57 0.33
1.04 0.56 0.43
1.05 0.54 0.47
1.05 0.55 0.18
1.06 0.56 -0.06
1.05 0.57 0.15
1.05 0.56 0.28
1.05 0.53 0.37
1.05 0.54 0.09
1.06 0.54 -0.11
1.06 0.56 -0.27
1.05 0.55 -0.03
1.05 0.56 -0.2
1.06 0.57 0.02
1.06 0.57 0.2
1.06 0.54 0.33
1.06 0.56 0.06
1.06 0.55 0.22
1.07 0.58 -0.03
1.08 0.59 0.17
1.07 0.57 0.29
1.07 0.56 0.38
1.07 0.57 0.48
1.08 0.56 0.53
1.06 0.54 0.58
1.06 0.56 0.25
1.06 0.53 0.35
1.07 0.54 0.08
1.07 0.56 -0.12
1.07 0.55 0.08
1.07 0.56 -0.13
1.06 0.57 0.09
1.05 0.57 0.27
1.06 0.57 0.38
1.06 0.55 0.46
1.06 0.56 0.15
1.07 0.56 0.29
1.07 0.54 0.38
1.07 0.56 0.09
1.06 0.54 0.25
1.06 0.54 0
1.07 0.54 -0.16
1.08 0.55 -0.3
1.08 0.56 -0.4
1.09 0.56 -0.11
1.09 0.56 0.09
1.08 0.57 0.26
1.08 0.54 0.37
1.08 0.55 0.09
1.09 0.57 -0.12
1.09 0.57 0.09
1.08 0.57 0.26
1.08 0.58 0.38
1.08 0.59 0.48
1.08 0.59 0.55
1.08 0.59 0.6
1.08 0.58 0.63
1.08 0.6 0.67
1.07 0.62 0.72
1.06 0.6 0.7
1.07 0.58 0.69
1.06 0.55 0.68
1.07 0.56 0.33
1.07 0.56 0.41
1.07 0.54 0.48
1.08 0.55 0.18
1.08 0.54 -0.04
1.08 0.54 -0.2
1.08 0.56 -0.35
1.07 0.55 -0.1
1.07 0.56 -0.25
1.07 0.56 0
1.07 0.56 0.17
1.07 0.54 0.29
1.07 0.54 0.04
1.07 0.55 -0.13
1.07 0.57 -0.29
1.08 0.56 -0.03
1.07 0.56 0.16
1.07 0.56 0.28
1.07 0.58 0.4
1.07 0.56 0.46
1.07 0.57 0.52
1.07 0.55 0.57
1.08 0.56 0.24
1.08 0.56 0.33
1.08 0.56 0.43
1.08 0.56 0.48
1.08 0.55 0.53
1.08 0.56 0.24
1.08 0.55 0.35
1.08 0.55 0.09
1.07 0.54 -0.11
1.07 0.55 -0.26
1.07 0.57 -0.38
1.08 0.58 -0.11
1.07 0.57 0.09
1.08 0.56 0.22
1.07 0.56 0.32
1.07 0.57 0.44
1.07 0.57 0.52
1.07 0.54 0.55
1.08 0.54 0.24
1.08 0.57 -0.01
1.08 0.57 0.19
1.07 0.54 0.32
1.07 0.56 0.04
1.07 0.57 0.21
1.08 0.57 0.32
1.08 0.55 0.42
1.08 0.56 0.14
1.07 0.54 0.27
1.08 0.56 0.01
1.07 0.55 0.18
1.07 0.54 -0.04
1.07 0.55 -0.2
1.08 0.56 -0.34
1.07 0.56 -0.09
1.07 0.56 0.11
1.07 0.56 0.27
1.07 0.54 0.36
1.07 0.56 0.1
1.07 0.56 0.27
1.06 0.54 0.37
1.07 0.55 0.11
1.07 0.55 -0.1
1.07 0.57 -0.25
1.07 0.55 0
1.08 0.55 -0.16
1.07 0.55 -0.29
1.07 0.57 -0.42
1.07 0.57 -0.12
1.07 0.54 0.08
1.07 0.53 -0.11
1.07 0.55 -0.27
1.06 0.54 -0.39
1.07 0.54 -0.47
1.07 0.55 -0.52
1.07 0.54 -0.56
1.07 0.55 -0.59
1.07 0.57 -0.63
1.07 0.54 -0.31
1.07 0.53 -0.41
1.07 0.54 -0.47
1.07 0.54 -0.53
1.08 0.55 -0.58
1.06 0.55 -0.61
1.07 0.55 -0.65
1.07 0.56 -0.67
1.07 0.57 -0.32
1.07 0.55 -0.06
1.07 0.55 -0.22
1.07 0.55 -0.34
1.08 0.56 -0.44
1.08 0.57 -0.15
1.08 0.56 0.07
1.08 0.55 0.23
1.08 0.56 -0.02
1.08 0.57 0.16
1.08 0.55 0.29
1.07 0.57 0.03
1.07 0.56 0.2
1.07 0.56 0.32
1.06 0.53 0.42
1.07 0.53 0.15
1.07 0.55 -0.06
1.08 0.57 -0.23
1.07 0.57 0.01
1.08 0.55 0.18
1.07 0.55 -0.04
1.07 0.56 -0.23
1.07 0.58 0.02
1.08 0.58 0.19
1.07 0.56 0.32
1.07 0.56 0.4
1.08 0.55 0.47
1.07 0.55 0.16
1.07 0.55 -0.05
1.07 0.56 -0.22
1.08 0.54 0.01
1.08 0.54 -0.17
1.08 0.56 -0.31
1.08 0.53 -0.07
1.07 0.54 -0.24
1.08 0.56 -0.36
1.08 0.55 -0.09
1.08 0.56 -0.25
1.08 0.55 -0.01
1.08 0.56 -0.21
1.08 0.56 0.03
1.08 0.56 0.2
1.08 0.55 0.31
1.08 0.54 0.06
1.08 0.57 -0.13
1.07 0.57 0.09
1.08 0.56 0.23
1.07 0.54 0.34
1.08 0.54 0.08
1.07 0.56 -0.14
1.07 0.56 0.07
1.06 0.57 0.24
1.06 0.55 0.35
1.06 0.55 0.07
1.06 0.57 -0.12
1.07 0.55 0.07
1.08 0.55 -0.13
1.07 0.55 -0.28
1.08 0.54 -0.39
1.08 0.56 -0.49
1.08 0.57 -0.19
1.08 0.55 0.03
1.08 0.56 -0.15
1.07 0.55 0.07
1.08 0.54 -0.13
1.08 0.53 -0.27
1.07 0.54 -0.39
1.07 0.55 -0.47
1.07 0.56 -0.54
1.07 0.54 -0.23
1.07 0.56 -0.35
1.08 0.55 -0.09
1.08 0.58 -0.26
1.08 0.57 -0.02
1.07 0.54 0.16
1.08 0.56 -0.07
1.07 0.54 0.12
1.07 0.54 -0.1
1.06 0.55 -0.26
1.06 0.53 -0.38
1.07 0.56 -0.47
1.07 0.54 -0.19
1.07 0.55 -0.33
1.07 0.56 -0.43
1.07 0.55 -0.15
1.07 0.54 -0.31
1.07 0.54 -0.41
1.07 0.54 -0.49
1.07 0.54 -0.54
1.07 0.56 -0.57
1.06 0.55 -0.26
1.06 0.55 -0.38
1.07 0.55 -0.46
1.07 0.55 -0.52
1.07 0.56 -0.57
1.08 0.56 -0.25
1.08 0.54 -0.02
1.08 0.54 -0.18
1.08 0.57 -0.34
1.08 0.56 -0.08
1.07 0.53 0.11
1.07 0.54 -0.09
1.08 0.55 -0.24
1.08 0.56 -0.36
1.08 0.55 -0.1
1.08 0.54 -0.25
1.08 0.56 -0.36
1.08 0.58 -0.08
1.07 0.57 -0.25
1.06 0.55 -0.02
1.06 0.55 -0.19
1.07 0.55 -0.32
1.07 0.55 -0.42
1.08 0.56 -0.49
1.07 0.55 -0.2
1.07 0.56 -0.33
1.08 0.56 -0.08
1.08 0.57 0.13
1.07 0.52 0.28
1.07 0.53 0.38
1.07 0.53 0.1
1.07 0.56 -0.12
1.07 0.58 0.11
1.06 0.54 0.25
1.06 0.53 0.01
1.07 0.55 -0.18
1.08 0.56 -0.32
1.08 0.55 -0.07
1.07 0.54 -0.23
1.08 0.55 -0.35
1.08 0.56 -0.44
1.08 0.55 -0.15
1.08 0.55 -0.28
1.08 0.55 -0.38
1.08 0.55 -0.48
1.08 0.57 -0.53
1.07 0.55 -0.22
1.07 0.55 -0.34
1.07 0.56 -0.43
1.07 0.57 -0.12
1.07 0.56 0.1
1.07 0.55 0.24
1.07 0.55 -0.01
1.07 0.56 -0.2
1.07 0.56 0.02
1.07 0.55 0.19
1.07 0.57 -0.03
1.08 0.56 0.15
1.08 0.57 0.3
1.09 0.55 0.4
1.08 0.54 0.12
1.07 0.54 -0.08
1.08 0.55 -0.24
1.07 0.57 -0.37
1.07 0.56 -0.1
1.07 0.53 0.09
1.07 0.55 -0.12
1.07 0.57 -0.28
1.08 0.58 -0.02
1.08 0.58 0.16
1.08 0.59 0.31
1.08 0.62 0.41
1.08 0.6 0.48
1.08 0.6 0.54
1.07 0.58 0.58
1.07 0.6 0.63
1.08 0.59 0.66
1.07 0.58 0.67
1.08 0.56 0.68
1.08 0.57 0.68
1.09 0.59 0.7
1.09 0.61 0.71
1.09 0.59 0.71
1.08 0.58 0.69
1.08 0.58 0.69
1.08 0.58 0.72
1.08 0.58 0.73
1.07 0.57 0.71
1.09 0.56 0.7
1.07 0.59 0.72
1.08 0.6 0.72
1.08 0.58 0.7
1.08 0.58 0.7
1.07 0.56 0.71
1.06 0.57 0.74
1.07 0.58 0.73
1.07 0.56 0.7
1.07 0.56 0.7
1.06 0.55 0.69
1.06 0.55 0.32
1.07 0.55 0.06
1.07 0.55 -0.14
1.08 0.57 -0.3
1.07 0.56 -0.06
1.08 0.57 0.15
1.07 0.54 0.29
1.07 0.56 0.03
1.07 0.56 0.21
1.07 0.57 0.35
1.07 0.55 0.44
1.07 0.54 0.16
1.07 0.55 -0.05
1.07 0.56 -0.2
1.08 0.56 0.04
1.07 0.55 0.2
1.08 0.55 -0.03
1.08 0.56 -0.21
1.07 0.57 0.03
1.06 0.58 0.22
1.07 0.57 0.34
1.07 0.57 0.45
1.07 0.59 0.52
1.08 0.58 0.57
1.07 0.57 0.6
1.07 0.55 0.63
1.07 0.56 0.28
1.05 0.57 0.41
1.05 0.57 0.48
1.05 0.56 0.53
1.05 0.55 0.57
1.05 0.56 0.24
1.06 0.58 0.37
1.06 0.55 0.45
1.06 0.54 0.16
1.06 0.55 -0.07
1.06 0.55 -0.23
1.06 0.54 -0.35
1.06 0.53 -0.44
1.07 0.54 -0.51
1.07 0.54 -0.57
1.07 0.55 -0.62
1.07 0.55 -0.63
1.07 0.55 -0.65
1.07 0.57 -0.67
1.09 0.58 -0.32
1.07 0.56 -0.06
1.07 0.57 0.15
1.08 0.58 0.3
1.08 0.57 0.41
1.08 0.56 0.47
1.08 0.56 0.54
1.07 0.55 0.59
1.05 0.58 0.24
1.04 0.59 0.38
1.03 0.57 0.47
1.03 0.55 0.51
1.04 0.57 0.2
1.05 0.56 0.34
1.05 0.55 0.43
1.06 0.57 0.14
1.07 0.56 0.26
1.06 0.58 0.38
1.06 0.57 0.46
1.06 0.56 0.51
1.07 0.54 0.56
1.07 0.55 0.24
1.07 0.56 0
1.06 0.57 0.19
