1.35 0.5 -0.04
1.37 0.49 0.14
1.37 0.49 0.26
1.36 0.62 0.4
1.34 0.6 0.16
1.35 0.54 0
1.35 0.54 0.17
1.36 0.53 0.3
1.36 0.51 0.37
1.35 0.59 0.48
1.36 0.56 0.18
1.36 0.53 -0.02
1.36 0.51 0.12
1.35 0.51 0.23
1.35 0.49 0.33
1.35 0.49 0.42
1.35 0.57 0.52
1.36 0.54 0.24
1.36 0.51 0.33
1.37 0.51 0.41
1.36 0.48 0.46
1.37 0.59 0.59
1.37 0.56 0.29
1.36 0.54 0.04
1.36 0.5 0.21
1.37 0.46 0.33
1.37 0.58 0.48
1.37 0.55 0.21
1.36 0.56 0.35
1.36 0.55 0.1
1.36 0.53 0.21
1.36 0.5 0.29
1.36 0.5 0.37
1.36 0.5 0.44
1.37 0.49 0.49
1.37 0.48 0.49
1.36 0.48 0.53
1.37 0.49 0.58
1.37 0.5 0.59
1.37 0.5 0.6
1.37 0.51 0.61
1.37 0.48 0.6
1.38 0.47 0.63
1.38 0.48 0.63
1.36 0.47 0.61
1.36 0.48 0.62
1.37 0.47 0.62
1.37 0.49 0.61
1.37 0.5 0.62
1.37 0.49 0.6
1.37 0.58 0.66
1.37 0.67 0.28
1.37 0.63 0.06
1.36 0.58 -0.1
1.36 0.54 -0.25
1.37 0.48 -0.02
1.37 0.68 0.21
1.36 0.6 0.03
1.36 0.53 -0.12
1.35 0.54 0.07
1.36 0.74 0.26
1.37 0.66 0.03
1.37 0.58 0.15
1.27 0.76 0.02
1.3 0.67 -0.15
1.32 0.63 -0.29
1.33 0.58 -0.35
1.34 0.56 -0.42
1.34 0.51 -0.47
1.35 0.49 -0.19
1.36 0.48 0.02
1.36 0.49 0.18
1.35 0.48 0.28
1.36 0.49 0.36
1.37 0.5 0.44
1.37 0.62 0.55
1.37 0.56 0.57
1.36 0.62 0.22
1.37 0.54 -0.01
1.38 0.51 0.17
1.38 0.5 0.27
1.38 0.48 0.33
1.38 0.45 0.43
1.37 0.45 0.5
1.36 0.47 0.56
1.35 0.46 0.58
1.35 0.44 0.58
1.36 0.41 0.61
1.36 0.51 0.69
1.36 0.49 0.68
1.35 0.47 0.66
1.37 0.46 0.67
1.39 0.44 0.68
1.37 0.46 0.67
1.36 0.54 0.72
1.36 0.5 0.7
1.37 0.49 0.69
1.36 0.46 0.68
1.36 0.45 0.66
1.36 0.45 0.66
1.36 0.44 0.67
1.37 0.44 0.68
1.36 0.45 0.65
1.36 0.44 0.65
1.36 0.43 0.63
1.37 0.64 0.71
1.37 0.57 0.36
1.36 0.54 0.11
1.35 0.54 0.25
1.36 0.51 0.37
1.36 0.7 0.52
1.36 0.62 0.25
1.35 0.59 0.05
1.35 0.54 -0.1
1.35 0.62 0.13
1.35 0.64 -0.11
1.35 0.57 -0.22
1.34 0.54 -0.3
1.35 0.52 -0.06
1.36 0.51 0.13
1.36 0.58 0.32
1.35 0.53 0.09
1.35 0.53 0.21
1.36 0.51 0.31
1.37 0.48 0.4
1.37 0.49 0.46
1.36 0.49 0.49
1.36 0.47 0.53
1.37 0.45 0.57
1.37 0.43 0.58
1.36 0.42 0.58
1.36 0.51 0.64
1.36 0.48 0.65
1.35 0.55 0.7
1.35 0.53 0.68
1.34 0.5 0.66
1.35 0.5 0.66
1.35 0.59 0.71
1.35 0.55 0.39
1.35 0.5 0.44
1.35 0.51 0.48
1.35 0.58 0.58
1.36 0.53 0.27
1.38 0.62 0.43
1.37 0.57 0.19
1.37 0.52 -0.03
1.38 0.49 0.12
1.37 0.5 0.25
1.36 0.5 0.33
1.36 0.49 0.38
1.37 0.48 0.45
1.36 0.56 0.55
1.35 0.52 0.28
1.35 0.51 0.34
1.36 0.49 0.43
1.36 0.58 0.55
1.34 0.53 0.27
1.35 0.53 0.36
1.35 0.51 0.42
1.36 0.48 0.48
1.38 0.46 0.53
1.37 0.47 0.54
1.36 0.46 0.55
1.36 0.45 0.58
1.37 0.46 0.61
1.36 0.46 0.62
1.35 0.45 0.62
1.35 0.45 0.6
1.36 0.45 0.62
1.37 0.44 0.65
1.37 0.44 0.64
1.36 0.46 0.63
1.36 0.45 0.63
1.36 0.44 0.66
1.36 0.45 0.64
1.36 0.45 0.64
1.36 0.56 0.7
1.36 0.54 0.36
1.36 0.51 0.43
1.35 0.49 0.49
1.36 0.57 0.58
1.36 0.54 0.27
1.37 0.52 0.37
1.37 0.49 0.42
1.36 0.47 0.45
1.35 0.48 0.47
1.36 0.46 0.52
1.36 0.54 0.61
1.36 0.5 0.6
1.36 0.48 0.61
1.37 0.46 0.62
1.38 0.43 0.63
1.37 0.45 0.63
1.36 0.46 0.6
1.36 0.47 0.61
1.36 0.46 0.62
1.37 0.55 0.69
1.36 0.52 0.67
1.35 0.49 0.66
1.36 0.49 0.65
1.36 0.46 0.66
1.36 0.45 0.63
1.36 0.46 0.61
1.36 0.46 0.6
1.36 0.46 0.61
1.36 0.45 0.63
1.35 0.45 0.61
1.35 0.45 0.61
1.37 0.43 0.63
1.37 0.45 0.64
1.37 0.44 0.64
1.37 0.44 0.62
1.37 0.43 0.63
1.36 0.45 0.63
1.38 0.55 0.69
1.37 0.53 0.67
1.36 0.5 0.66
1.37 0.49 0.66
1.37 0.48 0.67
1.36 0.49 0.66
1.36 0.49 0.65
1.36 0.47 0.65
1.36 0.56 0.7
1.36 0.56 0.35
1.36 0.54 0.12
1.36 0.53 0.25
1.37 0.49 0.37
1.37 0.48 0.45
1.37 0.47 0.48
1.37 0.45 0.51
1.37 0.46 0.54
1.37 0.46 0.57
1.38 0.45 0.61
1.38 0.44 0.61
1.38 0.43 0.6
1.37 0.43 0.63
1.37 0.44 0.64
1.37 0.44 0.62
1.36 0.65 0.69
1.36 0.69 0.3
1.35 0.7 0.01
1.36 0.63 -0.13
1.34 0.58 -0.23
1.34 0.52 -0.34
1.35 0.5 -0.07
1.36 0.49 0.12
1.35 0.47 0.24
1.36 0.47 0.33
1.36 0.47 0.38
1.36 0.47 0.45
1.36 0.48 0.49
1.37 0.48 0.51
1.36 0.48 0.53
1.37 0.47 0.58
1.38 0.46 0.61
1.36 0.47 0.59
1.36 0.56 0.65
1.35 0.52 0.35
1.36 0.59 0.47
1.36 0.56 0.19
1.35 0.52 -0.01
1.35 0.5 0.13
1.35 0.56 0.31
1.36 0.53 0.07
1.36 0.52 0.21
1.36 0.51 0.32
1.35 0.51 0.38
1.35 0.47 0.45
1.37 0.46 0.51
1.36 0.46 0.53
1.37 0.45 0.54
1.37 0.46 0.57
1.37 0.45 0.6
1.36 0.43 0.61
1.35 0.45 0.63
1.34 0.44 0.63
1.35 0.44 0.64
1.35 0.43 0.66
1.36 0.43 0.64
1.36 0.43 0.64
1.38 0.39 0.66
1.37 0.51 0.72
1.36 0.5 0.72
1.34 0.46 0.69
1.34 0.44 0.68
1.34 0.42 0.67
1.35 0.4 0.67
1.34 0.4 0.66
1.33 0.41 0.65
1.34 0.42 0.66
1.35 0.42 0.67
1.34 0.42 0.67
1.33 0.42 0.66
1.34 0.4 0.64
1.34 0.41 0.65
1.35 0.41 0.66
1.35 0.41 0.66
1.36 0.43 0.66
1.37 0.41 0.66
1.38 0.4 0.66
1.37 0.41 0.65
1.36 0.41 0.65
1.36 0.41 0.62
1.37 0.39 0.64
1.37 0.39 0.66
1.36 0.42 0.63
1.35 0.43 0.62
1.37 0.4 0.63
1.34 0.48 0.68
1.35 0.45 0.66
1.35 0.59 0.72
1.35 0.52 0.39
1.37 0.49 0.47
1.36 0.48 0.53
1.36 0.46 0.56
1.34 0.44 0.58
1.34 0.45 0.61
1.35 0.46 0.62
1.35 0.46 0.62
1.35 0.47 0.63
1.35 0.47 0.6
1.36 0.45 0.62
1.35 0.43 0.63
1.34 0.41 0.62
1.35 0.39 0.62
1.36 0.42 0.61
1.37 0.44 0.63
1.36 0.45 0.6
1.37 0.45 0.6
1.37 0.46 0.59
1.37 0.49 0.6
1.37 0.57 0.66
1.37 0.64 0.29
1.34 0.59 0.11
1.35 0.54 -0.07
1.36 0.52 0.12
1.34 0.5 0.22
1.35 0.49 0.31
1.35 0.48 0.38
1.34 0.48 0.43
1.35 0.49 0.48
1.35 0.49 0.5
1.36 0.48 0.53
1.37 0.47 0.56
1.37 0.47 0.57
1.37 0.47 0.58
1.37 0.56 0.65
1.36 0.52 0.36
1.37 0.51 0.43
1.36 0.53 0.5
1.35 0.52 0.5
1.35 0.52 0.54
1.36 0.52 0.57
1.36 0.5 0.6
1.37 0.59 0.66
1.37 0.56 0.36
1.36 0.53 0.15
1.36 0.52 0.26
1.37 0.51 0.35
1.36 0.5 0.4
1.36 0.5 0.44
1.37 0.49 0.47
1.36 0.59 0.56
1.36 0.55 0.3
1.36 0.54 0.36
1.35 0.52 0.39
1.35 0.51 0.44
1.36 0.51 0.47
1.36 0.49 0.51
1.38 0.48 0.55
1.38 0.49 0.58
1.38 0.5 0.59
1.39 0.58 0.67
1.39 0.56 0.35
1.37 0.54 0.15
1.37 0.51 0.25
1.37 0.49 0.35
1.36 0.5 0.39
1.36 0.48 0.46
1.37 0.47 0.5
1.37 0.47 0.54
1.37 0.49 0.56
1.35 0.48 0.55
1.36 0.49 0.56
1.35 0.48 0.57
1.36 0.47 0.59
1.36 0.47 0.58
1.37 0.46 0.6
1.38 0.45 0.62
1.37 0.5 0.64
1.35 0.49 0.61
1.35 0.48 0.58
1.35 0.47 0.59
1.35 0.47 0.59
1.37 0.47 0.6
1.37 0.48 0.61
1.36 0.47 0.61
1.37 0.46 0.63
1.37 0.47 0.63
1.37 0.48 0.6
1.35 0.48 0.59
1.36 0.46 0.6
1.36 0.47 0.61
1.36 0.47 0.61
1.36 0.47 0.62
1.36 0.47 0.61
1.36 0.47 0.62
1.36 0.47 0.63
1.37 0.49 0.63
1.38 0.58 0.7
1.37 0.54 0.37
1.39 0.55 0.46
1.38 0.55 0.51
1.38 0.52 0.54
1.37 0.51 0.53
1.38 0.49 0.56
1.38 0.5 0.59
1.38 0.48 0.59
1.37 0.48 0.61
1.37 0.47 0.6
1.38 0.49 0.6
1.39 0.48 0.61
1.37 0.48 0.59
1.38 0.48 0.58
1.38 0.49 0.59
1.38 0.48 0.61
1.37 0.48 0.6
1.36 0.48 0.59
1.36 0.48 0.58
1.37 0.47 0.6
1.38 0.48 0.62
1.35 0.5 0.61
1.36 0.5 0.63
1.37 0.49 0.63
1.37 0.48 0.63
1.38 0.57 0.69
1.36 0.55 0.41
1.36 0.52 0.46
1.36 0.52 0.52
1.37 0.51 0.56
1.37 0.5 0.57
1.36 0.49 0.57
1.36 0.49 0.6
1.36 0.46 0.62
1.36 0.46 0.61
1.36 0.56 0.68
1.37 0.62 0.29
1.37 0.59 0.05
1.38 0.65 -0.18
1.37 0.59 -0.27
1.35 0.56 -0.34
1.36 0.54 -0.41
1.36 0.55 -0.13
1.36 0.54 0.04
1.36 0.53 0.18
1.36 0.52 0.31
1.37 0.51 0.4
1.37 0.49 0.46
1.36 0.48 0.49
1.36 0.48 0.51
1.37 0.46 0.56
1.37 0.46 0.58
1.37 0.45 0.58
1.37 0.47 0.59
1.37 0.47 0.6
1.38 0.45 0.62
1.37 0.45 0.64
1.36 0.54 0.69
1.36 0.52 0.68
1.36 0.7 0.74
1.36 0.71 0.33
1.36 0.64 0.08
1.35 0.58 -0.09
1.36 0.53 -0.21
1.36 0.5 0.02
1.36 0.48 0.19
1.36 0.47 0.3
1.36 0.46 0.38
1.35 0.46 0.45
1.36 0.48 0.5
1.36 0.47 0.54
1.35 0.48 0.56
1.35 0.56 0.64
1.35 0.61 0.26
1.35 0.55 0.03
1.35 0.53 0.17
1.35 0.65 0.35
1.34 0.69 0.06
1.35 0.64 -0.13
1.36 0.58 -0.25
1.35 0.61 -0.4
1.35 0.65 -0.5
1.35 0.68 -0.61
1.35 0.63 -0.63
1.36 0.56 -0.63
1.36 0.52 -0.62
1.37 0.5 -0.3
1.38 0.59 -0.01
1.38 0.59 -0.18
1.37 0.55 -0.29
1.37 0.52 -0.06
1.36 0.49 0.13
1.35 0.59 0.32
1.35 0.65 0.03
1.33 0.61 -0.1
1.34 0.7 -0.3
1.35 0.64 -0.39
1.34 0.6 -0.45
1.36 0.54 -0.51
1.35 0.54 -0.24
1.36 0.53 -0.02
1.36 0.52 0.13
1.36 0.51 0.23
1.36 0.49 0.33
1.36 0.48 0.41
1.37 0.47 0.48
1.37 0.46 0.52
1.37 0.46 0.52
1.37 0.45 0.55
1.37 0.45 0.57
1.38 0.44 0.6
1.38 0.44 0.59
1.38 0.54 0.65
1.38 0.61 0.69
1.38 0.59 0.35
1.37 0.56 0.14
1.37 0.54 -0.04
1.37 0.52 0.12
1.38 0.51 0.25
1.38 0.5 0.37
1.38 0.5 0.41
1.38 0.46 0.16
1.38 0.48 0.29
1.38 0.57 0.42
1.37 0.54 0.19
1.37 0.63 0.36
1.36 0.58 0.12
1.36 0.64 -0.12
1.36 0.61 -0.26
1.36 0.56 -0.33
1.36 0.52 -0.39
1.37 0.5 -0.13
1.38 0.5 0.07
1.37 0.49 0.2
1.36 0.49 0.3
1.36 0.49 0.37
1.36 0.48 0.42
1.37 0.48 0.47
1.37 0.47 0.5
1.37 0.47 0.52
1.37 0.58 0.6
1.37 0.54 0.29
1.36 0.51 0.34
1.36 0.5 0.41
1.36 0.59 0.52
1.37 0.54 0.23
1.38 0.53 0.32
1.37 0.51 0.39
1.36 0.48 0.43
1.36 0.47 0.48
1.37 0.45 0.52
1.36 0.47 0.54
1.36 0.48 0.56
1.36 0.48 0.57
1.35 0.46 0.56
1.34 0.67 0.64
1.34 0.62 0.32
1.34 0.58 0.11
1.36 0.55 -0.07
1.36 0.54 0.1
1.37 0.63 0.29
1.36 0.58 0.09
1.35 0.54 -0.06
1.35 0.53 0.1
1.35 0.51 0.22
1.35 0.5 0.3
1.35 0.5 0.38
1.36 0.51 0.45
1.37 0.51 0.49
1.36 0.51 0.52
1.36 0.5 0.54
1.36 0.47 0.54
1.36 0.47 0.55
1.36 0.46 0.57
1.35 0.49 0.6
1.34 0.48 0.59
1.35 0.48 0.61
1.36 0.47 0.62
1.37 0.48 0.63
1.36 0.47 0.62
1.36 0.46 0.62
1.35 0.55 0.67
1.36 0.55 0.68
1.35 0.54 0.64
1.36 0.53 0.63
1.37 0.53 0.63
1.37 0.5 0.62
1.37 0.49 0.62
1.36 0.5 0.6
1.36 0.45 0.6
1.37 0.56 0.67
1.37 0.62 0.29
1.35 0.58 0.1
1.34 0.56 -0.07
1.35 0.54 -0.21
1.36 0.52 0.01
1.36 0.5 0.15
1.36 0.52 0.28
1.35 0.51 0.37
1.36 0.51 0.41
1.36 0.52 0.49
1.36 0.52 0.52
1.36 0.51 0.54
1.35 0.5 0.56
1.36 0.51 0.59
1.37 0.51 0.61
1.37 0.5 0.58
1.36 0.48 0.58
1.37 0.46 0.58
1.37 0.46 0.61
1.36 0.47 0.6
1.36 0.68 0.66
1.37 0.62 0.33
1.37 0.57 0.08
1.36 0.53 -0.1
1.37 0.61 0.15
1.37 0.58 -0.06
1.37 0.66 -0.26
1.38 0.61 -0.36
1.37 0.6 -0.44
1.36 0.65 -0.55
1.35 0.67 -0.62
1.36 0.62 -0.62
1.36 0.59 -0.61
1.37 0.56 -0.61
1.36 0.54 -0.59
1.36 0.5 -0.27
1.36 0.48 -0.04
1.35 0.48 0.11
1.35 0.58 0.28
1.36 0.56 0.05
1.36 0.53 -0.12
1.36 0.51 0.04
1.36 0.51 0.19
1.36 0.49 0.3
1.37 0.48 0.38
1.37 0.47 0.45
1.37 0.47 0.48
1.36 0.45 0.51
1.37 0.47 0.54
1.38 0.48 0.56
1.37 0.56 0.64
1.37 0.52 0.34
1.37 0.51 0.4
1.37 0.49 0.46
1.37 0.57 0.56
1.37 0.54 0.27
1.35 0.61 0.41
1.35 0.79 0.08
1.36 0.7 -0.11
1.36 0.62 -0.23
1.36 0.58 -0.31
1.34 0.57 -0.37
1.35 0.54 -0.44
1.37 0.51 -0.17
1.36 0.61 0.08
1.36 0.56 -0.09
1.36 0.53 -0.23
1.37 0.52 -0.02
1.36 0.52 0.12
1.37 0.49 0.26
1.37 0.49 0.35
1.37 0.49 0.43
1.39 0.47 0.48
1.38 0.47 0.5
1.38 0.56 0.59
1.38 0.53 0.29
1.38 0.51 0.39
1.37 0.49 0.44
1.36 0.46 0.48
1.37 0.56 0.58
1.38 0.62 0.22
1.38 0.57 0.01
1.36 0.54 -0.11
1.36 0.52 0.06
1.36 0.5 0.2
1.37 0.47 0.31
1.37 0.57 0.44
1.36 0.53 0.2
1.36 0.5 0.29
1.36 0.5 0.39
1.37 0.49 0.45
1.37 0.49 0.48
1.37 0.49 0.51
1.37 0.49 0.56
1.37 0.62 0.64
1.36 0.57 0.34
1.35 0.53 0.12
1.35 0.51 0.23
1.34 0.51 0.33
1.35 0.5 0.41
1.34 0.5 0.46
1.35 0.49 0.5
1.35 0.48 0.54
1.35 0.47 0.57
1.35 0.46 0.59
1.34 0.46 0.59
1.34 0.47 0.6
1.34 0.55 0.66
1.35 0.54 0.66
1.35 0.53 0.63
1.35 0.53 0.61
1.35 0.49 0.61
1.36 0.5 0.63
1.37 0.59 0.71
1.38 0.54 0.35
1.37 0.54 0.41
1.37 0.52 0.15
1.38 0.48 0.28
1.26 0.73 0.31
1.29 0.64 0.06
1.31 0.6 -0.13
1.33 0.56 -0.25
1.33 0.54 -0.33
1.34 0.52 -0.1
1.33 0.51 0.07
1.36 0.54 0.24
1.36 0.53 0.34
1.36 0.51 0.42
1.37 0.51 0.47
1.37 0.53 0.53
1.36 0.72 0.62
1.36 0.65 0.31
1.34 0.6 0.12
1.35 0.65 -0.13
1.36 0.59 -0.26
1.35 0.56 -0.36
1.37 0.63 -0.5
1.36 0.58 -0.51
1.36 0.54 -0.56
1.37 0.53 -0.25
1.36 0.49 -0.04
1.36 0.48 0.13
1.36 0.48 0.24
1.37 0.46 0.35
1.36 0.47 0.43
1.24 0.74 0.44
1.15 0.89 0.23
1.22 0.86 -0.04
1.26 0.83 0.19
1.28 0.73 -0.01
1.31 0.74 -0.22
1.32 0.74 -0.38
1.33 0.7 -0.48
1.35 0.64 -0.51
1.36 0.68 -0.6
1.34 0.64 -0.58
1.36 0.59 -0.61
1.36 0.56 -0.62
1.33 0.54 -0.6
1.34 0.51 -0.31
1.35 0.48 -0.08
1.37 0.46 0.11
1.37 0.46 0.24
1.37 0.58 0.4
1.37 0.63 0.08
1.38 0.59 -0.12
1.38 0.57 -0.24
1.36 0.53 -0.32
1.36 0.53 -0.08
1.35 0.52 0.06
1.36 0.51 0.2
1.37 0.49 0.31
1.35 0.5 0.36
1.35 0.5 0.42
1.36 0.5 0.48
1.36 0.61 0.59
1.34 0.59 0.33
1.35 0.56 0.1
1.24 0.74 0.04
1.27 0.66 -0.14
1.3 0.61 -0.26
1.29 0.57 -0.29
1.31 0.53 -0.37
1.33 0.52 -0.12
1.35 0.5 0.07
1.34 0.49 0.19
1.34 0.48 -0.03
1.36 0.48 0.14
1.37 0.47 0.28
1.37 0.56 0.42
1.37 0.53 0.18
1.36 0.52 0.28
1.37 0.48 0.39
1.37 0.49 0.47
1.37 0.48 0.51
1.35 0.48 0.52
1.35 0.47 0.55
1.36 0.47 0.59
1.38 0.6 0.66
1.37 0.57 0.36
1.37 0.54 0.12
1.38 0.52 0.25
1.37 0.52 0.34
1.36 0.5 0.4
1.36 0.48 0.45
1.37 0.48 0.51
1.37 0.46 0.55
1.37 0.46 0.58
1.36 0.47 0.58
1.37 0.48 0.59
1.37 0.48 0.61
1.38 0.49 0.62
1.38 0.47 0.61
1.38 0.46 0.61
1.38 0.46 0.63
1.38 0.44 0.64
1.39 0.43 0.65
1.37 0.53 0.68
1.36 0.49 0.67
1.36 0.46 0.66
1.36 0.46 0.65
1.36 0.46 0.63
1.36 0.48 0.64
1.36 0.47 0.63
1.37 0.6 0.7
1.37 0.57 0.36
1.36 0.53 0.14
1.36 0.51 0.25
1.36 0.5 0.35
1.36 0.48 0.42
1.37 0.55 0.54
1.36 0.51 0.58
1.37 0.5 0.58
1.37 0.5 0.61
1.37 0.51 0.62
1.38 0.63 0.7
1.28 0.78 0.41
1.3 0.71 0.14
1.32 0.64 -0.07
1.32 0.57 -0.2
1.33 0.75 -0.36
1.34 0.66 -0.15
1.34 0.61 -0.28
1.36 0.57 -0.37
1.36 0.63 -0.48
1.35 0.67 -0.57
1.35 0.62 -0.6
1.35 0.6 -0.61
1.35 0.57 -0.6
1.35 0.52 -0.62
1.35 0.53 -0.33
1.35 0.52 -0.07
1.35 0.5 0.13
1.24 0.76 0.21
1.26 0.77 0.37
1.29 0.68 0.13
1.32 0.59 -0.08
1.33 0.52 -0.22
1.33 0.49 0.01
1.33 0.47 0.16
1.34 0.48 0.29
1.35 0.46 0.39
1.36 0.45 0.45
1.35 0.45 0.5
1.24 0.7 0.48
1.28 0.65 0.18
1.29 0.62 -0.01
1.31 0.57 -0.16
1.32 0.56 -0.28
1.33 0.53 -0.36
1.35 0.49 -0.1
1.35 0.49 0.09
1.36 0.47 0.23
1.37 0.46 0.34
1.37 0.45 0.42
1.37 0.46 0.47
1.25 0.71 0.4
1.27 0.65 0.14
1.28 0.67 -0.12
1.31 0.61 -0.25
1.32 0.57 -0.35
1.34 0.57 -0.44
1.35 0.6 -0.56
1.35 0.65 -0.66
1.34 0.58 -0.66
1.35 0.53 -0.65
1.35 0.51 -0.33
1.36 0.48 -0.07
1.25 0.72 0.06
1.28 0.63 -0.11
1.3 0.6 -0.25
1.3 0.65 -0.4
1.33 0.6 -0.47
1.34 0.58 -0.5
1.34 0.56 -0.5
1.34 0.51 -0.53
1.35 0.5 -0.24
1.38 0.47 0.01
1.37 0.48 0.15
1.36 0.51 0.28
1.35 0.52 0.39
1.36 0.52 0.45
1.37 0.5 0.5
1.37 0.47 0.52
1.37 0.45 0.52
1.37 0.45 0.56
1.38 0.45 0.59
1.38 0.45 0.6
1.36 0.46 0.58
1.35 0.53 0.64
1.35 0.51 0.65
1.36 0.48 0.65
1.35 0.48 0.64
1.35 0.46 0.63
1.37 0.46 0.63
1.36 0.53 0.69
1.34 0.53 0.67
1.35 0.51 0.65
1.36 0.49 0.66
1.37 0.49 0.66
1.38 0.46 0.66
1.37 0.47 0.66
1.36 0.45 0.66
1.36 0.44 0.66
1.37 0.47 0.69
1.26 0.71 0.64
1.29 0.74 0.26
1.31 0.74 -0.03
1.33 0.66 -0.2
1.34 0.59 -0.28
1.36 0.63 -0.46
1.36 0.6 -0.51
1.37 0.75 -0.61
1.37 0.67 -0.62
1.39 0.73 -0.69
1.37 0.64 -0.65
1.38 0.58 -0.64
1.38 0.62 -0.71
1.36 0.57 -0.67
1.34 0.55 -0.65
1.35 0.52 -0.33
1.36 0.5 -0.08
1.36 0.46 0.11
1.36 0.48 0.24
1.35 0.49 0.34
1.35 0.61 0.48
1.37 0.56 0.19
1.36 0.54 0.01
1.33 0.53 0.15
1.34 0.53 0.26
1.36 0.52 0.36
1.37 0.51 0.45
1.37 0.5 0.49
1.36 0.49 0.5
1.37 0.46 0.55
1.37 0.49 0.61
1.38 0.57 0.69
1.38 0.53 0.36
1.38 0.49 0.44
1.39 0.46 0.17
1.39 0.54 0.35
1.4 0.61 0.49
1.4 0.66 0.14
1.39 0.63 -0.07
1.4 0.68 -0.28
1.4 0.71 -0.44
1.37 0.64 -0.47
1.36 0.6 -0.51
1.37 0.55 -0.55
1.37 0.53 -0.25
1.25 0.75 -0.08
1.28 0.74 0.17
1.3 0.67 -0.04
1.33 0.61 -0.2
1.35 0.66 -0.38
1.35 0.6 -0.42
1.35 0.56 -0.47
1.37 0.62 -0.59
1.37 0.56 -0.61
1.37 0.52 -0.61
1.37 0.49 -0.32
1.38 0.48 -0.05
1.38 0.46 0.13
1.38 0.46 0.25
1.37 0.47 0.32
1.37 0.46 0.39
1.38 0.46 0.48
1.37 0.48 0.55
1.38 0.47 0.56
1.37 0.46 0.57
1.38 0.44 0.59
1.39 0.44 0.61
1.39 0.44 0.61
1.39 0.57 0.69
1.39 0.52 0.36
1.37 0.54 0.44
1.38 0.55 0.53
1.36 0.54 0.55
1.37 0.51 0.57
1.37 0.49 0.59
1.39 0.58 0.68
1.38 0.55 0.35
1.37 0.53 0.37
1.37 0.52 0.44
1.37 0.51 0.51
1.36 0.71 0.61
1.34 0.66 0.33
1.35 0.6 0.39
1.36 0.55 0.12
1.26 0.75 0.19
1.28 0.67 0.01
1.29 0.6 -0.1
1.31 0.55 -0.21
1.33 0.53 0.01
1.34 0.52 0.16
1.36 0.6 0.34
1.37 0.65 0.04
1.37 0.6 -0.14
1.37 0.55 -0.26
1.37 0.55 -0.03
1.37 0.51 0.12
1.36 0.52 0.25
1.37 0.5 0.36
1.37 0.5 0.44
1.37 0.48 0.48
1.37 0.45 0.52
1.38 0.45 0.56
1.38 0.47 0.58
1.38 0.47 0.58
1.38 0.47 0.61
1.37 0.46 0.61
1.37 0.46 0.61
1.38 0.45 0.61
1.36 0.48 0.6
1.35 0.48 0.61
1.36 0.51 0.64
1.37 0.49 0.65
1.35 0.49 0.64
1.35 0.48 0.62
1.36 0.48 0.62
1.37 0.48 0.61
1.27 0.69 0.55
1.29 0.63 0.24
1.31 0.59 0.03
1.33 0.56 -0.15
1.34 0.62 -0.34
1.35 0.67 -0.48
1.37 0.65 -0.55
1.37 0.61 -0.56
1.38 0.56 -0.59
1.38 0.53 -0.6
1.38 0.52 -0.32
1.37 0.52 -0.08
1.37 0.52 0.11
1.38 0.6 0.3
1.37 0.58 0.08
1.36 0.52 -0.08
1.35 0.51 0.09
1.36 0.49 0.23
1.38 0.49 0.33
1.38 0.61 0.48
1.37 0.57 0.23
1.38 0.52 0.02
1.38 0.51 0.18
1.38 0.5 0.3
1.38 0.51 0.38
1.37 0.63 0.5
1.37 0.6 0.22
1.37 0.56 0.01
1.38 0.54 -0.17
1.38 0.52 0.02
1.37 0.52 0.18
1.37 0.51 0.3
1.36 0.49 0.37
1.36 0.49 0.44
1.35 0.5 0.47
1.36 0.46 0.52
1.37 0.56 0.63
1.37 0.51 0.32
1.37 0.49 0.39
1.37 0.48 0.46
1.37 0.49 0.53
1.37 0.49 0.55
1.38 0.6 0.66
1.36 0.56 0.35
1.35 0.58 0.04
1.36 0.52 -0.14
1.36 0.48 0.06
1.36 0.46 0.19
1.36 0.46 0.31
1.36 0.46 0.39
1.36 0.47 0.44
1.36 0.49 0.49
1.26 0.73 0.46
1.29 0.66 0.19
1.31 0.6 0.01
1.32 0.56 -0.16
1.32 0.54 -0.27
1.33 0.49 -0.02
1.34 0.48 0.15
1.34 0.48 0.27
1.34 0.44 0.34
1.33 0.43 0.41
1.35 0.45 0.47
1.36 0.45 0.53
1.36 0.45 0.54
1.36 0.51 0.64
1.36 0.71 0.7
1.35 0.73 0.31
1.35 0.65 0.09
1.35 0.59 -0.08
1.35 0.55 -0.19
1.37 0.49 0.04
1.37 0.48 0.21
1.37 0.45 0.32
1.36 0.44 0.42
1.37 0.44 0.49
1.36 0.51 0.58
1.36 0.49 0.61
1.35 0.58 0.66
1.34 0.61 0.28
1.34 0.64 -0.01
1.33 0.79 -0.22
1.34 0.69 -0.33
1.34 0.61 -0.41
1.35 0.56 -0.48
1.36 0.62 -0.57
1.35 0.55 -0.59
1.36 0.52 -0.29
1.36 0.49 -0.06
1.37 0.49 0.13
1.37 0.51 0.28
1.36 0.51 0.36
1.35 0.52 0.42
1.35 0.5 0.5
1.34 0.69 0.59
1.36 0.72 0.22
1.33 0.67 0.04
1.34 0.61 -0.11
1.34 0.56 -0.27
1.35 0.55 -0.37
1.35 0.51 -0.12
1.35 0.5 0.04
1.37 0.5 0.2
1.37 0.49 0.31
1.37 0.5 0.38
1.37 0.49 0.14
1.36 0.5 0.27
1.37 0.47 0.37
1.37 0.61 0.5
1.36 0.56 0.24
1.35 0.53 0.05
1.35 0.5 0.22
1.36 0.49 0.34
1.38 0.58 0.49
1.37 0.52 0.21
1.37 0.5 0.31
1.38 0.47 0.4
1.38 0.47 0.45
1.38 0.49 0.49
1.37 0.48 0.5
1.37 0.56 0.59
1.38 0.52 0.27
1.37 0.49 0.36
1.37 0.47 0.43
1.36 0.45 0.48
1.37 0.45 0.52
1.37 0.53 0.6
1.36 0.52 0.59
1.36 0.49 0.57
1.36 0.48 0.59
1.37 0.48 0.61
1.37 0.48 0.6
1.37 0.45 0.6
1.37 0.44 0.6
1.39 0.43 0.63
1.39 0.44 0.64
1.39 0.42 0.63
1.38 0.43 0.63
1.38 0.43 0.64
1.39 0.45 0.65
1.38 0.46 0.65
1.38 0.48 0.63
1.37 0.47 0.62
1.38 0.47 0.63
1.38 0.56 0.69
1.36 0.53 0.38
1.37 0.61 0.49
1.36 0.55 0.2
1.37 0.6 0.38
1.36 0.59 0.15
1.35 0.53 -0.01
1.35 0.5 0.14
1.36 0.48 0.28
1.36 0.56 0.42
1.36 0.54 0.18
1.35 0.61 0.35
1.35 0.65 0.05
1.36 0.58 -0.13
1.35 0.55 -0.21
1.33 0.5 -0.01
1.34 0.49 0.15
1.36 0.48 0.29
1.37 0.49 0.38
1.36 0.48 0.43
1.36 0.46 0.49
1.37 0.47 0.54
1.37 0.47 0.58
1.38 0.49 0.58
1.37 0.47 0.59
1.36 0.49 0.61
1.37 0.49 0.63
1.36 0.48 0.66
1.36 0.48 0.65
1.24 0.71 0.6
1.27 0.83 0.21
1.3 0.73 -0.02
1.32 0.64 -0.17
1.33 0.58 -0.3
1.34 0.52 -0.39
1.35 0.49 -0.12
1.35 0.47 0.09
1.35 0.44 0.21
1.35 0.47 0.3
1.35 0.46 0.39
1.36 0.45 0.45
1.36 0.46 0.47
1.35 0.48 0.51
1.35 0.46 0.54
1.36 0.45 0.57
1.36 0.45 0.59
1.36 0.55 0.65
1.35 0.52 0.64
1.35 0.52 0.66
1.37 0.51 0.65
1.36 0.48 0.65
1.36 0.47 0.65
1.37 0.44 0.65
1.37 0.44 0.64
1.37 0.44 0.65
1.37 0.44 0.67
1.37 0.42 0.68
1.39 0.41 0.69
1.38 0.42 0.68
1.37 0.42 0.66
1.24 0.68 0.53
1.28 0.71 0.18
1.3 0.74 -0.08
1.32 0.66 -0.21
1.34 0.59 -0.33
1.35 0.65 -0.46
1.35 0.59 -0.52
1.36 0.56 -0.55
1.36 0.54 -0.56
1.36 0.53 -0.27
1.37 0.54 -0.05
1.36 0.51 0.14
1.36 0.51 0.26
1.36 0.49 0.36
1.36 0.48 0.42
1.36 0.49 0.46
1.36 0.49 0.51
1.37 0.49 0.54
1.36 0.48 0.55
1.37 0.47 0.56
1.37 0.46 0.58
1.27 0.68 0.53
1.29 0.61 0.25
1.32 0.57 0.03
1.34 0.54 -0.15
1.35 0.52 0.04
1.36 0.52 0.18
1.35 0.52 0.32
1.35 0.5 0.41
1.35 0.47 0.46
1.36 0.49 0.52
1.35 0.5 0.55
1.36 0.5 0.57
1.36 0.48 0.61
1.37 0.46 0.63
1.38 0.47 0.63
1.38 0.56 0.68
1.36 0.61 0.31
1.36 0.56 0.05
1.36 0.62 -0.17
1.36 0.58 -0.28
1.36 0.53 -0.36
1.35 0.52 -0.11
1.36 0.51 0.08
1.37 0.48 0.23
1.37 0.47 0.34
1.37 0.47 0.39
1.37 0.47 0.46
1.38 0.47 0.51
1.37 0.46 0.54
1.37 0.45 0.55
1.38 0.45 0.58
1.37 0.46 0.58
1.37 0.46 0.6
1.37 0.46 0.61
1.37 0.46 0.6
1.37 0.45 0.6
1.37 0.47 0.61
1.38 0.46 0.63
1.37 0.46 0.61
1.37 0.47 0.62
1.38 0.48 0.62
1.38 0.57 0.66
1.36 0.55 0.37
1.37 0.62 0.49
1.38 0.58 0.2
1.39 0.54 -0.03
1.39 0.53 0.14
1.39 0.63 0.31
1.39 0.58 0.08
1.38 0.55 -0.11
1.38 0.51 0.08
1.38 0.49 0.21
1.38 0.49 0.32
1.38 0.48 0.42
1.38 0.48 0.47
1.38 0.47 0.51
1.37 0.46 0.53
1.37 0.57 0.6
1.37 0.55 0.28
1.37 0.55 0.35
1.37 0.53 0.4
1.36 0.49 0.45
1.36 0.5 0.5
1.36 0.5 0.54
