1.6 0.57 -0.69
1.6 0.56 -0.69
1.61 0.57 -0.71
1.61 0.58 -0.71
1.6 0.57 -0.7
1.59 0.57 -0.7
1.59 0.56 -0.69
1.6 0.55 -0.7
1.6 0.55 -0.35
1.6 0.56 -0.09
1.59 0.55 -0.23
1.59 0.56 0
1.6 0.57 -0.18
1.6 0.56 -0.31
1.6 0.56 -0.42
1.6 0.56 -0.49
1.6 0.56 -0.54
1.6 0.55 -0.58
1.61 0.56 -0.25
1.61 0.55 -0.37
1.61 0.56 -0.09
1.6 0.57 -0.24
1.6 0.57 -0.37
1.6 0.57 -0.47
1.6 0.55 -0.53
1.6 0.55 -0.21
1.6 0.53 0.04
1.6 0.53 0.22
1.6 0.53 0.34
1.61 0.52 0.44
1.61 0.53 0.49
1.61 0.55 0.55
1.61 0.55 0.58
1.61 0.54 0.63
1.6 0.54 0.65
1.6 0.54 0.67
1.59 0.54 0.69
1.59 0.54 0.7
1.6 0.55 0.7
1.6 0.58 0.7
1.59 0.57 0.34
1.59 0.57 0.07
1.6 0.55 -0.12
1.59 0.54 0.1
1.6 0.53 0.26
1.6 0.53 0.39
1.6 0.55 0.47
1.61 0.56 0.53
1.61 0.57 0.21
1.6 0.58 -0.03
1.61 0.59 -0.21
1.61 0.58 0.02
1.61 0.58 -0.17
1.61 0.56 -0.31
1.61 0.55 -0.41
1.61 0.56 -0.14
1.6 0.57 -0.28
1.6 0.57 -0.39
1.61 0.57 -0.48
1.62 0.57 -0.55
1.62 0.57 -0.59
1.61 0.57 -0.62
1.61 0.57 -0.65
1.61 0.57 -0.66
1.6 0.55 -0.31
1.62 0.55 -0.05
1.62 0.56 0.16
1.61 0.55 -0.05
1.61 0.56 0.15
1.61 0.56 -0.07
1.6 0.56 -0.24
1.6 0.57 -0.35
1.6 0.57 -0.45
1.61 0.57 -0.52
1.61 0.57 -0.58
1.61 0.56 -0.62
1.61 0.56 -0.65
1.61 0.56 -0.67
1.6 0.56 -0.68
1.6 0.58 -0.69
1.6 0.56 -0.69
1.61 0.58 -0.71
1.61 0.58 -0.7
1.61 0.58 -0.71
1.61 0.58 -0.71
1.6 0.59 -0.72
1.6 0.59 -0.72
1.61 0.58 -0.73
1.6 0.57 -0.72
1.6 0.57 -0.72
1.59 0.57 -0.71
1.59 0.57 -0.72
1.6 0.57 -0.72
1.6 0.56 -0.73
1.6 0.57 -0.73
1.61 0.55 -0.74
1.61 0.57 -0.36
1.61 0.56 -0.45
1.61 0.58 -0.51
1.61 0.6 -0.56
1.61 0.6 -0.6
1.62 0.59 -0.63
1.61 0.58 -0.64
1.61 0.58 -0.66
1.62 0.58 -0.67
1.63 0.6 -0.7
1.63 0.58 -0.71
1.63 0.59 -0.72
1.63 0.61 -0.71
1.62 0.61 -0.72
1.61 0.59 -0.71
1.61 0.61 -0.7
1.61 0.61 -0.71
1.61 0.61 -0.71
1.61 0.61 -0.71
1.61 0.6 -0.71
1.61 0.6 -0.72
1.61 0.59 -0.72
1.61 0.58 -0.72
1.61 0.56 -0.73
1.6 0.55 -0.73
1.6 0.56 -0.35
1.6 0.56 -0.45
1.6 0.57 -0.54
1.61 0.58 -0.6
1.6 0.58 -0.63
1.59 0.58 -0.66
1.59 0.56 -0.67
1.6 0.55 -0.69
1.61 0.57 -0.35
1.61 0.56 -0.45
1.6 0.57 -0.53
1.61 0.57 -0.58
1.61 0.55 -0.62
1.61 0.54 -0.28
1.62 0.57 -0.04
1.61 0.57 -0.21
1.61 0.55 -0.35
1.62 0.55 -0.07
1.62 0.56 -0.23
1.62 0.57 -0.36
1.61 0.56 -0.44
1.62 0.56 -0.5
1.62 0.56 -0.56
1.62 0.56 -0.61
1.62 0.56 -0.63
1.6 0.55 -0.66
1.61 0.54 -0.31
1.6 0.55 -0.05
1.61 0.55 0.15
1.61 0.56 0.29
1.61 0.55 0.05
1.61 0.57 0.21
1.62 0.59 -0.02
1.6 0.59 -0.19
1.59 0.6 -0.32
1.6 0.59 -0.41
1.61 0.6 -0.49
1.61 0.58 -0.55
1.6 0.59 -0.59
1.61 0.57 -0.62
1.61 0.58 -0.66
1.61 0.59 -0.67
1.61 0.6 -0.67
1.61 0.61 -0.69
1.61 0.61 -0.69
1.61 0.61 -0.7
1.61 0.61 -0.7
1.61 0.6 -0.7
1.61 0.6 -0.69
1.61 0.6 -0.7
1.61 0.6 -0.7
1.62 0.59 -0.69
1.61 0.6 -0.71
1.62 0.6 -0.71
1.61 0.61 -0.71
1.6 0.6 -0.7
1.61 0.6 -0.71
1.61 0.58 -0.7
1.61 0.57 -0.71
1.61 0.58 -0.71
1.61 0.6 -0.71
1.62 0.6 -0.72
1.62 0.59 -0.72
1.62 0.59 -0.72
1.61 0.6 -0.73
1.61 0.6 -0.73
1.62 0.61 -0.73
1.61 0.6 -0.73
1.61 0.58 -0.73
1.61 0.58 -0.74
1.61 0.58 -0.73
1.62 0.58 -0.73
1.61 0.58 -0.72
1.62 0.57 -0.73
1.61 0.56 -0.72
1.61 0.57 -0.72
1.61 0.58 -0.72
1.61 0.59 -0.72
1.61 0.59 -0.72
1.61 0.6 -0.73
1.61 0.58 -0.72
1.62 0.58 -0.73
1.61 0.59 -0.73
1.61 0.58 -0.74
1.61 0.57 -0.73
1.61 0.56 -0.73
1.61 0.55 -0.73
1.6 0.56 -0.37
1.6 0.55 -0.47
1.6 0.57 -0.18
1.6 0.57 -0.31
1.61 0.55 -0.43
1.61 0.55 -0.13
1.6 0.55 0.09
1.6 0.55 0.25
1.6 0.56 0.37
1.6 0.56 0.09
1.6 0.56 -0.12
1.6 0.55 -0.27
1.62 0.57 0
1.62 0.56 -0.19
1.62 0.56 -0.32
1.62 0.56 -0.44
1.61 0.56 -0.52
1.61 0.57 -0.57
1.61 0.55 -0.6
1.6 0.55 -0.27
1.58 0.55 -0.04
1.57 0.56 0.14
1.58 0.55 -0.08
1.59 0.54 0.14
1.59 0.54 0.3
1.59 0.56 0.4
1.59 0.56 0.11
1.6 0.56 -0.11
1.61 0.55 -0.26
1.61 0.55 -0.01
1.61 0.57 0.16
1.6 0.58 -0.07
1.6 0.56 -0.24
1.6 0.56 -0.36
1.59 0.55 -0.46
1.59 0.55 -0.16
1.59 0.57 0.07
1.6 0.57 -0.14
1.6 0.57 -0.29
1.6 0.56 -0.4
1.6 0.56 -0.47
1.59 0.55 -0.52
1.6 0.56 -0.22
1.61 0.57 -0.37
1.61 0.56 -0.48
1.6 0.56 -0.53
1.61 0.56 -0.59
1.6 0.57 -0.61
1.6 0.56 -0.65
1.6 0.56 -0.68
1.6 0.55 -0.67
1.6 0.56 -0.32
1.59 0.55 -0.42
1.59 0.57 -0.15
1.6 0.56 -0.3
1.61 0.55 -0.43
1.61 0.56 -0.13
1.61 0.55 -0.26
1.6 0.55 -0.03
1.6 0.58 0.17
1.6 0.57 -0.04
1.6 0.57 -0.21
1.6 0.57 -0.32
1.6 0.58 -0.42
1.61 0.57 -0.51
1.61 0.56 -0.57
1.61 0.55 -0.62
1.61 0.56 -0.28
1.61 0.55 -0.38
1.61 0.56 -0.1
1.61 0.56 -0.25
1.61 0.55 -0.38
1.61 0.56 -0.11
1.61 0.55 -0.26
1.61 0.56 -0.01
1.6 0.55 -0.2
1.6 0.55 0.03
1.6 0.56 0.2
1.61 0.55 -0.03
1.6 0.54 0.17
1.59 0.56 0.31
1.59 0.56 0.04
1.59 0.56 -0.15
1.59 0.55 -0.28
1.59 0.56 -0.04
1.58 0.57 -0.21
1.59 0.56 -0.33
1.59 0.55 -0.43
1.59 0.56 -0.14
1.59 0.56 -0.29
1.6 0.56 -0.39
1.6 0.55 -0.47
1.59 0.55 -0.17
1.6 0.53 0.06
1.59 0.54 0.24
1.59 0.54 0.37
1.59 0.54 0.46
1.59 0.54 0.52
1.6 0.57 0.58
1.6 0.55 0.25
1.6 0.56 0.37
1.6 0.56 0.09
1.6 0.56 0.25
1.61 0.56 0
1.6 0.55 -0.17
1.61 0.56 0.06
1.6 0.57 -0.14
1.6 0.56 -0.3
1.6 0.55 -0.41
1.59 0.56 -0.13
1.58 0.55 -0.27
1.59 0.54 -0.02
1.59 0.54 0.17
1.59 0.55 0.31
1.6 0.57 0.41
1.6 0.56 0.12
1.61 0.55 -0.09
1.61 0.57 0.11
1.6 0.57 -0.09
1.6 0.56 -0.26
1.61 0.56 -0.38
1.6 0.55 -0.48
1.6 0.55 -0.18
1.6 0.57 0.05
1.6 0.57 -0.15
1.6 0.58 -0.3
1.6 0.56 -0.4
1.61 0.55 -0.49
1.6 0.57 -0.18
1.6 0.56 -0.32
1.6 0.56 -0.42
1.61 0.56 -0.5
1.6 0.56 -0.56
1.59 0.55 -0.6
1.6 0.55 -0.26
1.6 0.54 0
1.6 0.53 0.2
1.61 0.51 0.34
1.6 0.51 0.43
1.61 0.52 0.5
1.6 0.54 0.55
1.61 0.56 0.58
1.61 0.57 0.26
1.6 0.57 -0.01
1.6 0.56 -0.18
1.61 0.54 -0.33
1.61 0.55 -0.05
1.6 0.56 0.13
1.61 0.56 -0.08
1.61 0.55 -0.25
1.61 0.56 -0.01
1.61 0.55 -0.17
1.6 0.56 0.05
1.61 0.55 -0.15
1.6 0.55 0.08
1.6 0.56 0.24
1.61 0.56 0
1.61 0.56 -0.18
1.61 0.54 -0.32
1.59 0.56 -0.05
1.6 0.55 -0.22
1.6 0.56 0.02
1.59 0.55 -0.16
1.61 0.55 0.06
1.61 0.56 0.22
1.61 0.53 -0.02
1.61 0.53 0.16
1.6 0.53 0.3
1.6 0.54 0.4
1.62 0.55 0.49
1.62 0.57 0.54
1.61 0.55 0.23
1.61 0.56 0.37
1.61 0.55 0.07
1.6 0.56 0.24
1.61 0.57 -0.01
1.6 0.56 -0.18
1.6 0.55 -0.31
1.6 0.55 -0.04
1.6 0.57 0.15
1.59 0.56 -0.07
1.59 0.55 -0.24
1.59 0.55 -0.01
1.6 0.56 0.17
1.6 0.56 -0.05
1.59 0.57 -0.22
1.6 0.57 -0.36
1.6 0.58 -0.45
1.61 0.58 -0.53
1.61 0.58 -0.57
1.61 0.57 -0.6
1.6 0.57 -0.62
1.61 0.57 -0.64
1.6 0.57 -0.66
1.6 0.56 -0.68
1.6 0.56 -0.68
1.6 0.55 -0.71
1.6 0.55 -0.35
1.6 0.56 -0.09
1.6 0.56 -0.24
1.6 0.56 -0.37
1.6 0.55 -0.45
1.6 0.55 -0.15
1.6 0.56 0.06
1.6 0.56 -0.13
1.6 0.56 -0.27
1.6 0.57 -0.38
1.6 0.57 -0.46
1.6 0.56 -0.53
1.6 0.57 -0.57
1.59 0.56 -0.61
1.59 0.56 -0.64
1.6 0.56 -0.67
1.61 0.56 -0.68
1.61 0.55 -0.69
1.61 0.56 -0.34
1.6 0.56 -0.43
1.6 0.55 -0.5
1.6 0.56 -0.21
1.6 0.57 -0.34
1.59 0.56 -0.44
1.59 0.56 -0.51
1.59 0.55 -0.56
1.59 0.55 -0.25
1.6 0.54 0
1.6 0.56 0.18
1.6 0.56 -0.05
1.6 0.55 -0.21
1.6 0.55 0.03
1.6 0.56 0.19
1.61 0.58 -0.04
1.61 0.58 -0.22
1.6 0.58 -0.35
1.61 0.57 -0.44
1.6 0.57 -0.5
1.6 0.56 -0.57
1.6 0.56 -0.6
1.59 0.56 -0.63
1.59 0.55 -0.65
1.59 0.56 -0.31
1.59 0.56 -0.42
1.59 0.55 -0.5
1.59 0.55 -0.2
1.59 0.56 0.02
1.58 0.56 -0.16
1.59 0.56 -0.3
1.6 0.55 -0.42
1.59 0.55 -0.14
1.59 0.56 0.06
1.59 0.56 -0.14
1.59 0.56 -0.29
1.59 0.56 -0.4
1.59 0.57 -0.49
1.59 0.57 -0.56
1.59 0.56 -0.59
1.6 0.57 -0.62
1.59 0.56 -0.65
1.59 0.56 -0.67
1.6 0.56 -0.68
1.6 0.57 -0.69
1.6 0.57 -0.68
1.6 0.56 -0.69
1.59 0.55 -0.69
1.59 0.57 -0.34
1.59 0.58 -0.43
1.6 0.57 -0.5
1.6 0.56 -0.55
1.59 0.56 -0.59
1.59 0.55 -0.63
1.59 0.56 -0.29
1.6 0.55 -0.41
1.6 0.56 -0.13
1.59 0.55 -0.27
1.6 0.55 -0.02
1.6 0.58 0.17
1.6 0.57 -0.04
1.6 0.56 -0.2
1.6 0.55 -0.32
1.6 0.55 -0.07
1.6 0.55 0.14
1.59 0.57 0.26
1.58 0.57 0.02
1.58 0.57 -0.17
1.6 0.57 -0.31
1.59 0.57 -0.41
1.6 0.57 -0.48
1.6 0.58 -0.54
1.6 0.56 -0.58
1.59 0.57 -0.61
1.58 0.57 -0.62
1.58 0.57 -0.64
1.58 0.58 -0.66
1.58 0.58 -0.67
1.59 0.58 -0.67
1.59 0.56 -0.68
1.59 0.55 -0.69
1.59 0.55 -0.35
1.6 0.57 -0.09
1.59 0.58 -0.24
1.59 0.57 -0.36
1.59 0.56 -0.45
1.6 0.56 -0.5
1.6 0.55 -0.57
1.6 0.57 -0.23
1.6 0.57 -0.36
1.6 0.57 -0.45
1.6 0.57 -0.52
1.61 0.57 -0.57
1.6 0.56 -0.59
1.59 0.55 -0.62
1.59 0.55 -0.28
1.6 0.55 -0.02
1.6 0.56 0.16
1.6 0.55 -0.07
1.6 0.58 0.12
1.6 0.58 -0.09
1.59 0.59 -0.24
1.6 0.58 -0.36
1.6 0.56 -0.45
1.59 0.56 -0.52
1.59 0.55 -0.55
1.6 0.56 -0.24
1.6 0.56 -0.35
1.6 0.56 -0.45
1.6 0.56 -0.53
1.6 0.56 -0.57
1.6 0.56 -0.61
1.6 0.56 -0.63
1.61 0.55 -0.66
1.6 0.57 -0.32
1.59 0.57 -0.42
1.59 0.56 -0.48
1.59 0.55 -0.54
1.6 0.54 -0.21
1.6 0.56 0.02
1.58 0.55 -0.16
1.58 0.56 0.05
1.58 0.57 -0.14
1.59 0.55 -0.29
1.59 0.56 -0.03
1.6 0.57 -0.21
1.6 0.55 -0.33
1.6 0.56 -0.07
1.6 0.56 -0.22
1.6 0.57 -0.34
1.61 0.56 -0.43
1.61 0.56 -0.51
1.6 0.57 -0.56
1.6 0.55 -0.59
1.6 0.57 -0.28
1.6 0.57 -0.39
1.6 0.56 -0.48
1.59 0.57 -0.53
1.59 0.57 -0.57
1.59 0.57 -0.59
1.59 0.57 -0.62
1.59 0.56 -0.65
1.59 0.56 -0.66
1.59 0.55 -0.68
1.59 0.57 -0.33
1.59 0.55 -0.43
1.59 0.57 -0.14
1.6 0.55 -0.29
1.6 0.57 -0.03
1.6 0.58 -0.2
1.6 0.57 -0.33
1.6 0.56 -0.44
1.6 0.57 -0.52
1.6 0.56 -0.58
1.59 0.56 -0.62
1.59 0.54 -0.63
1.6 0.56 -0.32
1.6 0.56 -0.41
1.6 0.55 -0.49
1.6 0.56 -0.18
1.61 0.56 -0.32
1.61 0.56 -0.43
1.61 0.56 -0.5
1.61 0.55 -0.56
1.6 0.54 -0.24
1.6 0.54 0.01
1.6 0.56 0.2
1.6 0.55 -0.03
1.6 0.57 0.15
1.6 0.56 -0.07
1.6 0.55 -0.24
1.59 0.54 0
1.59 0.53 0.2
1.59 0.53 0.33
1.58 0.54 0.41
1.59 0.55 0.49
1.6 0.57 0.56
1.6 0.56 0.22
1.6 0.57 -0.01
1.6 0.57 -0.19
1.6 0.59 -0.32
1.61 0.58 -0.42
1.61 0.57 -0.49
1.6 0.57 -0.54
1.61 0.57 -0.59
1.62 0.57 -0.63
1.62 0.57 -0.66
1.61 0.58 -0.66
1.6 0.57 -0.67
1.6 0.57 -0.68
1.61 0.58 -0.68
1.61 0.58 -0.69
1.61 0.58 -0.7
1.61 0.59 -0.71
1.62 0.59 -0.72
1.62 0.58 -0.71
1.62 0.59 -0.71
1.62 0.6 -0.71
1.61 0.59 -0.7
1.61 0.59 -0.7
1.62 0.6 -0.7
1.62 0.59 -0.7
1.62 0.61 -0.71
1.62 0.63 -0.72
1.62 0.62 -0.73
1.61 0.61 -0.73
1.61 0.59 -0.74
1.61 0.59 -0.72
1.6 0.58 -0.73
1.61 0.57 -0.72
1.61 0.57 -0.7
1.61 0.57 -0.72
1.6 0.58 -0.7
1.6 0.58 -0.71
1.61 0.58 -0.71
1.61 0.57 -0.71
1.6 0.58 -0.72
1.6 0.56 -0.72
1.6 0.57 -0.71
1.61 0.57 -0.71
1.61 0.57 -0.7
1.6 0.58 -0.72
1.61 0.56 -0.71
1.6 0.55 -0.71
1.6 0.55 -0.34
1.61 0.56 -0.07
1.61 0.57 -0.23
1.61 0.58 -0.35
1.61 0.58 -0.44
1.61 0.58 -0.52
1.61 0.6 -0.57
1.61 0.58 -0.61
1.62 0.58 -0.64
1.61 0.58 -0.66
1.61 0.58 -0.68
1.61 0.58 -0.69
1.62 0.59 -0.7
1.62 0.59 -0.71
1.61 0.58 -0.71
1.61 0.58 -0.7
1.62 0.57 -0.71
1.61 0.56 -0.71
1.61 0.54 -0.73
1.61 0.56 -0.35
1.62 0.57 -0.45
1.61 0.57 -0.52
1.61 0.57 -0.57
1.62 0.55 -0.62
1.61 0.54 -0.28
1.6 0.53 -0.03
1.6 0.53 0.15
1.6 0.54 0.31
1.59 0.56 0.39
1.59 0.55 0.12
1.6 0.57 0.26
1.6 0.56 0.03
1.6 0.56 -0.15
1.59 0.56 -0.3
1.59 0.55 -0.4
1.58 0.54 -0.11
1.59 0.53 0.11
1.59 0.54 0.27
1.6 0.53 0.4
1.61 0.52 0.49
1.61 0.52 0.55
1.6 0.54 0.6
1.61 0.55 0.64
1.6 0.54 0.66
1.6 0.54 0.68
1.6 0.54 0.68
1.59 0.53 0.69
1.6 0.53 0.71
1.6 0.54 0.72
1.6 0.55 0.72
1.6 0.56 0.73
1.61 0.55 0.35
1.6 0.55 0.46
1.6 0.54 0.53
1.61 0.53 0.59
1.61 0.53 0.63
1.61 0.55 0.65
1.6 0.53 0.66
1.6 0.52 0.7
1.6 0.53 0.7
1.6 0.53 0.72
1.6 0.55 0.73
1.6 0.54 0.75
1.6 0.54 0.74
1.59 0.54 0.75
1.6 0.54 0.75
1.6 0.54 0.74
1.6 0.54 0.73
1.6 0.54 0.73
1.6 0.54 0.74
1.6 0.54 0.73
1.6 0.54 0.74
1.6 0.54 0.74
1.61 0.53 0.76
1.6 0.53 0.76
1.6 0.53 0.76
1.6 0.52 0.76
1.6 0.53 0.76
1.59 0.54 0.75
1.59 0.53 0.76
1.59 0.53 0.74
1.58 0.53 0.75
1.59 0.54 0.75
1.6 0.55 0.75
1.6 0.55 0.75
1.59 0.53 0.76
1.59 0.52 0.76
1.6 0.51 0.77
1.59 0.52 0.76
1.59 0.52 0.77
1.59 0.51 0.76
1.59 0.52 0.77
1.6 0.52 0.79
1.6 0.52 0.78
1.59 0.51 0.79
1.6 0.53 0.77
1.6 0.54 0.76
1.59 0.53 0.76
1.6 0.54 0.75
1.6 0.53 0.75
1.6 0.54 0.76
1.61 0.54 0.77
1.6 0.54 0.76
1.6 0.54 0.76
1.61 0.53 0.76
1.61 0.53 0.75
1.6 0.52 0.76
1.6 0.53 0.75
1.6 0.54 0.73
1.6 0.54 0.73
1.6 0.53 0.74
1.59 0.54 0.73
1.59 0.54 0.73
1.59 0.54 0.74
1.59 0.53 0.74
1.59 0.54 0.75
1.58 0.53 0.74
1.58 0.54 0.74
1.58 0.53 0.74
1.58 0.54 0.74
1.59 0.54 0.73
1.59 0.53 0.74
1.59 0.53 0.74
1.59 0.54 0.76
1.61 0.53 0.38
1.6 0.51 0.48
1.6 0.53 0.53
1.6 0.54 0.58
1.61 0.54 0.63
1.62 0.54 0.66
1.61 0.53 0.68
1.61 0.54 0.68
1.6 0.54 0.7
1.6 0.54 0.72
1.6 0.53 0.73
1.6 0.53 0.74
1.6 0.53 0.75
1.6 0.52 0.75
1.6 0.53 0.76
1.59 0.53 0.76
1.59 0.54 0.75
1.6 0.53 0.75
1.6 0.53 0.75
1.59 0.53 0.74
1.59 0.53 0.74
1.59 0.54 0.75
1.59 0.55 0.74
1.59 0.55 0.74
1.59 0.54 0.74
1.6 0.54 0.74
1.59 0.53 0.75
1.61 0.54 0.76
1.61 0.56 0.77
1.6 0.55 0.39
1.61 0.55 0.49
1.6 0.55 0.55
1.6 0.55 0.58
1.6 0.55 0.62
1.6 0.55 0.66
1.61 0.56 0.67
1.6 0.55 0.32
1.59 0.54 0.42
1.59 0.54 0.5
1.59 0.54 0.56
1.59 0.55 0.59
1.6 0.55 0.63
1.6 0.54 0.65
1.61 0.55 0.66
1.6 0.56 0.68
1.6 0.54 0.33
1.61 0.54 0.44
1.6 0.52 0.52
1.6 0.53 0.58
1.6 0.54 0.61
1.6 0.54 0.63
1.59 0.54 0.65
1.59 0.54 0.67
1.59 0.55 0.69
1.59 0.54 0.7
1.59 0.54 0.72
1.6 0.55 0.72
1.59 0.55 0.71
1.59 0.56 0.7
1.6 0.54 0.33
1.6 0.54 0.44
1.6 0.54 0.51
1.6 0.54 0.57
1.6 0.55 0.6
1.59 0.56 0.62
1.59 0.55 0.29
1.58 0.53 0.41
1.58 0.52 0.49
1.59 0.53 0.55
1.6 0.54 0.61
1.6 0.54 0.64
1.59 0.53 0.67
1.59 0.53 0.68
1.6 0.54 0.69
1.6 0.53 0.71
1.6 0.54 0.71
1.6 0.55 0.73
1.61 0.55 0.36
1.61 0.56 0.46
1.61 0.56 0.17
1.61 0.55 -0.07
1.61 0.55 0.13
1.61 0.55 0.28
1.6 0.56 0.41
1.6 0.56 0.12
1.6 0.55 -0.1
1.6 0.54 0.11
1.61 0.55 0.27
1.61 0.55 0.39
1.61 0.55 0.48
1.61 0.55 0.55
1.6 0.56 0.61
1.62 0.56 0.26
1.61 0.56 0.02
1.62 0.55 -0.18
1.61 0.57 0.04
1.61 0.56 -0.14
1.61 0.55 -0.3
1.61 0.55 -0.03
1.61 0.56 0.17
1.61 0.56 -0.07
1.62 0.55 -0.24
1.62 0.56 0.02
1.61 0.55 -0.17
1.61 0.56 0.07
1.62 0.57 -0.14
1.61 0.56 -0.28
1.63 0.55 -0.4
1.63 0.54 -0.12
1.63 0.54 0.09
1.62 0.53 0.26
1.62 0.53 0.39
1.62 0.55 0.48
1.62 0.56 0.56
1.62 0.55 0.24
1.63 0.56 0.37
1.62 0.57 0.08
1.62 0.58 -0.13
1.62 0.56 -0.27
1.62 0.58 -0.41
1.62 0.57 -0.5
1.61 0.55 -0.55
1.6 0.55 -0.22
1.6 0.56 0.02
1.61 0.55 -0.16
1.6 0.56 0.07
1.6 0.57 -0.15
1.6 0.56 -0.3
1.6 0.55 -0.4
1.61 0.55 -0.11
1.61 0.54 0.11
1.61 0.53 0.27
1.62 0.54 0.4
1.62 0.57 0.48
1.61 0.55 0.19
1.61 0.55 0.33
1.61 0.56 0.44
1.61 0.55 0.15
1.61 0.57 0.3
1.62 0.55 0.03
1.61 0.55 0.2
1.61 0.54 0.34
1.63 0.57 0.45
1.63 0.57 0.15
1.62 0.57 -0.07
1.61 0.57 -0.22
1.62 0.55 -0.36
1.61 0.55 -0.09
1.6 0.55 0.13
1.6 0.55 0.29
1.6 0.54 0.4
1.6 0.55 0.48
1.6 0.54 0.54
1.61 0.57 0.59
1.62 0.57 0.27
1.63 0.56 0
1.63 0.55 -0.19
1.64 0.56 0.04
1.63 0.55 -0.15
1.63 0.55 0.06
1.62 0.56 0.24
1.62 0.56 -0.02
1.62 0.54 -0.2
1.61 0.56 0.03
1.61 0.55 -0.16
1.61 0.57 0.05
1.6 0.57 -0.14
1.6 0.58 -0.29
1.6 0.58 -0.4
1.59 0.58 -0.48
1.59 0.57 -0.55
1.6 0.58 -0.59
1.59 0.58 -0.63
1.59 0.59 -0.64
1.59 0.58 -0.65
1.58 0.59 -0.67
1.59 0.57 -0.67
1.59 0.57 -0.69
1.6 0.58 -0.69
1.59 0.57 -0.69
1.59 0.57 -0.7
1.59 0.57 -0.72
1.6 0.56 -0.71
1.6 0.57 -0.72
1.61 0.56 -0.72
1.6 0.57 -0.7
1.6 0.55 -0.71
1.61 0.55 -0.35
1.62 0.57 -0.09
1.61 0.57 -0.24
1.62 0.58 -0.36
1.61 0.57 -0.46
1.61 0.58 -0.54
1.61 0.57 -0.6
1.61 0.56 -0.64
1.61 0.57 -0.66
1.61 0.57 -0.68
1.6 0.57 -0.69
1.6 0.55 -0.7
1.6 0.55 -0.34
1.61 0.56 -0.08
1.61 0.55 -0.24
1.61 0.57 0
1.6 0.56 -0.18
1.6 0.56 -0.31
1.6 0.57 -0.42
1.6 0.57 -0.49
1.59 0.57 -0.54
1.6 0.56 -0.58
1.61 0.57 -0.62
1.61 0.56 -0.65
1.61 0.56 -0.67
1.61 0.55 -0.69
1.61 0.56 -0.34
1.61 0.56 -0.43
1.61 0.55 -0.5
1.61 0.57 -0.2
1.61 0.56 -0.33
1.6 0.56 -0.43
1.6 0.58 -0.49
1.61 0.59 -0.55
1.62 0.59 -0.59
1.61 0.58 -0.62
1.6 0.59 -0.65
1.6 0.58 -0.67
1.6 0.56 -0.68
1.61 0.57 -0.69
1.61 0.57 -0.69
1.61 0.56 -0.68
1.61 0.55 -0.69
1.63 0.56 -0.35
1.63 0.57 -0.44
1.62 0.56 -0.51
1.62 0.56 -0.56
1.62 0.57 -0.6
1.61 0.57 -0.64
1.62 0.56 -0.65
1.62 0.56 -0.67
1.61 0.57 -0.68
1.62 0.55 -0.68
1.62 0.57 -0.33
1.62 0.56 -0.44
1.61 0.56 -0.5
1.61 0.55 -0.54
1.61 0.54 -0.22
1.61 0.56 0.01
1.62 0.57 -0.18
1.62 0.56 -0.3
1.63 0.55 -0.41
1.62 0.56 -0.14
1.62 0.57 -0.28
1.62 0.57 -0.38
1.62 0.58 -0.47
1.62 0.58 -0.54
1.62 0.58 -0.58
1.62 0.59 -0.61
1.62 0.59 -0.65
1.61 0.59 -0.66
1.6 0.59 -0.67
1.6 0.58 -0.67
1.61 0.58 -0.67
1.61 0.58 -0.69
1.62 0.57 -0.7
1.61 0.57 -0.7
1.61 0.57 -0.7
1.61 0.58 -0.7
1.6 0.58 -0.69
1.61 0.57 -0.71
1.61 0.57 -0.7
1.61 0.58 -0.71
1.61 0.58 -0.71
1.6 0.58 -0.71
1.6 0.56 -0.71
1.6 0.56 -0.7
1.6 0.55 -0.71
1.6 0.58 -0.36
1.6 0.59 -0.45
1.6 0.57 -0.52
1.6 0.57 -0.56
1.6 0.56 -0.58
1.61 0.56 -0.63
1.61 0.57 -0.65
1.61 0.56 -0.66
1.61 0.56 -0.66
1.61 0.56 -0.67
1.62 0.56 -0.68
1.61 0.55 -0.69
1.62 0.58 -0.34
1.62 0.56 -0.42
1.62 0.56 -0.5
1.61 0.57 -0.56
1.61 0.57 -0.6
1.61 0.57 -0.63
1.61 0.56 -0.65
1.59 0.56 -0.66
1.6 0.57 -0.66
1.61 0.56 -0.67
1.6 0.56 -0.68
1.6 0.56 -0.7
1.59 0.56 -0.7
1.59 0.56 -0.71
1.59 0.56 -0.71
1.59 0.56 -0.72
1.59 0.55 -0.72
1.6 0.56 -0.36
1.59 0.57 -0.45
1.59 0.57 -0.52
1.61 0.56 -0.58
1.6 0.56 -0.61
1.6 0.57 -0.63
1.61 0.56 -0.65
1.61 0.56 -0.66
1.61 0.57 -0.67
1.61 0.56 -0.69
1.61 0.56 -0.7
1.61 0.56 -0.71
1.61 0.56 -0.72
1.62 0.56 -0.71
1.62 0.55 -0.72
1.62 0.54 -0.36
1.61 0.54 -0.08
1.61 0.54 0.12
1.61 0.56 0.26
1.61 0.57 0.01
1.61 0.56 
