1.89 0.59 -0.75
1.89 0.59 -0.76
1.89 0.59 -0.75
1.9 0.58 -0.76
1.89 0.58 -0.77
1.89 0.58 -0.76
1.88 0.58 -0.77
1.89 0.59 -0.76
1.88 0.59 -0.76
1.88 0.59 -0.76
1.88 0.58 -0.76
1.88 0.57 -0.75
1.89 0.59 -0.76
1.9 0.59 -0.76
1.9 0.59 -0.77
1.9 0.59 -0.77
1.89 0.59 -0.77
1.88 0.6 -0.77
1.89 0.6 -0.77
1.9 0.59 -0.77
1.89 0.59 -0.77
1.89 0.59 -0.77
1.89 0.59 -0.76
1.89 0.59 -0.75
1.88 0.59 -0.76
1.9 0.59 -0.76
1.89 0.59 -0.77
1.89 0.6 -0.77
1.89 0.6 -0.77
1.88 0.6 -0.77
1.89 0.6 -0.76
1.89 0.6 -0.76
1.88 0.6 -0.75
1.89 0.62 -0.76
1.88 0.61 -0.76
1.88 0.61 -0.75
1.89 0.6 -0.76
1.88 0.61 -0.75
1.87 0.6 -0.74
1.87 0.59 -0.75
1.87 0.59 -0.75
1.88 0.59 -0.75
1.88 0.59 -0.75
1.88 0.59 -0.75
1.88 0.58 -0.75
1.88 0.6 -0.75
1.87 0.59 -0.75
1.88 0.58 -0.75
1.9 0.6 -0.75
1.89 0.61 -0.76
1.89 0.6 -0.75
1.9 0.6 -0.76
1.9 0.6 -0.76
1.9 0.59 -0.78
1.91 0.59 -0.77
1.91 0.6 -0.77
1.91 0.59 -0.77
1.91 0.59 -0.77
1.9 0.59 -0.75
1.89 0.59 -0.76
1.89 0.6 -0.77
1.91 0.59 -0.77
1.91 0.6 -0.77
1.91 0.6 -0.77
1.9 0.6 -0.77
1.89 0.61 -0.77
1.9 0.6 -0.78
1.9 0.6 -0.78
1.88 0.61 -0.78
1.89 0.62 -0.78
1.9 0.62 -0.79
1.9 0.61 -0.79
1.9 0.59 -0.78
1.9 0.58 -0.77
1.91 0.58 -0.77
1.9 0.6 -0.77
1.9 0.6 -0.78
1.89 0.61 -0.78
1.89 0.61 -0.77
1.89 0.61 -0.77
1.89 0.6 -0.77
1.89 0.59 -0.77
1.89 0.6 -0.76
1.9 0.61 -0.76
1.9 0.61 -0.77
1.9 0.62 -0.78
1.9 0.62 -0.77
1.9 0.62 -0.78
1.9 0.62 -0.78
1.88 0.64 -0.39
1.89 0.63 -0.47
1.89 0.62 -0.54
1.88 0.63 -0.6
1.89 0.63 -0.64
1.89 0.63 -0.67
1.89 0.62 -0.69
1.87 0.66 -0.31
1.88 0.64 -0.42
1.89 0.65 -0.52
1.88 0.65 -0.59
1.89 0.64 -0.63
1.89 0.65 -0.67
1.89 0.64 -0.69
1.89 0.63 -0.72
1.89 0.6 -0.73
1.89 0.59 -0.75
1.88 0.59 -0.76
1.88 0.58 -0.76
1.89 0.57 -0.75
1.89 0.57 -0.75
1.89 0.57 -0.75
1.89 0.58 -0.75
1.9 0.59 -0.76
1.9 0.6 -0.76
1.9 0.61 -0.76
1.9 0.59 -0.77
1.9 0.58 -0.77
1.91 0.59 -0.77
1.91 0.62 -0.76
1.91 0.61 -0.76
1.91 0.6 -0.75
1.91 0.61 -0.75
1.91 0.6 -0.76
1.91 0.6 -0.78
1.92 0.59 -0.78
1.92 0.59 -0.78
1.92 0.59 -0.78
1.92 0.59 -0.78
1.92 0.59 -0.78
1.92 0.6 -0.77
1.91 0.59 -0.77
1.91 0.59 -0.77
1.9 0.59 -0.77
1.9 0.58 -0.77
1.9 0.58 -0.77
1.9 0.58 -0.77
1.9 0.58 -0.76
1.9 0.59 -0.75
1.9 0.59 -0.76
1.89 0.59 -0.77
1.89 0.6 -0.77
1.89 0.6 -0.77
1.89 0.59 -0.77
1.9 0.59 -0.77
1.9 0.59 -0.78
1.9 0.58 -0.77
1.9 0.59 -0.77
1.89 0.59 -0.76
1.89 0.59 -0.76
1.9 0.59 -0.77
1.89 0.6 -0.77
1.89 0.59 -0.77
1.89 0.6 -0.76
1.9 0.59 -0.76
1.9 0.61 -0.76
1.9 0.61 -0.76
1.9 0.6 -0.77
1.9 0.59 -0.77
1.9 0.58 -0.77
1.89 0.58 -0.77
1.89 0.58 -0.76
1.89 0.56 -0.76
1.88 0.56 -0.77
1.88 0.56 -0.77
1.88 0.57 -0.77
1.9 0.57 -0.77
1.9 0.56 -0.77
1.89 0.56 -0.77
1.9 0.58 -0.77
1.9 0.58 -0.78
1.89 0.56 -0.77
1.89 0.56 -0.77
1.9 0.57 -0.77
1.89 0.57 -0.77
1.89 0.58 -0.77
1.89 0.59 -0.77
1.88 0.6 -0.77
1.89 0.61 -0.78
1.88 0.59 -0.77
1.88 0.59 -0.76
1.89 0.58 -0.77
1.88 0.59 -0.77
1.89 0.59 -0.76
1.9 0.59 -0.76
1.91 0.6 -0.75
1.9 0.6 -0.74
1.9 0.6 -0.74
1.91 0.6 -0.75
1.9 0.59 -0.76
1.89 0.58 -0.75
1.89 0.58 -0.76
1.89 0.59 -0.77
1.9 0.58 -0.77
1.9 0.59 -0.77
1.91 0.59 -0.77
1.92 0.6 -0.76
1.91 0.59 -0.77
1.91 0.6 -0.77
1.92 0.6 -0.78
1.92 0.6 -0.77
1.91 0.6 -0.77
1.91 0.59 -0.78
1.92 0.58 -0.78
1.92 0.57 -0.78
1.92 0.58 -0.78
1.92 0.59 -0.78
1.91 0.57 -0.78
1.91 0.55 -0.78
1.92 0.57 -0.4
1.9 0.57 -0.49
1.9 0.58 -0.57
1.89 0.57 -0.63
1.89 0.58 -0.67
1.89 0.58 -0.7
1.89 0.58 -0.72
1.9 0.58 -0.75
1.91 0.59 -0.76
1.91 0.58 -0.76
1.91 0.57 -0.78
1.92 0.58 -0.78
1.91 0.58 -0.78
1.92 0.59 -0.78
1.92 0.58 -0.79
1.92 0.58 -0.78
1.92 0.58 -0.8
1.91 0.57 -0.8
1.9 0.57 -0.79
1.9 0.55 -0.8
1.91 0.57 -0.4
1.9 0.56 -0.49
1.89 0.56 -0.56
1.89 0.55 -0.64
1.9 0.56 -0.28
1.9 0.57 -0.4
1.91 0.57 -0.5
1.92 0.58 -0.57
1.91 0.58 -0.63
1.91 0.57 -0.66
1.91 0.57 -0.69
1.9 0.58 -0.71
1.9 0.58 -0.72
1.91 0.58 -0.74
1.9 0.58 -0.75
1.91 0.57 -0.76
1.91 0.58 -0.76
1.9 0.58 -0.76
1.9 0.59 -0.76
1.89 0.6 -0.76
1.9 0.59 -0.77
1.9 0.59 -0.75
1.89 0.59 -0.75
1.89 0.59 -0.76
1.89 0.58 -0.77
1.9 0.57 -0.77
1.89 0.58 -0.76
1.9 0.6 -0.76
1.9 0.58 -0.77
1.88 0.58 -0.76
1.89 0.57 -0.78
1.88 0.56 -0.78
1.88 0.56 -0.78
1.89 0.59 -0.77
1.9 0.58 -0.78
1.9 0.58 -0.78
1.9 0.58 -0.79
1.9 0.59 -0.77
1.91 0.59 -0.77
1.9 0.59 -0.78
1.9 0.58 -0.78
1.9 0.57 -0.78
1.9 0.58 -0.78
1.9 0.56 -0.78
1.9 0.56 -0.78
1.9 0.56 -0.79
1.9 0.56 -0.79
1.89 0.54 -0.79
1.89 0.56 -0.39
1.89 0.55 -0.48
1.9 0.57 -0.16
1.9 0.56 -0.32
1.9 0.59 -0.43
1.9 0.57 -0.52
1.9 0.57 -0.6
1.9 0.56 -0.66
1.9 0.57 -0.68
1.9 0.57 -0.71
1.9 0.57 -0.72
1.91 0.58 -0.73
1.9 0.58 -0.74
1.9 0.58 -0.75
1.9 0.59 -0.75
1.9 0.59 -0.76
1.9 0.59 -0.76
1.91 0.58 -0.76
1.91 0.59 -0.76
1.92 0.59 -0.76
1.92 0.59 -0.76
1.91 0.58 -0.76
1.91 0.58 -0.77
1.92 0.58 -0.77
1.92 0.59 -0.77
1.92 0.58 -0.77
1.91 0.59 -0.77
1.91 0.58 -0.77
1.91 0.6 -0.77
1.91 0.6 -0.77
1.91 0.61 -0.76
1.9 0.62 -0.76
1.9 0.61 -0.75
1.89 0.6 -0.75
1.89 0.6 -0.76
1.9 0.61 -0.76
1.9 0.6 -0.77
1.91 0.6 -0.77
1.91 0.6 -0.76
1.91 0.6 -0.76
1.91 0.6 -0.76
1.91 0.6 -0.75
1.91 0.61 -0.76
1.92 0.6 -0.76
1.91 0.6 -0.76
1.91 0.6 -0.77
1.91 0.59 -0.76
1.92 0.59 -0.76
1.93 0.59 -0.77
1.93 0.6 -0.77
1.91 0.59 -0.78
1.92 0.59 -0.78
1.92 0.59 -0.78
1.93 0.59 -0.78
1.92 0.59 -0.77
1.91 0.6 -0.76
1.9 0.61 -0.76
1.9 0.6 -0.76
1.89 0.6 -0.76
1.89 0.6 -0.77
1.89 0.6 -0.76
1.9 0.61 -0.75
1.91 0.62 -0.75
1.92 0.63 -0.75
1.9 0.62 -0.74
1.9 0.62 -0.74
1.9 0.62 -0.76
1.9 0.61 -0.76
1.9 0.61 -0.77
1.9 0.61 -0.76
1.91 0.6 -0.76
1.9 0.59 -0.76
1.9 0.59 -0.75
1.9 0.6 -0.76
1.9 0.58 -0.77
1.9 0.57 -0.77
1.9 0.57 -0.76
1.91 0.58 -0.76
1.92 0.58 -0.77
1.91 0.57 -0.77
1.91 0.57 -0.78
1.9 0.56 -0.77
1.91 0.56 -0.77
1.91 0.57 -0.77
1.91 0.59 -0.76
1.93 0.59 -0.77
1.93 0.6 -0.77
1.92 0.6 -0.78
1.92 0.59 -0.79
1.92 0.57 -0.79
1.89 0.56 -0.77
1.89 0.57 -0.78
1.9 0.57 -0.77
1.9 0.57 -0.78
1.9 0.56 -0.77
1.89 0.56 -0.78
1.9 0.57 -0.77
1.9 0.57 -0.77
1.9 0.56 -0.77
1.9 0.56 -0.77
1.9 0.56 -0.78
1.91 0.57 -0.79
1.91 0.57 -0.79
1.91 0.56 -0.79
1.91 0.55 -0.79
1.91 0.58 -0.4
1.9 0.57 -0.49
1.89 0.57 -0.56
1.89 0.57 -0.61
1.9 0.58 -0.66
1.9 0.58 -0.68
1.9 0.57 -0.71
1.9 0.59 -0.72
1.91 0.6 -0.74
1.91 0.59 -0.75
1.91 0.57 -0.76
1.91 0.58 -0.76
1.92 0.58 -0.76
1.91 0.57 -0.77
1.9 0.58 -0.76
1.9 0.57 -0.77
1.9 0.57 -0.76
1.9 0.57 -0.77
1.9 0.57 -0.78
1.89 0.57 -0.77
1.89 0.57 -0.77
1.89 0.57 -0.78
1.88 0.57 -0.78
1.88 0.57 -0.78
1.89 0.57 -0.78
1.9 0.58 -0.79
1.91 0.57 -0.79
1.91 0.58 -0.79
1.91 0.58 -0.78
1.91 0.58 -0.79
1.91 0.58 -0.79
1.9 0.57 -0.79
1.9 0.56 -0.79
1.9 0.56 -0.79
1.9 0.56 -0.79
1.9 0.58 -0.8
1.9 0.57 -0.79
1.9 0.58 -0.78
1.9 0.58 -0.78
1.91 0.58 -0.78
1.9 0.57 -0.77
1.9 0.58 -0.77
1.9 0.58 -0.78
1.9 0.6 -0.37
1.9 0.59 -0.47
1.9 0.59 -0.55
1.89 0.58 -0.6
1.9 0.58 -0.65
1.9 0.58 -0.68
1.9 0.58 -0.71
1.89 0.58 -0.72
1.88 0.57 -0.73
1.89 0.57 -0.74
1.9 0.57 -0.75
1.9 0.57 -0.76
1.89 0.58 -0.76
1.9 0.58 -0.78
1.89 0.59 -0.78
1.9 0.58 -0.79
1.9 0.58 -0.78
1.9 0.57 -0.78
1.9 0.58 -0.78
1.9 0.57 -0.78
1.9 0.58 -0.77
1.91 0.59 -0.77
1.91 0.59 -0.76
1.91 0.59 -0.76
1.9 0.59 -0.76
1.9 0.58 -0.77
1.89 0.58 -0.77
1.9 0.58 -0.77
1.9 0.57 -0.78
1.9 0.57 -0.78
1.9 0.58 -0.77
1.9 0.58 -0.76
1.91 0.6 -0.76
1.91 0.6 -0.75
1.9 0.6 -0.75
1.91 0.61 -0.77
1.9 0.61 -0.77
1.91 0.6 -0.76
1.9 0.6 -0.76
1.91 0.59 -0.76
1.91 0.59 -0.76
1.9 0.59 -0.76
1.9 0.59 -0.76
1.9 0.59 -0.77
1.9 0.58 -0.76
1.9 0.59 -0.76
1.9 0.59 -0.77
1.91 0.59 -0.78
1.91 0.59 -0.77
1.9 0.57 -0.77
1.9 0.57 -0.76
1.9 0.57 -0.77
1.9 0.59 -0.76
1.9 0.58 -0.77
1.9 0.6 -0.77
1.91 0.6 -0.78
1.91 0.61 -0.77
1.91 0.61 -0.77
1.9 0.6 -0.77
1.9 0.58 -0.78
1.9 0.59 -0.78
1.89 0.59 -0.77
1.9 0.59 -0.76
1.9 0.59 -0.76
1.9 0.6 -0.77
1.9 0.6 -0.77
1.91 0.6 -0.77
1.9 0.59 -0.77
1.89 0.59 -0.77
1.9 0.58 -0.78
1.89 0.59 -0.78
1.89 0.6 -0.77
1.89 0.61 -0.77
1.9 0.6 -0.78
1.88 0.59 -0.78
1.88 0.58 -0.76
1.89 0.57 -0.76
1.88 0.57 -0.77
1.89 0.57 -0.78
1.88 0.57 -0.77
1.88 0.57 -0.78
1.89 0.58 -0.77
1.88 0.59 -0.77
1.89 0.58 -0.76
1.89 0.59 -0.77
1.88 0.59 -0.77
1.89 0.59 -0.78
1.89 0.59 -0.76
1.89 0.59 -0.76
1.89 0.59 -0.76
1.89 0.58 -0.76
1.89 0.57 -0.76
1.91 0.58 -0.76
1.89 0.59 -0.76
1.88 0.58 -0.77
1.88 0.58 -0.77
1.89 0.58 -0.78
1.89 0.57 -0.77
1.89 0.56 -0.77
1.89 0.57 -0.77
1.9 0.58 -0.77
1.91 0.57 -0.77
1.89 0.59 -0.77
1.88 0.6 -0.77
1.88 0.59 -0.77
1.89 0.6 -0.77
1.88 0.59 -0.76
1.87 0.58 -0.77
1.9 0.59 -0.77
1.89 0.58 -0.77
1.91 0.61 -0.78
1.91 0.6 -0.78
1.9 0.6 -0.77
1.9 0.61 -0.77
1.9 0.6 -0.77
1.9 0.58 -0.77
1.9 0.59 -0.77
1.9 0.58 -0.78
1.89 0.58 -0.78
1.89 0.6 -0.77
1.9 0.6 -0.78
1.9 0.6 -0.78
1.9 0.6 -0.76
1.9 0.62 -0.76
1.9 0.6 -0.76
1.91 0.6 -0.77
1.91 0.61 -0.77
1.91 0.6 -0.76
1.91 0.6 -0.76
1.9 0.59 -0.77
1.91 0.59 -0.77
1.92 0.59 -0.77
1.91 0.59 -0.77
1.92 0.59 -0.78
1.92 0.58 -0.78
1.92 0.58 -0.77
1.91 0.59 -0.78
1.91 0.58 -0.77
1.91 0.58 -0.77
1.91 0.58 -0.77
1.91 0.58 -0.76
1.9 0.58 -0.76
1.9 0.58 -0.77
1.9 0.59 -0.77
1.9 0.61 -0.77
1.89 0.62 -0.77
1.9 0.63 -0.77
1.9 0.62 -0.77
1.9 0.61 -0.77
1.9 0.61 -0.76
1.91 0.61 -0.78
1.9 0.62 -0.77
1.89 0.62 -0.78
1.91 0.63 -0.77
1.9 0.62 -0.77
1.89 0.62 -0.76
1.89 0.62 -0.76
1.9 0.61 -0.76
1.9 0.6 -0.76
1.89 0.59 -0.76
1.88 0.59 -0.76
1.89 0.59 -0.78
1.89 0.59 -0.78
1.89 0.59 -0.78
1.88 0.61 -0.77
1.88 0.6 -0.78
1.88 0.59 -0.77
1.89 0.58 -0.77
1.88 0.61 -0.77
1.89 0.61 -0.77
1.9 0.61 -0.76
1.9 0.6 -0.76
1.89 0.61 -0.77
1.9 0.6 -0.76
1.89 0.61 -0.78
1.89 0.6 -0.78
1.89 0.59 -0.76
1.89 0.6 -0.76
1.88 0.59 -0.75
1.88 0.58 -0.76
1.9 0.59 -0.76
1.89 0.59 -0.76
1.89 0.59 -0.77
1.9 0.58 -0.77
1.9 0.58 -0.76
1.9 0.59 -0.77
1.88 0.58 -0.77
1.89 0.6 -0.75
1.88 0.6 -0.75
1.88 0.6 -0.76
1.89 0.6 -0.75
1.89 0.61 -0.75
1.89 0.61 -0.75
1.89 0.61 -0.76
1.88 0.6 -0.77
1.87 0.6 -0.76
1.88 0.58 -0.75
1.87 0.58 -0.75
1.88 0.58 -0.77
1.88 0.57 -0.76
1.89 0.58 -0.77
1.89 0.58 -0.78
1.91 0.59 -0.77
1.91 0.6 -0.76
1.91 0.61 -0.77
1.9 0.6 -0.77
1.9 0.59 -0.78
1.9 0.59 -0.79
1.91 0.59 -0.79
1.91 0.6 -0.79
1.91 0.59 -0.8
1.91 0.61 -0.78
1.91 0.6 -0.77
1.9 0.62 -0.77
1.89 0.6 -0.76
1.9 0.59 -0.76
1.89 0.6 -0.77
1.88 0.6 -0.76
1.89 0.59 -0.77
1.91 0.59 -0.77
1.9 0.58 -0.77
1.9 0.58 -0.77
1.9 0.58 -0.77
1.91 0.59 -0.76
1.91 0.58 -0.77
1.9 0.59 -0.77
1.9 0.59 -0.78
1.89 0.58 -0.77
1.89 0.58 -0.76
1.89 0.57 -0.78
1.9 0.59 -0.76
1.89 0.58 -0.76
1.88 0.57 -0.76
1.89 0.58 -0.75
1.88 0.58 -0.76
1.88 0.59 -0.76
1.87 0.61 -0.77
1.87 0.61 -0.78
1.87 0.61 -0.78
1.87 0.62 -0.77
1.88 0.61 -0.78
1.89 0.59 -0.78
1.89 0.6 -0.78
1.89 0.6 -0.77
1.88 0.61 -0.77
1.88 0.62 -0.77
1.89 0.6 -0.77
1.89 0.59 -0.76
1.89 0.59 -0.76
1.89 0.6 -0.76
1.9 0.6 -0.77
1.89 0.6 -0.77
1.89 0.59 -0.77
1.89 0.59 -0.77
1.89 0.6 -0.77
1.89 0.6 -0.77
1.89 0.59 -0.77
1.89 0.58 -0.77
1.89 0.61 -0.78
1.89 0.59 -0.78
1.89 0.59 -0.77
1.89 0.58 -0.77
1.89 0.58 -0.77
1.89 0.59 -0.77
1.89 0.59 -0.77
1.88 0.59 -0.77
1.88 0.58 -0.77
1.89 0.59 -0.77
1.89 0.58 -0.76
1.9 0.58 -0.76
1.91 0.58 -0.77
1.91 0.59 -0.77
1.9 0.58 -0.77
1.89 0.57 -0.77
1.9 0.58 -0.76
1.9 0.58 -0.76
1.9 0.59 -0.76
1.9 0.59 -0.77
1.89 0.59 -0.77
1.89 0.59 -0.76
1.89 0.59 -0.76
1.89 0.59 -0.76
1.89 0.59 -0.76
1.91 0.6 -0.77
1.91 0.6 -0.77
1.91 0.6 -0.78
1.91 0.6 -0.77
1.91 0.61 -0.78
1.92 0.61 -0.79
1.91 0.6 -0.78
1.92 0.6 -0.78
1.91 0.61 -0.79
1.91 0.61 -0.79
1.91 0.61 -0.78
1.91 0.59 -0.78
1.9 0.58 -0.76
1.91 0.59 -0.77
1.9 0.59 -0.77
1.9 0.59 -0.77
1.89 0.59 -0.77
1.89 0.58 -0.77
1.9 0.59 -0.76
1.88 0.59 -0.76
1.88 0.59 -0.77
1.88 0.59 -0.77
1.89 0.59 -0.77
1.88 0.59 -0.76
1.87 0.59 -0.76
1.88 0.6 -0.76
1.88 0.6 -0.76
1.88 0.58 -0.76
1.88 0.59 -0.76
1.88 0.58 -0.76
1.89 0.59 -0.76
1.89 0.58 -0.77
1.89 0.58 -0.76
1.89 0.57 -0.77
1.89 0.58 -0.78
1.88 0.58 -0.78
1.89 0.59 -0.77
1.89 0.6 -0.77
1.89 0.6 -0.77
1.9 0.6 -0.77
1.9 0.6 -0.76
1.91 0.61 -0.76
1.91 0.6 -0.76
1.92 0.59 -0.76
1.92 0.59 -0.76
1.91 0.58 -0.76
1.91 0.58 -0.77
1.91 0.57 -0.78
1.9 0.57 -0.78
1.91 0.57 -0.78
1.9 0.56 -0.78
1.89 0.56 -0.79
1.89 0.56 -0.8
1.89 0.55 -0.8
1.89 0.56 -0.41
1.9 0.58 -0.5
1.91 0.57 -0.58
1.91 0.58 -0.63
1.91 0.58 -0.67
1.9 0.57 -0.69
1.9 0.59 -0.71
1.9 0.58 -0.72
1.9 0.59 -0.73
1.9 0.58 -0.75
1.89 0.56 -0.77
1.9 0.58 -0.77
1.9 0.57 -0.77
1.9 0.57 -0.78
1.91 0.56 -0.78
1.91 0.57 -0.79
1.91 0.57 -0.79
1.91 0.58 -0.78
1.91 0.58 -0.78
1.93 0.58 -0.78
1.91 0.58 -0.78
1.9 0.58 -0.78
1.91 0.58 -0.77
1.9 0.59 -0.77
1.9 0.6 -0.77
1.91 0.59 -0.78
1.91 0.59 -0.77
1.91 0.59 -0.77
1.9 0.59 -0.76
1.9 0.59 -0.75
1.91 0.58 -0.77
1.9 0.58 -0.76
1.9 0.59 -0.77
1.9 0.58 -0.77
1.9 0.59 -0.77
1.91 0.59 -0.79
1.91 0.6 -0.78
1.92 0.6 -0.79
1.92 0.6 -0.79
1.93 0.59 -0.78
1.93 0.58 -0.78
1.92 0.58 -0.78
1.92 0.58 -0.78
1.91 0.59 -0.79
1.91 0.58 -0.79
1.9 0.57 -0.78
1.89 0.57 -0.77
1.9 0.59 -0.77
1.9 0.58 -0.76
1.91 0.58 -0.76
1.91 0.57 -0.76
1.9 0.57 -0.77
1.91 0.58 -0.77
1.9 0.58 -0.77
1.9 0.57 -0.77
1.89 0.56 -0.77
1.89 0.56 -0.78
1.91 0.56 -0.78
1.89 0.58 -0.78
1.88 0.57 -0.76
1.88 0.59 -0.76
1.89 0.59 -0.76
1.89 0.59 -0.76
1.9 0.58 -0.76
1.91 0.59 -0.77
1.92 0.59 -0.77
1.91 0.6 -0.78
1.91 0.59 -0.79
1.91 0.59 -0.77
1.92 0.57 -0.78
1.92 0.58 -0.79
1.92 0.58 -0.78
1.92 0.58 -0.78
1.91 0.58 -0.77
1.91 0.58 -0.79
1.91 0.58 -0.79
1.91 0.59 -0.79
1.91 0.6 -0.79
1.9 0.6 -0.78
1.89 0.59 -0.77
1.89 0.58 -0.76
1.9 0.59 -0.75
1.89 0.61 -0.75
1.89 0.61 -0.75
1.9 0.62 -0.76
1.91 0.6 -0.76
1.91 0.6 -0.77
1.9 0.59 -0.77
1.9 0.59 -0.77
1.91 0.59 -0.77
1.91 0.59 -0.78
1.9 0.58 -0.78
1.9 0.58 -0.78
1.9 0.58 -0.78
1.9 0.58 -0.78
1.89 0.58 -0.77
1.89 0.58 -0.77
1.9 0.58 -0.78
1.9 0.59 -0.79
1.9 0.58 -0.78
1.89 0.58 -0.78
1.9 0.6 -0.77
1.89 0.59 -0.77
1.9 0.59 -0.77
1.9 0.59 -0.78
1.9 0.57 -0.78
1.9 0.59 -0.78
1.9 0.6 -0.78
1.9 0.59 -0.78
1.9 0.59 -0.78
1.91 0.59 -0.78
1.91 0.6 -0.78
1.91 0.6 -0.79
1.91 0.58 -0.78
1.91 0.58 -0.77
1.91 0.59 -0.78
1.91 0.59 -0.79
1.9 0.6 -0.77
1.9 0.59 -0.78
1.9 0.6 -0.78
1.9 0.6 -0.78
1.91 0.6 -0.78
1.92 0.59 -0.78
1.91 0.58 -0.77
1.9 0.57 -0.77
1.91 0.57 -0.77
1.92 0.57 -0.77
1.91 0.58 -0.78
1.92 0.58 -0.77
1.92 0.58 -0.77
1.91 0.57 -0.77
1.91 0.57 -0.38
1.91 0.56 -0.48
1.91 0.57 -0.55
1.91 0.57 -0.61
1.91 0.57 -0.66
1.9 0.57 -0.69
1.9 0.58 -0.71
1.91 0.59 -0.72
1.91 0.58 -0.73
1.91 0.57 -0.73
1.9 0.58 -0.75
1.9 0.58 -0.76
1.92 0.59 -0.77
1.91 0.59 -0.78
1.91 0.6 -0.78
1.91 0.58 -0.78
1.92 0.57 -0.79
1.91 0.57 -0.78
1.91 0.58 -0.79
1.92 0.59 -0.41
1.9 0.58 -0.5
1.91 0.6 -0.58
1.89 0.59 -0.62
1.89 0.59 -0.65
1.89 0.59 -0.68
1.89 0.58 -0.7
1.89 0.59 -0.71
1.9 0.59 -0.74
1.91 0.6 -0.75
1.91 0.59 -0.75
1.91 0.59 -0.76
1.91 0.58 -0.76
1.91 0.57 -0.76
1.91 0.57 -0.76
1.91 0.58 -0.77
1.91 0.58 -0.77
1.92 0.58 -0.78
1.92 0.59 -0.78
1.92 0.59 -0.77
1.92 0.6 -0.76
1.92 0.59 -0.76
1.92 0.6 -0.77
1.9 0.61 -0.77
1.9 0.61 -0.77
1.9 0.62 -0.77
1.9 0.63 -0.78
1.9 0.62 -0.78
1.9 0.6 -0.77
1.9 0.59 -0.77
1.91 0.59 -0.76
1.91 0.59 -0.75
1.9 0.59 -0.76
1.91 0.59 -0.78
1.91 0.57 -0.78
1.91 0.57 -0.78
1.91 0.58 -0.78
1.92 0.57 -0.78
1.92 0.57 -0.79
1.92 0.58 -0.78
1.92 0.59 -0.78
1.91 0.58 -0.77
1.92 0.59 -0.77
1.92 0.59 -0.76
1.91 0.59 -0.77
1.91 0.59 -0.77
1.92 0.56 -0.39
1.92 0.57 -0.48
1.91 0.56 -0.55
1.9 0.57 -0.61
1.9 0.57 -0.65
1.91 0.58 -0.69
1.9 0.59 -0.71
1.91 0.57 -0.72
1.91 0.58 -0.73
1.9 0.58 -0.75
1.9 0.58 -0.75
1.91 0.57 -0.75
1.91 0.58 -0.76
1.91 0.58 -0.77
1.91 0.57 -0.78
1.9 0.57 -0.77
1.91 0.56 -0.78
1.9 0.55 -0.78
1.89 0.55 -0.38
1.88 0.55 -0.1
1.88 0.56 0.12
1.88 0.58 -0.1
1.89 0.58 -0.27
1.89 0.59 -0.39
1.89 0.58 -0.49
1.89 0.6 -0.56
1.89 0.6 -0.61
1.9 0.58 -0.27
1.89 0.59 -0.4
1.89 0.59 -0.49
1.89 0.61 -0.55
1.89 0.6 -0.61
1.88 0.58 -0.64
1.89 0.6 -0.68
1.88 0.6 -0.7
1.89 0.59 -0.72
1.89 0.58 -0.74
1.89 0.58 -0.75
1.89 0.57 -0.75
1.89 0.58 -0.76
1.89 0.58 -0.76
1.89 0.59 -0.77
1.89 0.58 -0.78
1.9 0.59 -0.79
1.89 0.57 -0.78
1.89 0.57 -0.79
1.89 0.55 -0.79
1.9 0.56 -0.4
1.89 0.55 -0.49
1.87 0.54 -0.17
1.86 0.53 0.07
1.86 0.52 0.26
1.89 0.54 0.4
1.91 0.55 0.5
1.9 0.54 0.55
1.9 0.54 0.63
1.91 0.54 0.67
1.91 0.54 0.69
1.9 0.55 0.7
1.9 0.57 0.7
1.9 0.56 0.34
1.9 0.57 0.07
1.9 0.56 -0.15
1.91 0.56 -0.29
1.9 0.54 -0.42
1.89 0.54 -0.13
1.9 0.54 0.1
1.9 0.54 0.27
1.91 0.53 0.4
1.91 0.52 0.5
1.9 0.53 0.56
1.91 0.55 0.61
1.91 0.55 0.65
1.91 0.56 0.68
1.91 0.54 0.31
1.92 0.55 0.43
1.92 0.55 0.52
1.93 0.55 0.58
1.93 0.55 0.64
1.93 0.58 0.67
1.93 0.57 0.31
1.93 0.57 0.03
1.93 0.58 -0.17
1.92 0.58 -0.33
1.91 0.57 -0.44
1.91 0.57 -0.52
1.9 0.56 -0.58
1.91 0.56 -0.61
1.91 0.56 -0.64
1.91 0.56 -0.68
1.91 0.56 -0.7
1.91 0.57 -0.71
1.92 0.57 -0.73
1.91 0.57 -0.74
1.92 0.59 -0.74
1.92 0.58 -0.75
1.91 0.59 -0.75
1.91 0.59 -0.75
1.91 0.59 -0.76
1.91 0.58 -0.77
1.91 0.57 -0.77
1.92 0.57 -0.78
1.92 0.58 -0.78
1.92 0.57 -0.79
1.92 0.57 -0.79
1.93 0.55 -0.78
1.93 0.56 -0.39
1.93 0.56 -0.49
1.93 0.55 -0.55
1.93 0.57 -0.22
1.93 0.57 -0.36
1.92 0.56 -0.45
1.92 0.56 -0.53
1.92 0.56 -0.58
1.92 0.55 -0.63
1.91 0.54 -0.28
1.92 0.53 -0.01
1.91 0.53 0.19
1.91 0.52 0.35
1.91 0.52 0.46
1.9 0.52 0.54
1.89 0.52 0.59
1.89 0.52 0.64
1.9 0.55 0.66
1.9 0.54 0.69
1.9 0.55 0.71
1.91 0.56 0.74
1.91 0.55 0.36
1.91 0.54 0.46
1.91 0.55 0.53
1.91 0.54 0.6
1.9 0.53 0.65
1.9 0.52 0.68
1.89 0.48 0.3
1.89 0.5 0.41
1.89 0.5 0.51
1.9 0.49 0.59
1.9 0.49 0.66
1.91 0.5 0.69
1.92 0.51 0.71
1.9 0.52 0.73
1.9 0.53 0.74
1.91 0.53 0.75
1.91 0.55 0.75
1.91 0.55 0.75
1.91 0.54 0.76
1.91 0.56 0.77
1.91 0.56 0.4
1.9 0.56 0.11
1.9 0.56 -0.11
1.9 0.56 -0.28
1.9 0.57 -0.4
1.9 0.56 -0.5
1.91 0.56 -0.58
1.91 0.56 -0.63
1.9 0.55 -0.65
1.9 0.55 -0.3
1.9 0.54 -0.03
1.9 0.56 0.17
1.9 0.54 -0.06
1.89 0.55 0.15
1.9 0.54 0.31
1.9 0.56 0.43
1.9 0.56 0.13
1.89 0.57 -0.09
1.89 0.57 -0.25
1.9 0.58 -0.38
1.89 0.58 -0.47
1.9 0.57 -0.53
1.89 0.57 -0.59
1.9 0.58 -0.65
1.9 0.59 -0.68
1.9 0.57 -0.71
1.9 0.56 -0.72
1.9 0.56 -0.75
1.88 0.56 -0.75
1.88 0.56 -0.76
1.89 0.54 -0.76
1.9 0.55 -0.37
1.9 0.55 -0.07
1.91 0.54 0.14
1.91 0.52 0.31
1.91 0.52 0.43
1.91 0.53 0.53
1.91 0.55 0.59
1.91 0.56 0.64
1.91 0.55 0.28
1.91 0.55 0.41
1.91 0.55 0.49
1.92 0.57 0.55
1.92 0.56 0.22
1.92 0.57 -0.02
1.93 0.56 -0.2
1.92 0.55 -0.35
1.91 0.56 -0.07
1.91 0.55 -0.25
1.91 0.55 0.01
1.9 0.56 0.18
1.9 0.55 -0.05
1.91 0.55 0.15
1.91 0.54 0.32
1.92 0.55 0.43
1.92 0.55 0.52
1.91 0.55 0.59
1.92 0.56 0.64
1.92 0.55 0.29
1.91 0.55 0.41
1.91 0.55 0.51
1.91 0.54 0.59
1.91 0.54 0.64
1.91 0.54 0.69
1.91 0.55 0.71
1.9 0.57 0.74
1.9 0.56 0.36
1.91 0.56 0.08
1.9 0.56 -0.14
1.9 0.55 -0.3
1.9 0.56 -0.03
1.9 0.56 -0.22
1.9 0.56 -0.36
1.91 0.56 -0.47
1.91 0.55 -0.55
1.91 0.57 -0.22
1.9 0.56 -0.35
1.91 0.57 -0.47
1.91 0.54 -0.55
1.91 0.54 -0.21
1.91 0.54 0.05
1.92 0.54 0.24
1.92 0.54 0.38
1.92 0.52 0.49
1.91 0.53 0.56
1.9 0.53 0.62
1.9 0.55 0.66
1.9 0.55 0.69
1.9 0.54 0.71
1.91 0.54 0.73
1.91 0.54 0.75
1.91 0.54 0.75
1.92 0.54 0.77
1.91 0.55 0.76
1.9 0.54 0.76
1.89 0.53 0.77
1.89 0.53 0.77
1.9 0.52 0.78
1.9 0.54 0.78
1.91 0.55 0.79
1.91 0.56 0.78
1.91 0.54 0.39
1.92 0.55 0.48
1.92 0.56 0.56
1.93 0.56 0.23
1.93 0.54 -0.03
1.93 0.53 0.18
1.93 0.53 0.32
1.93 0.53 0.43
1.92 0.52 0.53
1.93 0.54 0.59
1.93 0.53 0.63
1.92 0.52 0.68
1.92 0.52 0.32
1.91 0.52 0.43
1.91 0.54 0.5
1.9 0.55 0.57
1.91 0.57 0.61
1.9 0.56 0.26
1.92 0.55 0
1.92 0.55 0.19
1.91 0.56 0.34
1.91 0.55 0.06
1.91 0.55 0.24
1.92 0.56 0.38
1.92 0.56 0.09
1.92 0.56 -0.12
1.91 0.56 -0.29
1.9 0.56 -0.41
1.91 0.56 -0.52
1.9 0.55 -0.59
1.89 0.54 -0.23
1.9 0.56 0.03
1.89 0.55 -0.16
1.89 0.54 0.08
1.88 0.55 0.24
1.9 0.57 0.39
1.89 0.56 0.1
1.88 0.55 -0.11
1.87 0.56 0.12
1.88 0.57 -0.1
1.87 0.57 -0.28
1.87 0.57 -0.4
1.87 0.54 -0.49
1.88 0.56 -0.16
1.88 0.55 -0.31
1.88 0.56 -0.04
1.9 0.57 -0.23
1.89 0.58 -0.38
1.88 0.58 -0.48
1.88 0.57 -0.55
1.88 0.56 -0.59
1.87 0.55 -0.64
1.88 0.55 -0.27
1.89 0.55 0
1.89 0.56 0.19
1.89 0.54 -0.06
1.89 0.54 0.15
1.88 0.55 0.29
1.88 0.56 0.42
1.88 0.54 0.13
1.9 0.55 0.28
1.9 0.54 0.4
1.9 0.56 0.5
1.89 0.55 0.18
1.89 0.53 -0.06
1.9 0.53 0.14
1.9 0.53 0.3
1.9 0.52 0.42
1.89 0.52 0.51
1.89 0.54 0.57
1.89 0.54 0.62
1.88 0.55 0.64
1.88 0.57 0.68
1.88 0.56 0.31
1.88 0.56 0.04
1.89 0.56 -0.16
1.89 0.55 -0.32
1.9 0.56 -0.04
1.9 0.55 -0.24
1.9 0.57 0.01
1.89 0.55 -0.19
1.9 0.55 0.05
1.91 0.56 0.24
1.9 0.58 -0.02
1.9 0.59 -0.22
1.9 0.59 -0.36
1.9 0.59 -0.46
1.9 0.59 -0.54
1.9 0.59 -0.59
1.9 0.6 -0.64
1.91 0.61 -0.68
1.91 0.61 -0.69
1.9 0.6 -0.71
1.91 0.59 -0.73
1.91 0.59 -0.75
1.91 0.58 -0.77
1.92 0.58 -0.78
1.91 0.56 -0.78
1.91 0.56 -0.77
1.9 0.56 -0.78
1.91 0.56 -0.78
1.91 0.56 -0.77
1.9 0.58 -0.77
1.89 0.58 -0.76
1.88 0.57 -0.75
1.9 0.58 -0.76
1.89 0.58 -0.77
1.9 0.58 -0.76
1.89 0.59 -0.77
1.89 0.59 -0.78
1.9 0.59 -0.8
1.89 0.58 -0.79
1.92 0.58 -0.8
1.91 0.59 -0.8
1.9 0.6 -0.79
1.89 0.61 -0.78
1.89 0.63 -0.78
1.89 0.61 -0.78
1.9 0.6 -0.78
1.9 0.61 -0.77
1.89 0.61 -0.77
1.88 0.61 -0.76
1.87 0.57 -0.36
1.88 0.57 -0.46
