2.16 0.38 0.8
2.18 0.37 0.8
2.17 0.37 0.8
2.19 0.39 0.79
2.18 0.39 0.79
2.18 0.39 0.79
2.18 0.37 0.8
2.19 0.37 0.8
2.19 0.38 0.8
2.18 0.39 0.79
2.18 0.38 0.79
2.18 0.37 0.8
2.17 0.37 0.79
2.18 0.38 0.79
2.16 0.38 0.8
2.16 0.37 0.79
2.16 0.37 0.79
2.17 0.38 0.79
2.18 0.38 0.79
2.18 0.38 0.79
2.19 0.38 0.79
2.2 0.37 0.8
2.19 0.37 0.81
2.19 0.38 0.8
2.19 0.39 0.79
2.2 0.39 0.79
2.19 0.39 0.78
2.19 0.39 0.79
2.19 0.39 0.79
2.2 0.4 0.79
2.19 0.39 0.8
2.18 0.39 0.79
2.17 0.39 0.78
2.17 0.39 0.78
2.16 0.4 0.78
2.16 0.4 0.79
2.16 0.39 0.79
2.17 0.38 0.79
2.17 0.38 0.79
2.17 0.38 0.79
2.16 0.38 0.79
2.17 0.39 0.79
2.17 0.4 0.79
2.18 0.4 0.79
2.18 0.4 0.79
2.18 0.4 0.8
2.19 0.41 0.8
2.18 0.41 0.8
2.18 0.4 0.79
2.17 0.41 0.79
2.17 0.41 0.8
2.18 0.4 0.8
2.18 0.41 0.8
2.17 0.41 0.79
2.19 0.41 0.79
2.18 0.39 0.79
2.18 0.39 0.79
2.16 0.39 0.79
2.17 0.39 0.79
2.17 0.38 0.8
2.16 0.39 0.79
2.17 0.39 0.79
2.18 0.39 0.79
2.18 0.39 0.8
2.19 0.39 0.8
2.18 0.38 0.79
2.18 0.38 0.79
2.18 0.37 0.79
2.18 0.37 0.79
2.18 0.38 0.79
2.18 0.38 0.78
2.18 0.38 0.78
2.18 0.39 0.78
2.17 0.39 0.78
2.18 0.4 0.78
2.16 0.39 0.79
2.17 0.39 0.79
2.16 0.37 0.8
2.18 0.37 0.79
2.18 0.36 0.8
2.18 0.37 0.79
2.18 0.36 0.79
2.18 0.37 0.79
2.18 0.36 0.8
2.17 0.38 0.8
2.18 0.38 0.8
2.2 0.37 0.8
2.19 0.36 0.8
2.18 0.37 0.8
2.19 0.36 0.8
2.19 0.37 0.79
2.19 0.38 0.79
2.19 0.39 0.79
2.18 0.38 0.79
2.17 0.37 0.79
2.16 0.36 0.79
2.15 0.35 0.8
2.15 0.35 0.79
2.16 0.35 0.79
2.17 0.36 0.79
2.18 0.36 0.79
2.18 0.37 0.79
2.18 0.37 0.79
2.18 0.38 0.79
2.19 0.39 0.8
2.18 0.39 0.8
2.17 0.4 0.8
2.17 0.38 0.79
2.17 0.38 0.79
2.17 0.38 0.79
2.17 0.38 0.79
2.18 0.39 0.78
2.17 0.39 0.78
2.17 0.38 0.78
2.17 0.38 0.78
2.17 0.38 0.79
2.16 0.38 0.78
2.16 0.38 0.78
2.16 0.39 0.78
2.16 0.38 0.79
2.16 0.39 0.79
2.17 0.4 0.79
2.17 0.39 0.79
2.16 0.39 0.79
2.18 0.4 0.79
2.19 0.41 0.79
2.18 0.41 0.79
2.18 0.39 0.79
2.16 0.39 0.79
2.16 0.4 0.78
2.17 0.42 0.78
2.17 0.41 0.79
2.18 0.42 0.79
2.18 0.41 0.8
2.2 0.4 0.79
2.2 0.39 0.79
2.2 0.39 0.79
2.2 0.39 0.79
2.19 0.39 0.8
2.19 0.38 0.8
2.19 0.37 0.8
2.18 0.36 0.79
2.17 0.37 0.79
2.17 0.37 0.79
2.17 0.38 0.79
2.18 0.39 0.79
2.17 0.38 0.79
2.16 0.38 0.79
2.16 0.39 0.79
2.17 0.38 0.78
2.18 0.38 0.78
2.17 0.39 0.78
2.15 0.38 0.79
2.15 0.36 0.79
2.17 0.36 0.79
2.17 0.38 0.79
2.16 0.4 0.78
2.15 0.38 0.79
2.16 0.38 0.79
2.16 0.38 0.79
2.18 0.4 0.79
2.19 0.4 0.79
2.19 0.39 0.79
2.18 0.38 0.79
2.17 0.37 0.79
2.17 0.37 0.8
2.17 0.37 0.79
2.17 0.37 0.79
2.16 0.37 0.8
2.19 0.44 0.44
2.19 0.43 0.52
2.18 0.42 0.59
2.19 0.41 0.64
2.22 0.41 0.67
2.2 0.41 0.7
2.2 0.4 0.73
2.19 0.39 0.74
2.19 0.39 0.75
2.19 0.41 0.75
2.2 0.4 0.76
2.2 0.41 0.77
2.19 0.41 0.77
2.19 0.42 0.77
2.18 0.4 0.78
2.18 0.38 0.78
2.19 0.39 0.78
2.18 0.38 0.79
2.17 0.38 0.8
2.18 0.38 0.8
2.19 0.4 0.79
2.19 0.4 0.78
2.2 0.39 0.78
2.22 0.38 0.8
2.23 0.37 0.81
2.21 0.36 0.81
2.2 0.37 0.81
2.21 0.39 0.8
2.2 0.37 0.8
2.2 0.39 0.79
2.18 0.38 0.79
2.18 0.38 0.8
2.18 0.37 0.8
2.16 0.37 0.8
2.16 0.37 0.8
2.16 0.37 0.8
2.17 0.37 0.8
2.17 0.36 0.79
2.18 0.38 0.79
2.18 0.38 0.8
2.17 0.38 0.8
2.19 0.38 0.79
2.19 0.38 0.8
2.18 0.37 0.8
2.18 0.37 0.79
2.19 0.38 0.8
2.21 0.38 0.79
2.19 0.38 0.8
2.18 0.38 0.8
2.18 0.38 0.8
2.18 0.39 0.8
2.18 0.38 0.8
2.2 0.39 0.81
2.19 0.38 0.8
2.21 0.36 0.8
2.2 0.36 0.8
2.21 0.35 0.81
2.19 0.36 0.8
2.18 0.37 0.8
2.2 0.37 0.8
2.2 0.38 0.79
2.19 0.38 0.79
2.17 0.39 0.79
2.19 0.39 0.79
2.2 0.38 0.79
2.19 0.38 0.79
2.21 0.37 0.79
2.19 0.37 0.79
2.18 0.35 0.79
2.2 0.35 0.79
2.21 0.36 0.79
2.2 0.36 0.79
2.19 0.35 0.8
2.18 0.35 0.8
2.19 0.35 0.8
2.2 0.34 0.81
2.18 0.37 0.8
2.19 0.37 0.8
2.18 0.37 0.79
2.18 0.39 0.79
2.17 0.38 0.79
2.18 0.39 0.79
2.17 0.39 0.8
2.2 0.39 0.79
2.18 0.39 0.79
2.19 0.39 0.78
2.19 0.39 0.79
2.2 0.39 0.78
2.19 0.37 0.79
2.17 0.37 0.78
2.17 0.38 0.77
2.18 0.37 0.78
2.19 0.37 0.79
2.19 0.37 0.78
2.18 0.37 0.79
2.18 0.37 0.8
2.17 0.37 0.8
2.17 0.36 0.8
2.17 0.36 0.79
2.17 0.36 0.8
2.17 0.35 0.79
2.17 0.37 0.8
2.17 0.37 0.8
2.18 0.39 0.79
2.2 0.38 0.8
2.2 0.38 0.8
2.19 0.38 0.8
2.2 0.39 0.8
2.19 0.38 0.81
2.19 0.37 0.8
2.2 0.38 0.8
2.2 0.37 0.8
2.21 0.37 0.81
2.21 0.38 0.8
2.2 0.38 0.79
2.22 0.38 0.79
2.2 0.39 0.78
2.21 0.4 0.78
2.21 0.41 0.79
2.19 0.41 0.79
2.18 0.4 0.78
2.18 0.39 0.79
2.18 0.39 0.79
2.2 0.38 0.79
2.18 0.37 0.8
2.19 0.37 0.79
2.17 0.38 0.79
2.17 0.39 0.79
2.19 0.39 0.78
2.2 0.4 0.78
2.19 0.39 0.78
2.19 0.39 0.78
2.18 0.39 0.79
2.18 0.38 0.8
2.18 0.39 0.8
2.18 0.39 0.8
2.18 0.38 0.8
2.17 0.38 0.79
2.18 0.37 0.8
2.17 0.37 0.79
2.17 0.37 0.79
2.19 0.37 0.79
2.19 0.37 0.79
2.2 0.38 0.79
2.18 0.37 0.78
2.18 0.38 0.78
2.17 0.38 0.78
2.17 0.38 0.79
2.16 0.39 0.79
2.17 0.39 0.79
2.18 0.38 0.79
2.17 0.39 0.8
2.18 0.39 0.79
2.18 0.39 0.78
2.2 0.39 0.79
2.2 0.39 0.78
2.2 0.39 0.77
2.19 0.41 0.77
2.19 0.41 0.76
2.2 0.41 0.76
2.19 0.41 0.76
2.19 0.42 0.76
2.18 0.43 0.77
2.19 0.42 0.77
2.18 0.43 0.78
2.17 0.42 0.79
2.17 0.4 0.78
2.16 0.4 0.79
2.16 0.38 0.79
2.17 0.39 0.78
2.17 0.39 0.79
2.17 0.38 0.79
2.19 0.38 0.8
2.19 0.38 0.8
2.2 0.37 0.79
2.19 0.38 0.79
2.19 0.39 0.79
2.17 0.38 0.79
2.18 0.4 0.79
2.15 0.39 0.78
2.15 0.4 0.78
2.16 0.39 0.78
2.15 0.39 0.78
2.15 0.39 0.79
2.16 0.39 0.8
2.16 0.39 0.79
2.16 0.4 0.79
2.18 0.39 0.8
2.19 0.39 0.79
2.18 0.37 0.79
2.18 0.39 0.78
2.18 0.39 0.79
2.17 0.39 0.79
2.17 0.39 0.79
2.17 0.41 0.78
2.18 0.41 0.78
2.19 0.4 0.79
2.18 0.4 0.79
2.18 0.39 0.79
2.18 0.4 0.78
2.18 0.4 0.78
2.19 0.39 0.78
2.19 0.4 0.79
2.21 0.4 0.78
2.21 0.4 0.78
2.2 0.39 0.78
2.19 0.39 0.79
2.18 0.38 0.78
2.19 0.39 0.79
2.18 0.38 0.8
2.21 0.39 0.79
2.19 0.4 0.79
2.19 0.4 0.78
2.19 0.41 0.79
2.18 0.41 0.79
2.16 0.4 0.78
2.16 0.38 0.78
2.15 0.38 0.79
2.16 0.39 0.79
2.15 0.4 0.79
2.18 0.4 0.79
2.17 0.41 0.79
2.19 0.4 0.79
2.18 0.42 0.78
2.17 0.42 0.78
2.16 0.4 0.79
2.16 0.4 0.78
2.16 0.41 0.78
2.16 0.41 0.78
2.16 0.42 0.77
2.17 0.41 0.77
2.16 0.42 0.77
2.18 0.41 0.78
2.18 0.4 0.79
2.18 0.4 0.79
2.18 0.4 0.79
2.16 0.39 0.79
2.17 0.4 0.79
2.19 0.39 0.79
2.18 0.4 0.79
2.17 0.42 0.78
2.18 0.42 0.78
2.17 0.42 0.78
2.18 0.42 0.78
2.18 0.42 0.78
2.17 0.43 0.78
2.17 0.42 0.77
2.17 0.41 0.78
2.18 0.43 0.78
2.2 0.42 0.77
2.19 0.41 0.78
2.19 0.41 0.78
2.19 0.4 0.79
2.18 0.4 0.78
2.18 0.39 0.78
2.18 0.39 0.78
2.18 0.4 0.78
2.17 0.4 0.79
2.16 0.37 0.79
2.17 0.38 0.8
2.17 0.38 0.8
2.17 0.38 0.8
2.19 0.39 0.79
2.18 0.39 0.8
2.18 0.38 0.81
2.18 0.39 0.8
2.17 0.39 0.8
2.17 0.4 0.79
2.17 0.39 0.8
2.17 0.39 0.79
2.17 0.4 0.8
2.18 0.39 0.79
2.17 0.38 0.79
2.16 0.37 0.8
2.18 0.39 0.79
2.17 0.4 0.8
2.17 0.39 0.8
2.17 0.38 0.81
2.18 0.38 0.8
2.18 0.38 0.8
2.18 0.38 0.81
2.18 0.38 0.81
2.17 0.4 0.8
2.18 0.39 0.8
2.18 0.39 0.8
2.19 0.39 0.8
2.18 0.39 0.79
2.19 0.39 0.78
2.2 0.39 0.78
2.2 0.4 0.79
2.22 0.4 0.79
2.19 0.39 0.79
2.18 0.39 0.79
2.18 0.4 0.78
2.17 0.39 0.78
2.17 0.38 0.79
2.17 0.39 0.78
2.17 0.4 0.79
2.17 0.41 0.78
2.17 0.42 0.78
2.16 0.42 0.78
2.17 0.41 0.79
2.17 0.4 0.79
2.16 0.38 0.8
2.15 0.39 0.79
2.16 0.4 0.78
2.16 0.39 0.79
2.16 0.41 0.79
2.16 0.4 0.79
2.18 0.39 0.79
2.17 0.39 0.79
2.16 0.41 0.78
2.16 0.42 0.78
2.16 0.42 0.77
2.17 0.42 0.76
2.16 0.41 0.77
2.17 0.41 0.78
2.17 0.4 0.78
2.18 0.4 0.78
2.18 0.4 0.77
2.17 0.39 0.78
2.17 0.38 0.79
2.18 0.38 0.79
2.19 0.39 0.79
2.18 0.39 0.79
2.18 0.38 0.79
2.17 0.37 0.79
2.15 0.38 0.79
2.17 0.38 0.79
2.17 0.39 0.79
2.16 0.38 0.79
2.16 0.39 0.79
2.16 0.37 0.78
2.15 0.37 0.78
2.16 0.39 0.79
2.15 0.35 0.8
2.16 0.36 0.79
2.16 0.36 0.79
2.15 0.36 0.79
2.15 0.38 0.79
2.15 0.38 0.79
2.16 0.38 0.79
2.16 0.37 0.8
2.15 0.38 0.79
2.15 0.4 0.79
2.17 0.38 0.79
2.17 0.39 0.79
2.17 0.39 0.8
2.17 0.39 0.79
2.16 0.39 0.79
2.16 0.39 0.8
2.17 0.38 0.79
2.18 0.37 0.79
2.18 0.37 0.79
2.17 0.38 0.79
2.16 0.39 0.79
2.16 0.38 0.79
2.2 0.36 0.79
2.21 0.37 0.79
2.21 0.38 0.79
2.21 0.37 0.79
2.19 0.38 0.79
2.2 0.38 0.79
2.21 0.39 0.8
2.21 0.39 0.79
2.2 0.39 0.8
2.22 0.39 0.8
2.21 0.39 0.8
2.2 0.39 0.79
2.18 0.4 0.79
2.18 0.39 0.79
2.17 0.38 0.79
2.17 0.39 0.78
2.16 0.39 0.79
2.16 0.41 0.78
2.14 0.39 0.78
2.15 0.39 0.78
2.16 0.38 0.78
2.16 0.39 0.78
2.17 0.39 0.79
2.17 0.39 0.8
2.16 0.4 0.79
2.17 0.41 0.79
2.2 0.4 0.79
2.2 0.39 0.79
2.2 0.39 0.79
2.21 0.41 0.79
2.21 0.41 0.78
2.19 0.4 0.78
2.2 0.4 0.78
2.19 0.4 0.78
2.18 0.39 0.79
2.18 0.4 0.79
2.18 0.4 0.79
2.17 0.39 0.8
2.15 0.39 0.8
2.17 0.39 0.81
2.2 0.4 0.81
2.18 0.4 0.8
2.18 0.4 0.79
2.17 0.39 0.78
2.17 0.41 0.77
2.15 0.41 0.77
2.16 0.4 0.78
2.17 0.39 0.79
2.17 0.39 0.78
2.18 0.38 0.79
2.17 0.38 0.8
2.16 0.36 0.8
2.15 0.37 0.8
2.15 0.39 0.8
2.16 0.37 0.8
2.17 0.37 0.8
2.17 0.38 0.8
2.17 0.38 0.8
2.17 0.38 0.8
2.17 0.37 0.8
2.16 0.38 0.8
2.17 0.4 0.8
2.17 0.41 0.79
2.17 0.41 0.79
2.17 0.4 0.79
2.19 0.39 0.8
2.18 0.39 0.79
2.17 0.38 0.8
2.17 0.38 0.8
2.18 0.38 0.81
2.18 0.38 0.8
2.2 0.39 0.8
2.19 0.39 0.8
2.19 0.4 0.79
2.21 0.39 0.8
2.2 0.41 0.79
2.22 0.4 0.79
2.22 0.4 0.78
2.2 0.4 0.78
2.2 0.38 0.79
2.22 0.39 0.79
2.21 0.39 0.79
2.22 0.36 0.79
2.21 0.37 0.79
2.21 0.39 0.79
2.21 0.39 0.79
2.2 0.39 0.8
2.2 0.38 0.8
2.19 0.4 0.8
2.18 0.4 0.8
2.18 0.39 0.79
2.17 0.39 0.8
2.17 0.4 0.8
2.18 0.39 0.79
2.19 0.39 0.79
2.19 0.4 0.79
2.19 0.39 0.79
2.19 0.38 0.8
2.21 0.39 0.79
2.2 0.39 0.79
2.2 0.39 0.79
2.2 0.38 0.79
2.21 0.37 0.8
2.2 0.36 0.79
2.2 0.37 0.8
2.22 0.38 0.8
2.2 0.38 0.79
2.21 0.39 0.8
2.22 0.37 0.8
2.21 0.38 0.79
2.21 0.38 0.79
2.2 0.39 0.79
2.2 0.38 0.79
2.2 0.38 0.8
2.2 0.37 0.79
2.2 0.38 0.79
2.19 0.39 0.77
2.18 0.38 0.77
2.18 0.38 0.78
2.21 0.38 0.78
2.21 0.39 0.78
2.21 0.39 0.78
2.18 0.4 0.78
2.17 0.4 0.77
2.16 0.39 0.78
2.17 0.37 0.79
2.17 0.4 0.77
2.17 0.41 0.77
2.18 0.43 0.77
2.18 0.43 0.76
2.18 0.42 0.77
2.2 0.41 0.78
2.21 0.39 0.79
2.2 0.38 0.8
2.19 0.37 0.8
2.19 0.39 0.79
2.19 0.38 0.8
2.18 0.38 0.8
2.18 0.39 0.81
2.19 0.4 0.81
2.19 0.39 0.8
2.18 0.4 0.8
2.18 0.41 0.8
2.17 0.42 0.79
2.18 0.43 0.79
2.19 0.44 0.79
2.2 0.42 0.8
2.19 0.4 0.8
2.19 0.4 0.79
2.18 0.39 0.79
2.17 0.4 0.79
2.17 0.41 0.78
2.18 0.4 0.79
2.18 0.44 0.41
2.18 0.43 0.51
2.18 0.42 0.57
2.17 0.42 0.63
2.17 0.44 0.25
2.17 0.43 0.38
2.17 0.41 0.49
2.18 0.41 0.56
2.19 0.4 0.63
2.18 0.41 0.66
2.18 0.41 0.69
2.2 0.41 0.72
2.19 0.4 0.74
2.17 0.39 0.75
2.17 0.37 0.76
2.18 0.38 0.78
2.17 0.37 0.78
2.19 0.38 0.78
2.19 0.39 0.78
2.18 0.39 0.77
2.17 0.37 0.78
2.16 0.39 0.78
2.16 0.38 0.79
2.18 0.38 0.79
2.17 0.39 0.78
2.18 0.39 0.79
2.2 0.39 0.79
2.2 0.38 0.8
2.18 0.37 0.8
2.18 0.36 0.8
2.17 0.36 0.8
2.16 0.37 0.8
2.15 0.37 0.79
2.16 0.37 0.79
2.17 0.37 0.79
2.17 0.37 0.79
2.16 0.38 0.79
2.16 0.37 0.79
2.17 0.37 0.79
2.16 0.37 0.8
2.19 0.38 0.8
2.2 0.37 0.8
2.22 0.39 0.8
2.22 0.4 0.8
2.21 0.39 0.79
2.2 0.39 0.78
2.19 0.39 0.8
2.18 0.39 0.79
2.18 0.39 0.79
2.19 0.38 0.79
2.19 0.38 0.79
2.2 0.38 0.79
2.18 0.38 0.79
2.17 0.38 0.79
2.17 0.38 0.79
2.17 0.4 0.79
2.19 0.39 0.79
2.19 0.39 0.79
2.2 0.39 0.79
2.2 0.38 0.79
2.2 0.38 0.78
2.21 0.4 0.78
2.19 0.38 0.78
2.2 0.38 0.78
2.21 0.38 0.79
2.19 0.37 0.8
2.19 0.37 0.79
2.18 0.37 0.79
2.17 0.38 0.79
2.21 0.38 0.79
2.21 0.37 0.79
2.22 0.37 0.79
2.22 0.38 0.8
2.21 0.38 0.8
2.21 0.38 0.8
2.21 0.37 0.79
2.22 0.37 0.8
2.2 0.37 0.8
2.21 0.37 0.8
2.2 0.37 0.8
2.18 0.37 0.8
2.18 0.38 0.81
2.18 0.38 0.81
2.21 0.38 0.81
2.21 0.37 0.81
2.2 0.39 0.8
2.21 0.37 0.81
2.2 0.37 0.8
2.19 0.37 0.81
2.19 0.39 0.8
2.21 0.39 0.8
2.2 0.4 0.8
2.2 0.41 0.8
2.19 0.41 0.8
2.19 0.4 0.8
2.21 0.39 0.8
2.21 0.39 0.8
2.21 0.39 0.8
2.22 0.4 0.79
2.23 0.38 0.8
2.23 0.35 0.8
2.22 0.35 0.79
2.22 0.36 0.8
2.23 0.37 0.8
2.23 0.37 0.81
2.21 0.37 0.81
2.21 0.38 0.8
2.21 0.39 0.8
2.2 0.38 0.8
2.19 0.38 0.8
2.18 0.38 0.8
2.18 0.39 0.79
2.18 0.39 0.79
2.17 0.38 0.79
2.17 0.37 0.78
2.16 0.38 0.77
2.18 0.38 0.79
2.21 0.37 0.79
2.2 0.36 0.79
2.19 0.38 0.79
2.19 0.39 0.78
2.18 0.38 0.79
2.19 0.38 0.8
2.21 0.39 0.79
2.19 0.39 0.79
2.2 0.4 0.79
2.2 0.38 0.79
2.19 0.36 0.8
2.2 0.37 0.8
2.22 0.37 0.8
2.21 0.38 0.8
2.23 0.35 0.8
2.21 0.36 0.8
2.19 0.37 0.8
2.19 0.38 0.8
2.18 0.36 0.8
2.18 0.38 0.8
2.18 0.38 0.8
2.18 0.37 0.81
2.16 0.37 0.8
2.19 0.36 0.8
2.18 0.36 0.79
2.19 0.38 0.78
2.2 0.37 0.78
2.21 0.37 0.78
2.21 0.37 0.78
2.19 0.38 0.78
2.19 0.39 0.79
2.18 0.38 0.79
2.17 0.36 0.8
2.17 0.37 0.79
2.18 0.37 0.8
2.18 0.38 0.79
2.17 0.37 0.8
2.18 0.38 0.79
2.19 0.39 0.79
2.19 0.38 0.79
2.18 0.38 0.8
2.19 0.37 0.8
2.2 0.37 0.8
2.21 0.37 0.79
2.19 0.38 0.79
2.2 0.37 0.79
2.19 0.37 0.79
2.2 0.38 0.78
2.2 0.37 0.78
2.22 0.38 0.79
2.22 0.38 0.8
2.22 0.36 0.8
2.21 0.36 0.8
2.2 0.37 0.8
2.2 0.36 0.8
2.19 0.38 0.8
2.19 0.39 0.8
2.21 0.38 0.79
2.2 0.41 0.79
2.19 0.4 0.79
2.19 0.4 0.78
2.19 0.4 0.79
2.2 0.41 0.79
2.2 0.39 0.79
2.2 0.39 0.79
2.21 0.41 0.79
2.23 0.4 0.79
2.21 0.38 0.8
2.2 0.4 0.79
2.21 0.4 0.79
2.22 0.39 0.8
2.2 0.38 0.8
2.18 0.37 0.8
2.18 0.37 0.79
2.21 0.36 0.79
2.22 0.37 0.79
2.23 0.38 0.8
2.23 0.38 0.8
2.22 0.38 0.8
2.22 0.39 0.8
2.22 0.39 0.79
2.21 0.4 0.79
2.21 0.4 0.8
2.2 0.38 0.8
2.19 0.38 0.79
2.18 0.39 0.79
2.17 0.41 0.78
2.18 0.41 0.78
2.18 0.41 0.79
2.17 0.4 0.79
2.17 0.39 0.8
2.19 0.4 0.79
2.2 0.41 0.79
2.2 0.4 0.79
2.21 0.38 0.8
2.22 0.38 0.8
2.21 0.38 0.8
2.19 0.39 0.8
2.19 0.39 0.8
2.19 0.39 0.79
2.18 0.4 0.79
2.17 0.39 0.79
2.17 0.4 0.8
2.17 0.39 0.79
2.17 0.39 0.79
2.17 0.39 0.79
2.17 0.38 0.8
2.16 0.39 0.79
2.16 0.39 0.79
2.16 0.39 0.79
2.16 0.39 0.79
2.16 0.39 0.79
2.16 0.39 0.79
2.16 0.4 0.8
2.16 0.39 0.8
2.16 0.36 0.8
2.16 0.37 0.8
2.16 0.37 0.8
2.16 0.35 0.8
2.15 0.35 0.79
2.15 0.35 0.8
2.14 0.37 0.79
2.14 0.38 0.79
2.15 0.37 0.79
2.15 0.37 0.8
2.15 0.37 0.8
2.18 0.37 0.81
2.17 0.38 0.81
2.17 0.36 0.8
2.16 0.37 0.8
2.16 0.37 0.8
2.16 0.37 0.8
2.16 0.38 0.8
2.16 0.38 0.8
2.15 0.37 0.8
2.15 0.37 0.8
2.15 0.36 0.81
2.17 0.36 0.81
2.16 0.35 0.81
2.17 0.36 0.8
2.17 0.38 0.79
2.18 0.39 0.78
2.18 0.39 0.79
2.18 0.38 0.79
2.18 0.39 0.79
2.18 0.39 0.79
2.18 0.4 0.79
2.17 0.38 0.79
2.17 0.4 0.79
2.16 0.4 0.78
2.16 0.39 0.78
2.17 0.39 0.79
2.17 0.38 0.78
2.16 0.39 0.79
2.15 0.39 0.78
2.15 0.41 0.78
2.17 0.42 0.77
2.15 0.41 0.78
2.15 0.4 0.78
2.14 0.4 0.79
2.15 0.39 0.8
2.14 0.38 0.79
2.14 0.38 0.79
2.15 0.39 0.78
2.16 0.38 0.77
2.16 0.38 0.78
2.15 0.39 0.78
2.14 0.39 0.78
2.15 0.39 0.78
2.14 0.4 0.78
2.13 0.39 0.78
2.14 0.39 0.78
2.14 0.37 0.79
2.14 0.38 0.79
2.15 0.39 0.78
2.16 0.39 0.77
2.17 0.38 0.78
2.17 0.38 0.77
2.17 0.41 0.77
2.17 0.4 0.78
2.17 0.39 0.78
2.17 0.39 0.79
2.18 0.39 0.78
2.19 0.39 0.78
2.18 0.4 0.77
2.17 0.39 0.78
2.18 0.39 0.79
2.17 0.38 0.78
2.16 0.39 0.77
2.16 0.39 0.77
2.17 0.39 0.77
2.17 0.4 0.78
2.16 0.42 0.77
2.16 0.41 0.77
2.16 0.4 0.77
2.16 0.39 0.78
2.15 0.38 0.79
2.15 0.38 0.79
2.16 0.38 0.79
2.17 0.38 0.79
2.16 0.38 0.79
2.15 0.39 0.79
2.15 0.38 0.79
2.15 0.38 0.79
2.15 0.39 0.79
2.17 0.4 0.79
2.16 0.39 0.79
2.17 0.42 0.77
2.17 0.42 0.78
2.17 0.41 0.78
2.16 0.4 0.78
2.15 0.4 0.79
2.15 0.39 0.79
2.15 0.4 0.78
2.16 0.39 0.78
2.16 0.39 0.78
2.17 0.37 0.79
2.16 0.37 0.79
2.18 0.37 0.8
2.17 0.38 0.79
2.18 0.38 0.78
2.17 0.38 0.78
2.17 0.37 0.79
2.17 0.39 0.79
2.18 0.38 0.8
2.17 0.39 0.8
2.17 0.38 0.8
2.15 0.36 0.8
2.17 0.37 0.79
2.17 0.36 0.79
2.16 0.37 0.79
2.15 0.39 0.79
2.15 0.39 0.79
2.13 0.39 0.78
2.13 0.39 0.78
2.13 0.4 0.78
2.13 0.4 0.77
2.13 0.39 0.78
2.13 0.37 0.78
2.14 0.36 0.79
2.14 0.37 0.79
2.17 0.39 0.79
2.17 0.4 0.78
2.18 0.41 0.78
2.18 0.4 0.79
2.19 0.37 0.8
2.16 0.37 0.79
2.16 0.37 0.79
2.16 0.36 0.8
2.16 0.37 0.79
2.15 0.37 0.79
2.16 0.35 0.8
2.17 0.37 0.79
2.16 0.38 0.79
2.16 0.37 0.79
2.16 0.39 0.79
2.16 0.39 0.79
2.15 0.4 0.79
2.14 0.39 0.79
2.15 0.38 0.8
2.15 0.37 0.8
2.15 0.36 0.8
2.15 0.34 0.8
2.15 0.36 0.79
2.15 0.37 0.8
2.15 0.37 0.8
2.16 0.37 0.8
2.15 0.37 0.79
2.14 0.38 0.79
2.15 0.38 0.79
2.16 0.39 0.79
2.16 0.39 0.79
2.15 0.39 0.79
2.16 0.39 0.79
2.17 0.41 0.79
2.17 0.41 0.79
2.17 0.39 0.79
2.17 0.4 0.79
2.17 0.38 0.8
2.17 0.37 0.8
2.16 0.36 0.8
2.15 0.38 0.8
2.16 0.38 0.8
2.16 0.38 0.8
2.17 0.37 0.81
2.15 0.36 0.81
2.15 0.36 0.81
2.15 0.36 0.8
2.16 0.37 0.8
2.16 0.38 0.81
2.17 0.38 0.8
2.18 0.38 0.8
2.18 0.38 0.8
2.17 0.38 0.8
2.17 0.37 0.8
2.16 0.38 0.79
2.16 0.37 0.79
2.12 0.37 0.78
2.15 0.36 0.78
2.14 0.38 0.78
2.15 0.38 0.78
2.17 0.36 0.79
2.16 0.37 0.78
2.18 0.37 0.78
2.17 0.37 0.78
2.15 0.38 0.79
2.16 0.4 0.79
2.15 0.39 0.79
2.15 0.38 0.79
2.15 0.39 0.78
2.14 0.37 0.79
2.15 0.37 0.79
2.14 0.36 0.79
2.15 0.36 0.8
2.15 0.37 0.8
2.16 0.38 0.8
2.16 0.38 0.8
2.16 0.39 0.79
2.18 0.4 0.78
2.17 0.39 0.78
2.18 0.39 0.79
2.2 0.38 0.79
2.19 0.38 0.79
2.19 0.37 0.79
2.17 0.38 0.79
2.17 0.36 0.8
2.16 0.37 0.79
2.16 0.38 0.79
2.17 0.37 0.79
2.17 0.36 0.79
2.16 0.35 0.8
2.16 0.36 0.8
2.16 0.37 0.8
2.16 0.37 0.79
2.15 0.36 0.79
2.15 0.36 0.79
2.15 0.34 0.79
2.17 0.35 0.79
2.17 0.35 0.79
2.16 0.37 0.78
2.16 0.36 0.79
2.16 0.37 0.8
2.16 0.38 0.8
2.15 0.38 0.79
2.14 0.37 0.8
2.14 0.38 0.8
2.15 0.39 0.8
2.16 0.38 0.8
2.16 0.37 0.8
2.16 0.38 0.79
2.17 0.36 0.8
2.17 0.38 0.79
2.16 0.39 0.79
2.17 0.39 0.78
2.16 0.38 0.79
2.16 0.37 0.79
2.17 0.41 0.42
2.16 0.41 0.5
2.18 0.41 0.57
2.18 0.4 0.63
2.17 0.39 0.67
2.17 0.38 0.7
2.19 0.38 0.73
2.18 0.38 0.75
2.19 0.38 0.75
2.18 0.37 0.76
2.17 0.36 0.77
2.17 0.37 0.76
2.16 0.38 0.76
2.16 0.38 0.77
2.17 0.38 0.78
2.17 0.39 0.77
2.18 0.39 0.78
2.19 0.4 0.78
2.18 0.39 0.79
2.19 0.4 0.79
2.18 0.39 0.79
2.19 0.39 0.79
2.18 0.39 0.79
2.19 0.37 0.8
2.18 0.39 0.79
2.18 0.41 0.78
2.18 0.41 0.78
2.18 0.43 0.39
2.17 0.39 0.5
2.16 0.39 0.58
2.18 0.43 0.26
2.18 0.41 0.4
2.17 0.38 0.5
2.19 0.41 0.18
2.19 0.42 0.33
2.18 0.42 0.44
2.18 0.45 0.16
2.18 0.45 0.3
2.18 0.45 0.41
2.18 0.46 0.11
2.19 0.46 0.27
2.2 0.42 0.4
2.19 0.4 0.1
2.19 0.4 0.27
2.19 0.4 0.39
2.21 0.45 0.14
2.21 0.43 0.3
2.21 0.41 0.42
2.22 0.47 0.17
2.21 0.46 0.32
2.2 0.45 0.43
2.2 0.47 0.16
2.2 0.47 0.31
2.2 0.46 0.43
2.2 0.48 0.14
2.19 0.47 0.29
2.19 0.46 0.42
2.19 0.51 0.16
2.2 0.45 -0.04
2.18 0.44 0.17
2.2 0.52 0
2.19 0.49 0.21
2.19 0.47 0.35
2.18 0.45 0.06
2.17 0.43 0.24
2.17 0.43 0.38
2.17 0.47 0.12
2.18 0.46 0.28
2.17 0.45 0.41
2.18 0.5 0.15
2.18 0.46 0.31
2.17 0.43 0.43
2.18 0.45 0.14
2.18 0.43 0.3
2.18 0.4 0.43
2.17 0.41 0.14
2.17 0.4 0.3
2.19 0.39 0.41
2.19 0.45 0.15
2.19 0.44 0.31
2.19 0.43 0.43
2.19 0.47 0.16
2.19 0.46 0.31
2.19 0.44 0.43
2.2 0.5 0.18
2.2 0.47 0.33
2.21 0.47 0.43
2.22 0.54 0.19
2.21 0.51 0.33
2.19 0.49 0.44
2.21 0.51 0.15
2.2 0.48 0.3
2.19 0.48 0.42
2.21 0.51 0.16
2.19 0.48 0.32
2.2 0.46 0.44
2.2 0.54 0.21
2.21 0.51 0.35
2.21 0.49 0.45
2.21 0.54 0.2
2.21 0.51 0.34
2.2 0.48 0.45
2.2 0.52 0.2
2.19 0.49 0.35
2.19 0.43 0.47
2.2 0.36 0.57
2.21 0.33 0.63
2.19 0.31 0.68
2.19 0.33 0.31
2.19 0.33 0.44
2.21 0.34 0.53
2.21 0.39 0.21
2.21 0.39 0.35
2.2 0.39 0.46
2.2 0.44 0.18
2.2 0.43 0.33
2.19 0.42 0.45
2.2 0.46 0.17
2.21 0.43 0.34
2.21 0.41 0.46
2.21 0.4 0.15
2.22 0.36 0.33
2.21 0.37 0.45
2.22 0.43 0.18
2.2 0.43 0.34
2.2 0.43 0.45
2.2 0.5 0.2
2.18 0.46 0.34
2.17 0.45 0.46
2.19 0.48 0.18
2.18 0.46 0.34
2.17 0.44 0.45
2.18 0.49 0.19
2.18 0.46 0.34
2.18 0.44 0.45
2.18 0.48 0.18
2.2 0.45 0.33
2.2 0.44 0.44
2.22 0.48 0.17
2.22 0.48 0.31
2.2 0.46 0.43
2.21 0.53 0.22
2.2 0.5 0.36
2.18 0.48 0.47
2.19 0.52 0.21
2.17 0.5 0.35
2.17 0.47 0.45
2.19 0.52 0.19
2.18 0.49 0.34
2.21 0.47 0.46
2.21 0.51 0.2
2.19 0.47 0.35
2.21 0.46 0.46
2.21 0.45 0.16
2.2 0.43 0.32
2.19 0.43 0.43
2.2 0.42 0.52
2.2 0.41 0.59
2.2 0.4 0.64
2.19 0.4 0.67
2.18 0.41 0.7
2.19 0.39 0.73
2.2 0.4 0.74
2.19 0.4 0.75
2.18 0.39 0.76
2.17 0.38 0.78
2.17 0.39 0.78
2.19 0.38 0.78
2.18 0.37 0.79
