1.05	-0.01	0.63		0.98944	-0.02604
1.06	-0.01	0.31			
1.01	0	0.45		0.035356561	0.025692769
0.97	0.01	0.55			
0.94	0	0.63			
0.97	0	0.61			
0.98	0	0.62			
0.98	-0.02	0.63			
1	-0.03	0.62			
1.02	-0.03	0.61			
0.98	-0.02	0.69			
1	-0.03	0.67			
1.01	-0.01	0.68			
1	-0.03	0.68			
1.01	-0.03	0.66			
0.97	-0.04	0.7			
0.94	-0.03	0.75			
0.96	-0.03	0.73			
0.93	-0.03	0.77			
0.95	-0.03	0.75			
0.98	-0.02	0.7			
1	-0.03	0.69			
1.01	-0.04	0.67			
1.01	-0.03	0.67			
1.02	-0.02	0.65			
1.02	-0.03	0.64			
1.03	-0.06	0.62			
0.99	-0.02	0.69			
1	-0.03	0.67			
1.02	-0.01	0.65			
1.01	-0.03	0.67			
1.02	-0.05	0.66			
1.02	-0.06	0.66			
0.98	-0.06	0.71			
1	-0.06	0.68			
1.01	-0.05	0.68			
0.98	-0.02	0.73			
0.98	0.01	0.71			
0.95	-0.01	0.74			
0.94	-0.01	0.76			
0.92	-0.02	0.79			
0.94	-0.03	0.77			
0.91	-0.03	0.81			
0.94	-0.01	0.78			
0.97	-0.01	0.71			
0.94	0	0.76			
0.96	-0.01	0.73			
0.98	-0.07	0.69			
1	-0.03	0.68			
1.01	-0.03	0.68			
1.01	0	0.68			
0.98	-0.01	0.72			
0.95	0	0.76			
0.97	0.02	0.75			
0.99	0.03	0.72			
0.96	-0.01	0.75			
0.98	0.01	0.72			
0.96	0.02	0.76			
0.94	0.02	0.78			
0.97	0.03	0.72			
1	0.02	0.69			
1	0.02	0.69			
1.01	0.01	0.69			
0.97	-0.02	0.73			
0.98	-0.06	0.7			
1.01	-0.03	0.67			
1.02	-0.04	0.65			
1.03	-0.05	0.64			
1.03	-0.03	0.64			
1	-0.01	0.68			
1.01	0	0.67			
1.02	0.01	0.66			
1.02	-0.02	0.64			
0.98	-0.02	0.7			
1	-0.01	0.7			
0.96	-0.02	0.74			
0.97	-0.03	0.73			
0.94	-0.03	0.76			
0.92	-0.03	0.77			
0.94	-0.03	0.75			
0.97	-0.04	0.73			
0.99	-0.03	0.7			
0.99	-0.03	0.69			
1.01	-0.05	0.66			
0.98	-0.02	0.7			
0.97	-0.01	0.72			
0.98	-0.01	0.7			
1	-0.01	0.69			
1.01	-0.01	0.68			
0.98	-0.02	0.72			
1.01	-0.01	0.68			
0.98	-0.02	0.73			
0.99	-0.02	0.7			
0.96	-0.01	0.75			
0.94	-0.01	0.77			
0.98	0	0.72			
0.99	0.01	0.71			
0.96	-0.01	0.75			
0.98	-0.02	0.73			
1	-0.05	0.69			
0.98	-0.03	0.71			
0.99	-0.07	0.7			
0.95	-0.08	0.75			
0.97	-0.06	0.73			
0.94	-0.04	0.77			
0.98	-0.03	0.72			
0.95	-0.01	0.75			
0.97	-0.01	0.72			
0.94	-0.02	0.75			
0.98	0	0.72			
0.95	-0.01	0.76			
0.97	0	0.74			
0.95	0	0.77			
0.97	0.02	0.75			
0.99	0.02	0.72			
0.96	0.01	0.76			
0.94	-0.03	0.78			
0.93	-0.01	0.8			
0.91	0	0.83			
0.94	0.01	0.45			
0.92	-0.01	0.56			
0.95	-0.02	0.58			
0.98	0.11	0.17			
0.95	0.08	0.34			
0.96	0.05	0.44			
0.98	0.03	0.48			
1	0.03	0.52			
1	-0.01	0.56			
1	-0.03	0.58			
1.03	-0.02	0.59			
1.03	-0.04	0.59			
1.04	-0.04	0.59			
1.04	-0.03	0.59			
1.04	-0.05	0.6			
1	-0.07	0.66			
0.96	-0.06	0.71			
0.94	-0.05	0.74			
0.97	-0.02	0.72			
0.97	-0.05	0.72			
0.94	-0.06	0.75			
0.96	-0.04	0.75			
0.99	-0.04	0.72			
0.99	-0.05	0.71			
0.97	-0.04	0.75			
0.98	-0.03	0.72			
0.99	-0.04	0.72			
1	-0.07	0.69			
1.01	-0.08	0.68			
1.02	-0.06	0.66			
1.04	-0.04	0.65			
0.98	-0.06	0.7			
0.99	-0.05	0.7			
1.01	-0.03	0.67			
1.02	-0.02	0.66			
1.02	-0.03	0.65			
1.03	-0.03	0.64			
0.98	-0.01	0.7			
0.99	-0.03	0.7			
1	-0.06	0.68			
1	-0.06	0.68			
1.01	-0.04	0.67			
0.97	-0.07	0.72			
0.94	-0.04	0.75			
0.97	-0.03	0.73			
0.99	-0.04	0.7			
0.99	-0.02	0.69			
1.01	-0.04	0.68			
1.02	-0.01	0.66			
1.03	0	0.65			
1.04	-0.01	0.64			
1.04	-0.01	0.64			
1.03	-0.03	0.65			
1.04	-0.04	0.62			
1.04	-0.03	0.62			
1.05	-0.05	0.61			
1.05	-0.02	0.62			
1.04	-0.03	0.61			
1.05	-0.04	0.6			
1.05	-0.04	0.61			
1.06	-0.02	0.6			
1.06	-0.02	0.6			
1.07	-0.01	0.6			
1.06	0	0.6			
1.06	0	0.62			
1.05	0	0.62			
1.06	0.01	0.61			
1.06	-0.01	0.61			
1.06	-0.01	0.62			
1.05	0	0.63			
1.05	-0.01	0.62			
1.05	0	0.62			
1.05	-0.03	0.62			
1.04	-0.04	0.63			
1.03	-0.06	0.63			
1.03	-0.05	0.64			
1.03	-0.03	0.64			
1.08	-0.08	0.36			
1.07	-0.07	0.41			
1.06	-0.06	0.48			
1.04	-0.08	0.54			
1.05	-0.04	0.56			
1.06	-0.05	0.56			
1.06	-0.05	0.58			
1.05	-0.03	0.6			
1.01	-0.02	0.66			
1.02	0	0.68			
1.03	-0.02	0.64			
0.99	-0.01	0.7			
1	-0.01	0.7			
1.01	0.01	0.69			
0.98	0.01	0.73			
0.95	0.01	0.77			
0.93	-0.01	0.79			
0.93	-0.01	0.8			
0.96	-0.01	0.43			
0.99	0	0.47			
0.96	-0.01	0.58			
0.97	0	0.59			
0.95	0	0.65			
0.96	-0.01	0.65			
0.99	0	0.64			
0.96	0.01	0.7			
0.98	0	0.7			
1.01	-0.01	0.65			
1.03	0.1	0.22			
1.05	0.08	0.32			
1.03	0.05	0.41			
1.04	0.01	0.45			
1	0.01	0.56			
0.96	0.01	0.64			
0.97	0.03	0.66			
1	-0.01	0.64			
1.01	-0.02	0.65			
1.02	-0.02	0.65			
1.02	-0.01	0.66			
1.02	-0.03	0.66			
1.02	-0.03	0.68			
0.99	-0.05	0.71			
1.01	-0.05	0.68			
1.01	-0.03	0.68			
1.03	-0.01	0.66			
1	-0.04	0.7			
0.96	-0.01	0.75			
0.99	-0.01	0.72			
0.96	0	0.76			
0.95	0.02	0.79			
0.97	-0.02	0.74			
0.95	-0.02	0.77			
0.97	-0.03	0.75			
0.97	-0.05	0.73			
0.98	-0.1	0.43			
1	-0.09	0.47			
1	-0.07	0.53			
0.97	-0.07	0.62			
0.94	-0.04	0.68			
0.97	-0.02	0.66			
0.99	0	0.65			
0.99	0	0.66			
1	0.01	0.66			
0.96	-0.01	0.72			
0.99	0.01	0.68			
1	0	0.68			
0.97	-0.01	0.72			
0.98	-0.02	0.71			
0.99	-0.01	0.72			
1.01	0	0.69			
0.98	-0.01	0.73			
0.98	-0.05	0.73			
1	-0.04	0.72			
0.97	-0.02	0.75			
0.94	-0.03	0.78			
0.92	-0.06	0.79			
0.91	-0.05	0.82			
0.95	-0.03	0.75			
0.99	-0.03	0.71			
0.96	-0.01	0.76			
0.98	0.01	0.74			
1.01	-0.03	0.68			
1.01	-0.01	0.68			
0.98	0	0.73			
0.98	0.01	0.73			
0.95	0.02	0.75			
0.97	0.02	0.74			
0.98	0.01	0.72			
0.97	0.01	0.74			
0.97	0	0.73			
0.95	-0.01	0.77			
0.98	0	0.71			
1	-0.01	0.69			
0.97	-0.03	0.72			
1	-0.04	0.68			
1.01	-0.04	0.68			
0.97	-0.03	0.73			
1	0	0.71			
0.97	-0.01	0.75			
0.94	-0.04	0.77			
0.96	-0.03	0.75			
0.94	-0.03	0.78			
0.98	-0.05	0.74			
0.99	-0.04	0.72			
0.96	-0.01	0.76			
0.99	-0.02	0.73			
0.99	-0.04	0.71			
0.95	-0.03	0.76			
0.97	-0.01	0.75			
0.99	0	0.72			
0.95	0	0.76			
0.98	0	0.72			
0.98	-0.02	0.72			
0.98	-0.01	0.73			
0.96	-0.01	0.77			
0.98	0.01	0.75			
0.99	0.02	0.72			
0.97	0.02	0.76			
0.99	-0.01	0.72			
0.96	-0.01	0.77			
0.97	-0.01	0.75			
0.99	-0.04	0.73			
0.96	-0.06	0.75			
0.98	-0.04	0.74			
1	-0.05	0.71			
1	-0.04	0.7			
1.02	-0.02	0.68			
1.03	-0.02	0.65			
0.99	-0.01	0.7			
0.99	-0.02	0.7			
0.96	-0.04	0.74			
1	-0.02	0.7			
1	-0.04	0.68			
1.02	-0.05	0.66			
0.99	-0.04	0.71			
1	-0.05	0.69			
1	-0.04	0.69			
1	-0.02	0.7			
1	-0.02	0.69			
1.01	-0.02	0.68			
1.01	-0.02	0.67			
1.03	-0.04	0.63			
1.03	-0.03	0.64			
1.02	-0.01	0.67			
1.02	-0.02	0.65			
1.04	0	0.64			
1.04	0	0.64			
1.03	-0.03	0.65			
1.03	-0.03	0.66			
0.99	-0.02	0.71			
1	-0.01	0.69			
1.02	0	0.67			
1.04	-0.02	0.63			
1	-0.02	0.68			
1.01	-0.04	0.65			
1	-0.04	0.66			
1.02	-0.02	0.35			
1.02	0	0.43			
1.03	0.02	0.47			
1.03	-0.02	0.5			
1.04	0	0.21			
1.04	-0.01	0.3			
1.05	0.01	0.38			
1.02	0	0.51			
1.01	-0.02	0.55			
1.02	-0.02	0.59			
0.97	-0.05	0.66			
1	-0.05	0.63			
1.01	-0.07	0.63			
1.02	-0.06	0.62			
1.02	-0.03	0.63			
0.97	-0.04	0.69			
1	-0.02	0.68			
0.96	-0.04	0.72			
0.97	-0.04	0.72			
0.95	-0.04	0.76			
0.96	-0.06	0.75			
0.98	-0.06	0.72			
0.95	-0.05	0.75			
0.96	-0.05	0.72			
0.94	-0.05	0.75			
0.97	-0.04	0.72			
0.98	-0.03	0.71			
0.98	-0.06	0.71			
0.99	-0.06	0.69			
1.01	-0.07	0.67			
0.98	-0.06	0.71			
1	-0.06	0.69			
1	-0.07	0.69			
0.98	-0.06	0.72			
1	-0.06	0.7			
1	-0.05	0.69			
0.97	-0.03	0.74			
0.94	0	0.78			
0.96	-0.03	0.76			
0.99	-0.02	0.72			
1	-0.03	0.71			
0.96	-0.01	0.74			
0.94	0.01	0.79			
0.98	0.01	0.73			
0.95	0.01	0.76			
0.92	0.02	0.8			
0.96	-0.02	0.76			
0.99	-0.02	0.71			
1	-0.02	0.71			
1.02	0	0.68			
0.98	-0.02	0.72			
0.96	-0.02	0.76			
0.98	-0.03	0.72			
0.95	-0.04	0.75			
0.97	-0.03	0.72			
0.95	-0.03	0.76			
0.97	-0.03	0.73			
0.98	-0.01	0.73			
0.99	-0.01	0.72			
0.96	0	0.75			
0.94	0	0.78			
0.96	0	0.76			
0.99	0.01	0.72			
0.99	0.01	0.71			
1.01	0	0.7			
0.98	0.03	0.74			
0.96	0.02	0.77			
0.97	-0.02	0.76			
1	0	0.72			
1	-0.02	0.71			
0.97	-0.04	0.74			
0.99	-0.04	0.7			
0.95	-0.03	0.74			
0.99	-0.02	0.69			
0.96	-0.03	0.74			
0.93	-0.04	0.78			
0.91	-0.06	0.8			
0.9	-0.05	0.81			
0.89	-0.05	0.83			
0.94	-0.04	0.75			
0.97	-0.05	0.71			
0.97	-0.05	0.71			
0.99	-0.05	0.68			
0.99	-0.05	0.68			
0.96	-0.02	0.73			
0.98	0	0.7			
0.95	-0.03	0.75			
0.94	-0.04	0.78			
0.97	-0.04	0.74			
0.98	-0.04	0.74			
0.95	-0.05	0.76			
0.97	-0.03	0.74			
0.98	-0.03	0.73			
0.94	-0.03	0.77			
0.96	-0.04	0.75			
0.97	-0.04	0.72			
0.95	-0.01	0.77			
0.92	-0.02	0.8			
0.96	-0.02	0.75			
0.94	0	0.78			
0.92	-0.02	0.81			
0.92	0	0.82			
0.93	0	0.79			
0.97	-0.02	0.74			
0.94	-0.03	0.77			
0.98	-0.05	0.71			
0.99	-0.05	0.7			
1.02	-0.03	0.69			
1.01	-0.05	0.68			
0.98	-0.05	0.72			
1	-0.05	0.71			
1.01	-0.05	0.69			
1.01	-0.04	0.7			
1.01	-0.04	0.68			
1.02	-0.04	0.67			
1.02	-0.03	0.67			
1.03	-0.04	0.64			
0.99	-0.04	0.71			
1.01	-0.03	0.39			
0.97	-0.03	0.5			
0.99	-0.05	0.53			
1	-0.07	0.55			
1.02	-0.08	0.55			
1.03	-0.06	0.56			
1.05	-0.08	0.55			
1.06	-0.08	0.53			
1.07	-0.09	0.53			
1.08	-0.05	0.55			
1.03	-0.03	0.62			
1.04	-0.01	0.63			
1.03	-0.01	0.65			
1.03	-0.03	0.65			
1.03	-0.03	0.65			
0.98	-0.05	0.7			
0.98	-0.03	0.71			
0.99	-0.02	0.71			
1	-0.02	0.7			
0.97	0	0.74			
0.99	0.01	0.71			
0.95	0.02	0.76			
0.93	0.04	0.8			
0.97	0.03	0.75			
0.94	0.02	0.78			
0.97	0	0.75			
0.95	-0.01	0.77			
0.92	0.01	0.8			
0.9	0.01	0.82			
0.88	-0.01	0.39			
0.92	-0.01	0.46			
0.91	-0.03	0.56			
0.94	-0.02	0.58			
0.97	-0.02	0.6			
0.95	-0.01	0.66			
0.93	-0.04	0.71			
0.91	-0.04	0.75			
0.94	-0.05	0.72			
0.95	-0.05	0.71			
0.97	-0.07	0.7			
0.99	-0.06	0.68			
0.96	-0.06	0.72			
0.94	-0.05	0.76			
0.97	-0.02	0.73			
0.98	0	0.73			
0.95	0	0.77			
0.97	-0.02	0.74			
1	-0.04	0.69			
1.01	-0.02	0.68			
0.97	-0.01	0.73			
0.98	-0.04	0.71			
1	-0.06	0.67			
1.01	-0.05	0.66			
1.01	-0.04	0.68			
1.02	-0.06	0.67			
1.04	-0.05	0.64			
1.03	-0.06	0.63			
1.03	-0.05	0.64			
1.03	-0.05	0.65			
0.99	-0.04	0.7			
0.96	-0.05	0.74			
0.99	-0.03	0.72			
0.98	-0.03	0.71			
0.96	-0.02	0.74			
0.97	-0.02	0.72			
0.98	-0.03	0.72			
0.99	-0.03	0.7			
1	-0.03	0.69			
1.02	-0.03	0.67			
0.98	-0.01	0.73			
1	-0.01	0.71			
1.02	-0.03	0.68			
1.03	0.01	0.68			
1.03	0	0.68			
1.02	-0.02	0.67			
0.99	-0.03	0.71			
1	-0.01	0.72			
0.96	-0.02	0.75			
0.96	-0.01	0.75			
0.93	0	0.79			
0.92	0	0.82			
0.91	0.01	0.83			
0.9	-0.02	0.84			
0.93	-0.01	0.79			
0.91	-0.02	0.8			
0.94	-0.02	0.77			
0.92	-0.05	0.79			
0.91	-0.06	0.82			
0.91	-0.04	0.83			
0.93	-0.03	0.81			
0.95	-0.03	0.78			
0.99	-0.01	0.72			
0.96	-0.04	0.75			
0.94	-0.03	0.78			
0.92	-0.03	0.8			
0.95	-0.04	0.79			
0.97	-0.03	0.76			
0.95	-0.03	0.78			
0.92	-0.05	0.8			
0.94	-0.04	0.77			
0.93	-0.04	0.78			
0.94	-0.03	0.77			
0.96	-0.05	0.74			
0.92	-0.05	0.78			
0.9	-0.06	0.8			
0.89	-0.06	0.81			
0.92	-0.07	0.77			
0.91	-0.04	0.8			
0.91	-0.03	0.81			
0.9	-0.02	0.83			
0.94	-0.01	0.78			
0.95	-0.01	0.76			
0.93	-0.01	0.79			
0.95	-0.01	0.76			
0.96	-0.01	0.75			
0.98	0	0.72			
0.96	0.01	0.76			
0.99	0	0.72			
0.99	0	0.71			
0.99	-0.02	0.71			
0.98	-0.06	0.7			
0.95	-0.06	0.75			
0.92	-0.06	0.78			
0.91	-0.04	0.79			
0.9	-0.04	0.81			
0.93	-0.02	0.77			
0.95	-0.01	0.76			
0.96	-0.01	0.74			
0.97	-0.04	0.72			
0.99	-0.03	0.69			
0.98	-0.01	0.7			
1	-0.03	0.68			
1	-0.01	0.69			
0.97	-0.03	0.74			
0.98	-0.05	0.71			
0.96	-0.06	0.74			
0.93	-0.06	0.77			
0.97	-0.08	0.73			
0.99	-0.07	0.69			
1	-0.04	0.7			
1.02	-0.02	0.66			
0.99	-0.03	0.7			
0.97	-0.04	0.74			
0.99	-0.05	0.71			
1.01	-0.03	0.68			
1.03	-0.03	0.65			
1.02	-0.03	0.66			
1.02	-0.04	0.66			
1.03	-0.02	0.65			
1	-0.01	0.7			
1.01	-0.03	0.68			
0.97	-0.04	0.72			
1	-0.06	0.68			
1.01	-0.06	0.67			
0.98	-0.04	0.73			
0.95	-0.04	0.76			
0.93	-0.06	0.78			
0.96	-0.04	0.75			
0.97	-0.03	0.75			
0.97	-0.07	0.73			
0.95	-0.06	0.77			
0.96	-0.04	0.75			
0.95	-0.04	0.78			
0.96	-0.04	0.76			
0.93	-0.03	0.79			
0.92	-0.07	0.8			
0.94	-0.04	0.77			
0.92	-0.04	0.79			
0.96	-0.06	0.75			
0.97	-0.04	0.74			
0.99	-0.03	0.72			
1.01	-0.03	0.69			
1.02	-0.04	0.67			
1.03	-0.05	0.65			
1.04	-0.02	0.64			
1.06	0.01	0.31			
1.06	-0.01	0.39			
1.06	-0.01	0.44			
1.06	-0.01	0.48			
1.07	-0.01	0.51			
1.07	-0.05	0.54			
1.06	-0.04	0.57			
1.07	-0.02	0.57			
1.07	-0.03	0.59			
1.06	-0.02	0.59			
1.06	-0.02	0.58			
1.06	-0.05	0.61			
1.06	-0.05	0.61			
1.06	-0.06	0.62			
1.06	-0.05	0.61			
1.07	-0.03	0.61			
1.07	0	0.63			
1.05	-0.01	0.66			
1.06	-0.04	0.61			
1.06	-0.02	0.61			
1.06	0	0.63			
1.06	0.02	0.64			
1.06	0.01	0.65			
1.06	0.01	0.63			
1.05	-0.01	0.64			
1.06	-0.03	0.63			
1.06	-0.05	0.62			
1.06	-0.03	0.62			
1.07	-0.02	0.6			
1.07	0	0.6			
1.07	0.02	0.6			
1.07	0.02	0.6			
1.06	0.02	0.61			
1.05	0.02	0.64			
1.04	0.03	0.66			
1.05	0.04	0.65			
1	0.04	0.71			
1.01	0.04	0.69			
1.01	0.02	0.69			
1.02	0.03	0.69			
1.02	0	0.68			
1.03	-0.02	0.67			
1.04	-0.03	0.66			
1.05	-0.01	0.65			
1.05	-0.02	0.67			
0.99	-0.03	0.72			
1	-0.01	0.71			
0.96	-0.02	0.75			
0.98	-0.01	0.39			
1	-0.01	0.46			
1.02	-0.01	0.51			
1.02	-0.01	0.55			
1.04	-0.01	0.55			
1.06	-0.01	0.56			
1.06	0	0.57			
1.07	0	0.57			
1.06	0.02	0.61			
1.05	0	0.62			
1	0	0.69			
0.96	-0.04	0.74			
0.98	-0.02	0.7			
1	-0.01	0.69			
1.02	0.01	0.67			
1.03	0.01	0.66			
1.04	0	0.66			
1.03	0	0.66			
1.04	0	0.64			
1.06	-0.02	0.64			
1.05	-0.01	0.63			
1.05	-0.03	0.63			
1.04	-0.03	0.65			
1.04	-0.01	0.67			
1.04	-0.01	0.66			
1.04	0	0.68			
1.04	-0.02	0.66			
1.05	0	0.65			
1.05	0	0.64			
1.04	0	0.66			
1.03	0.02	0.66			
1.03	0.01	0.66			
1.03	0.01	0.66			
0.98	0	0.73			
1	-0.01	0.7			
0.99	0.01	0.71			
1.01	-0.01	0.7			
1.02	-0.02	0.66			
1.03	0	0.64			
1.04	0.01	0.64			
1.04	0.02	0.64			
1.04	0.01	0.64			
1.04	0.02	0.64			
1.03	0	0.66			
0.99	0.01	0.72			
0.92	0.02	0.8			
0.88	0.03	0.85			
0.89	0.02	0.44			
0.92	-0.01	0.16			
0.94	-0.03	0.28			
0.95	-0.01	0.4			
0.96	-0.02	0.46			
0.98	-0.01	0.52			
0.99	-0.03	0.56			
0.99	-0.06	0.59			
0.99	-0.05	0.62			
0.99	-0.05	0.65			
0.98	-0.05	0.68			
0.97	-0.03	0.7			
0.98	-0.04	0.7			
0.98	-0.04	0.69			
0.99	-0.04	0.69			
0.99	-0.02	0.71			
0.98	-0.02	0.71			
0.99	-0.01	0.71			
0.99	0	0.71			
0.99	-0.03	0.71			
0.99	-0.04	0.71			
0.99	-0.04	0.69			
0.99	-0.06	0.69			
0.99	-0.05	0.7			
0.98	-0.03	0.7			
0.98	-0.04	0.7			
0.99	-0.04	0.69			
0.99	-0.03	0.7			
0.99	-0.04	0.7			
0.99	-0.03	0.68			
0.99	-0.04	0.68			
0.99	-0.01	0.69			
1	0.01	0.7			
1	-0.01	0.7			
1	-0.02	0.7			
1	-0.04	0.69			
0.99	-0.06	0.67			
0.99	-0.06	0.69			
0.99	-0.05	0.68			
0.99	-0.03	0.69			
0.98	-0.02	0.71			
0.99	-0.05	0.68			
0.99	-0.05	0.7			
0.98	-0.03	0.71			
1.03	-0.06	0.42			
1.03	-0.06	0.49			
1.02	-0.05	0.55			
1.02	-0.06	0.58			
1.02	-0.04	0.62			
1.01	-0.04	0.66			
1.01	-0.07	0.65			
1	-0.05	0.69			
1	-0.05	0.69			
1	-0.06	0.69			
1	-0.06	0.68			
1	-0.04	0.69			
0.99	-0.04	0.7			
0.99	-0.07	0.7			
0.98	-0.05	0.72			
0.99	-0.06	0.72			
0.98	-0.05	0.73			
0.99	-0.03	0.74			
0.99	-0.03	0.73			
1	-0.01	0.71			
0.99	-0.02	0.73			
0.99	-0.02	0.73			
0.98	-0.05	0.73			
0.98	-0.03	0.71			
0.99	-0.03	0.71			
1	-0.02	0.7			
1	-0.02	0.7			
0.99	-0.03	0.7			
0.99	-0.07	0.69			
0.99	-0.07	0.69			
0.98	-0.05	0.7			
0.99	-0.05	0.69			
0.98	-0.03	0.69			
0.99	-0.04	0.68			
0.98	-0.03	0.7			
0.99	-0.03	0.71			
0.99	-0.04	0.71			
0.99	-0.03	0.7			
0.99	-0.04	0.69			
1.01	-0.03	0.7			
1	-0.04	0.69			
0.99	-0.02	0.72			
0.98	-0.02	0.73			
0.99	-0.01	0.71			
0.98	-0.01	0.71			
0.99	0.01	0.72			
0.99	0.01	0.71			
0.99	0.01	0.72			
0.98	0	0.73			
0.98	0	0.73			
0.98	0	0.74			
0.98	-0.01	0.72			
0.97	-0.02	0.73			
0.98	-0.01	0.72			
0.98	-0.02	0.72			
0.98	-0.04	0.71			
0.98	-0.01	0.72			
0.98	-0.02	0.73			
0.97	0.02	0.75			
0.99	-0.01	0.71			
0.99	0	0.71			
1	-0.01	0.72			
0.99	-0.01	0.72			
0.99	-0.03	0.7			
1.01	-0.03	0.68			
0.99	-0.01	0.72			
0.98	-0.04	0.73			
0.99	-0.03	0.72			
0.98	-0.04	0.72			
0.99	-0.03	0.72			
0.98	-0.01	0.73			
0.98	-0.04	0.73			
0.98	-0.05	0.74			
0.98	-0.04	0.74			
0.98	-0.05	0.74			
0.98	-0.04	0.74			
0.98	-0.05	0.74			
0.98	-0.08	0.72			
0.98	-0.07	0.72			
0.98	-0.07	0.72			
0.97	-0.05	0.72			
0.98	-0.06	0.72			
0.98	-0.06	0.72			
0.98	-0.05	0.73			
0.97	-0.05	0.72			
0.98	-0.05	0.7			
0.98	-0.04	0.7			
0.97	-0.03	0.71			
0.98	-0.03	0.72			
0.97	-0.02	0.72			
0.98	0	0.72			
0.99	0	0.73			
0.99	-0.02	0.73			
0.97	-0.02	0.73			
0.98	-0.03	0.74			
0.98	0	0.74			
0.98	0.01	0.74			
0.98	-0.02	0.73			
0.98	-0.02	0.72			
0.99	-0.05	0.71			
0.99	-0.05	0.71			
0.98	-0.07	0.72			
0.99	-0.04	0.72			
0.99	-0.02	0.71			
0.99	-0.03	0.7			
0.98	-0.03	0.72			
0.98	-0.01	0.72			
0.99	-0.02	0.71			
1	-0.03	0.71			
1	-0.03	0.71			
1.01	-0.03	0.71			
1.02	0	0.71			
1.02	-0.02	0.72			
1.01	-0.01	0.72			
1	-0.01	0.72			
1.01	0	0.7			
1.01	-0.02	0.7			
1	-0.02	0.7			
0.99	-0.03	0.71			
1	-0.01	0.71			
0.99	-0.01	0.71			
0.99	-0.02	0.72			
0.97	-0.02	0.72			
0.98	-0.06	0.72			
0.99	-0.04	0.7			
0.99	-0.06	0.71			
0.98	-0.04	0.73			
0.98	-0.03	0.73			
0.98	-0.03	0.73			
0.98	-0.05	0.74			
0.97	-0.04	0.73			
0.97	-0.04	0.72			
0.98	-0.02	0.71			
0.99	-0.02	0.69			
0.98	0.01	0.71			
0.98	-0.02	0.72			
0.98	-0.03	0.72			
0.99	-0.05	0.71			
0.99	-0.04	0.72			
0.99	-0.06	0.71			
0.98	-0.04	0.71			
0.98	-0.02	0.72			
0.98	-0.05	0.72			
0.98	-0.03	0.73			
0.99	-0.03	0.72			
0.99	-0.04	0.71			
0.99	-0.09	0.7			
0.99	-0.06	0.71			
0.99	-0.05	0.71			
0.99	-0.05	0.71			
0.99	-0.06	0.7			
1	-0.03	0.7			
0.99	-0.04	0.7			
0.99	-0.01	0.72			
0.99	-0.03	0.72			
1	-0.04	0.71			
1	-0.04	0.72			
1	-0.05	0.7			
0.98	-0.05	0.71			
0.99	-0.06	0.7			
0.99	-0.05	0.69			
0.99	-0.03	0.71			
0.98	-0.03	0.7			
0.99	-0.04	0.69			
0.99	-0.04	0.7			
0.99	-0.03	0.71			
0.97	-0.05	0.72			
0.97	-0.03	0.73			
0.98	-0.06	0.7			
0.98	-0.05	0.71			
0.98	-0.05	0.72			
0.97	-0.07	0.71			
0.98	-0.1	0.69			
0.99	-0.08	0.69			
0.98	-0.05	0.71			
0.98	-0.03	0.72			
0.97	0	0.73			
0.98	0	0.72			
0.98	-0.02	0.71			
0.98	-0.02	0.71			
0.98	-0.05	0.72			
0.98	-0.08	0.71			
1	-0.08	0.7			
1	-0.05	0.71			
1	-0.04	0.72			
1	-0.04	0.71			
1	-0.04	0.7			
0.99	-0.03	0.71			
0.98	-0.04	0.72			
0.99	-0.04	0.71			
0.99	-0.06	0.71			
0.98	-0.06	0.72			
0.97	-0.09	0.73			
0.97	-0.1	0.75			
0.97	-0.07	0.74			
0.97	-0.07	0.74			
0.99	-0.07	0.73			
0.99	-0.05	0.74			
0.98	-0.06	0.73			
0.99	-0.06	0.72			
0.99	-0.04	0.72			
1	-0.04	0.73			
1.01	-0.04	0.71			
1.01	-0.07	0.69			
1	-0.06	0.7			
0.99	-0.07	0.7			
0.97	-0.07	0.72			
0.98	-0.06	0.71			
0.99	-0.04	0.72			
1	-0.04	0.71			
1	-0.02	0.69			
1	-0.05	0.69			
1	-0.04	0.69			
1	-0.05	0.68			
1	-0.07	0.69			
0.99	-0.1	0.67			
0.99	-0.08	0.68			
1	-0.08	0.67			
1	-0.07	0.68			
1	-0.09	0.68			
1	-0.09	0.67			
1.01	-0.06	0.68			
1	-0.08	0.69			
0.99	-0.07	0.69			
0.99	-0.06	0.69			
0.99	-0.04	0.71			
0.99	-0.05	0.71			
0.98	-0.08	0.71			
0.99	-0.06	0.7			
0.99	-0.06	0.68			
1	-0.06	0.68			
0.98	-0.04	0.71			
0.99	-0.04	0.7			
0.99	-0.03	0.71			
0.98	-0.05	0.73			
0.99	-0.05	0.7			
0.99	-0.03	0.7			
0.99	-0.02	0.71			
0.99	-0.02	0.7			
1	-0.02	0.71			
1	-0.02	0.7			
1.01	-0.04	0.7			
1	-0.06	0.7			
1	-0.09	0.7			
0.99	-0.08	0.71			
0.98	-0.08	0.72			
0.98	-0.06	0.72			
0.98	-0.06	0.73			
0.99	-0.03	0.73			
1	0	0.73			
1	-0.03	0.72			
0.99	-0.02	0.73			
0.99	-0.01	0.73			
1.01	-0.01	0.71			
1	-0.01	0.7			
1	0	0.7			
1.01	0	0.69			
1.02	0.01	0.68			
1	-0.01	0.7			
1	-0.02	0.7			
1	-0.01	0.69			
1	-0.05	0.68			
1	-0.03	0.68			
1	-0.03	0.67			
1.01	-0.01	0.68			
1	-0.04	0.69			
1	-0.02	0.69			
1.02	-0.02	0.69			
1.01	-0.04	0.68			
1.01	-0.02	0.69			
1	-0.03	0.71			
0.99	-0.04	0.71			
1	-0.04	0.69			
1.01	-0.02	0.69			
1.01	-0.04	0.69			
1	-0.02	0.71			
0.99	-0.02	0.71			
0.99	0	0.71			
1	0.01	0.7			
0.99	-0.01	0.72			
0.99	-0.02	0.72			
0.99	-0.02	0.72			
1	-0.04	0.7			
1	-0.02	0.7			
1	-0.03	0.69			
0.99	-0.02	0.71			
0.99	-0.01	0.72			
0.99	-0.05	0.71			
0.98	-0.05	0.7			
0.98	-0.04	0.71			
0.98	-0.03	0.7			
0.98	-0.01	0.72			
0.98	-0.03	0.71			
0.98	-0.05	0.71			
1	-0.06	0.7			
0.99	-0.06	0.71			
1	-0.05	0.69			
0.99	-0.05	0.7			
0.99	-0.04	0.71			
0.98	-0.05	0.71			
0.99	-0.05	0.7			
0.99	-0.03	0.71			
0.98	-0.02	0.72			
1	-0.04	0.71			
0.99	-0.08	0.69			
0.98	-0.06	0.71			
0.97	-0.05	0.72			
0.98	-0.06	0.73			
1	-0.03	0.73			
0.97	-0.03	0.75			
0.97	-0.04	0.74			
0.98	-0.01	0.75			
0.97	-0.06	0.73			
0.97	-0.06	0.72			
0.97	-0.04	0.73			
0.97	-0.07	0.73			
0.97	-0.04	0.74			
0.97	-0.06	0.73			
0.97	-0.05	0.73			
0.97	-0.04	0.73			
0.98	-0.03	0.73			
