POS,0,9280,1.32,1.50,-0.07,65,x03
POS,0,9280,1.30,1.49,-0.03,92,x03
POS,0,9280,1.32,1.47,-0.09,82,x03
POS,0,9280,1.33,1.48,-0.01,85,x03
POS,0,9280,1.28,1.50,-0.07,72,x03
POS,0,9280,1.29,1.50,0.09,50,x03
POS,0,9280,1.27,1.51,-0.03,61,x03
POS,0,9280,1.23,1.51,-0.09,69,x03
POS,0,9280,1.21,1.52,-0.12,75,x03
POS,0,9280,1.21,1.52,-0.15,75,x03
POS,0,9280,1.22,1.50,-0.21,67,x03
POS,0,9280,1.29,1.51,-0.05,68,x03
POS,0,9280,1.27,1.50,-0.12,68,x03
POS,0,9280,1.27,1.50,-0.18,70,x03
POS,0,9280,1.30,1.51,-0.04,72,x03
POS,0,9280,1.31,1.48,0.08,61,x03
POS,0,9280,1.33,1.47,0.10,89,x03
POS,0,9280,1.35,1.47,0.15,81,x03
POS,0,9280,1.35,1.47,0.24,53,x03
POS,0,9280,1.36,1.47,0.29,62,x03
POS,0,9280,1.36,1.47,0.18,91,x03
POS,0,9280,1.32,1.47,0.07,77,x03
POS,0,9280,1.34,1.48,0.02,89,x03
POS,0,9280,1.36,1.49,0.11,71,x03
POS,0,9280,1.34,1.48,0.03,84,x03
POS,0,9280,1.36,1.49,0.15,59,x03
POS,0,9280,1.34,1.49,0.03,73,x03
POS,0,9280,1.29,1.49,-0.05,69,x03
POS,0,9280,1.27,1.48,-0.13,65,x03
POS,0,9280,1.28,1.47,0.02,56,x03
POS,0,9280,1.31,1.50,0.07,85,x03
POS,0,9280,1.33,1.51,0.11,87,x03
POS,0,9280,1.30,1.50,0.00,72,x03
POS,0,9280,1.26,1.49,-0.09,57,x03
POS,0,9280,1.27,1.50,-0.01,86,x03
POS,0,9280,1.25,1.49,-0.10,66,x03
POS,0,9280,1.25,1.48,-0.16,65,x03
POS,0,9280,1.31,1.49,0.00,58,x03
POS,0,9280,1.33,1.50,0.09,77,x03
POS,0,9280,1.33,1.51,0.13,82,x03
POS,0,9280,1.31,1.50,0.08,91,x03
POS,0,9280,1.31,1.49,0.00,86,x03
POS,0,9280,1.32,1.48,0.06,88,x03
POS,0,9280,1.32,1.49,0.04,92,x03
POS,0,9280,1.26,1.50,-0.03,74,x03
POS,0,9280,1.23,1.51,-0.07,76,x03
POS,0,9280,1.23,1.51,-0.11,77,x03
POS,0,9280,1.26,1.50,-0.15,85,x03
POS,0,9280,1.30,1.51,0.01,62,x03
POS,0,9280,1.29,1.50,-0.05,84,x03
POS,0,9280,1.30,1.51,0.01,88,x03
POS,0,9280,1.30,1.52,-0.04,88,x03
POS,0,9280,1.29,1.51,-0.12,68,x03
POS,0,9280,1.27,1.51,-0.15,76,x03
POS,0,9280,1.28,1.52,-0.13,93,x03
POS,0,9280,1.28,1.51,-0.15,87,x03
POS,0,9280,1.31,1.48,-0.09,92,x03
POS,0,9280,1.32,1.49,0.01,81,x03
POS,0,9280,1.30,1.49,0.06,84,x03
POS,0,9280,1.30,1.49,0.05,93,x03
POS,0,9280,1.30,1.49,-0.05,72,x03
POS,0,9280,1.37,1.52,0.02,77,x03
POS,0,9280,1.38,1.50,-0.03,90,x03
POS,0,9280,1.38,1.49,0.10,59,x03
POS,0,9280,1.36,1.49,0.19,60,x03
POS,0,9280,1.37,1.49,0.27,54,x03
POS,0,9280,1.38,1.49,0.17,88,x03
POS,0,9280,1.39,1.48,0.09,90,x03
POS,0,9280,1.38,1.47,0.03,91,x03
POS,0,9280,1.37,1.48,0.06,91,x03
POS,0,9280,1.36,1.48,-0.06,65,x03
POS,0,9280,1.35,1.48,0.04,76,x03
POS,0,9280,1.35,1.49,0.09,86,x03
POS,0,9280,1.35,1.49,0.12,87,x03
POS,0,9280,1.32,1.49,0.15,79,x03
POS,0,9280,1.33,1.51,0.21,74,x03
POS,0,9280,1.37,1.50,0.11,86,x03
POS,0,9280,1.31,1.51,0.07,82,x03
POS,0,9280,1.34,1.51,-0.02,83,x03
POS,0,9280,1.34,1.51,-0.05,91,x03
POS,0,9280,1.32,1.52,0.02,80,x03
POS,0,9280,1.31,1.52,-0.04,85,x03
POS,0,9280,1.34,1.50,-0.08,87,x03
POS,0,9280,1.35,1.50,0.06,59,x03
POS,0,9280,1.34,1.49,-0.06,63,x03
POS,0,9280,1.30,1.48,-0.13,66,x03
POS,0,9280,1.32,1.48,-0.15,90,x03
POS,0,9280,1.30,1.49,-0.19,74,x03
POS,0,9280,1.29,1.49,-0.09,82,x03
POS,0,9280,1.24,1.49,-0.13,69,x03
POS,0,9280,1.23,1.49,-0.15,76,x03
POS,0,9280,1.24,1.49,-0.19,76,x03
POS,0,9280,1.27,1.49,-0.24,68,x03
POS,0,9280,1.25,1.49,-0.26,71,x03
POS,0,9280,1.29,1.49,-0.25,87,x03
POS,0,9280,1.32,1.50,-0.08,70,x03
POS,0,9280,1.32,1.49,-0.11,89,x03
POS,0,9280,1.32,1.49,-0.14,85,x03
POS,0,9280,1.32,1.49,-0.20,73,x03
POS,0,9280,1.27,1.48,-0.22,63,x03
POS,0,9280,1.28,1.48,-0.27,65,x03
POS,0,9280,1.33,1.45,-0.11,70,x03
POS,0,9280,1.30,1.46,-0.16,72,x03
POS,0,9280,1.28,1.47,-0.20,71,x03
POS,0,9280,1.33,1.49,-0.06,77,x03
POS,0,9280,1.35,1.51,0.04,80,x03
POS,0,9280,1.36,1.50,0.08,89,x03
POS,0,9280,1.37,1.49,0.00,87,x03
POS,0,9280,1.37,1.48,-0.08,75,x03
POS,0,9280,1.30,1.48,-0.14,67,x03
POS,0,9280,1.27,1.49,-0.18,68,x03
POS,0,9280,1.30,1.50,-0.15,90,x03
POS,0,9280,1.28,1.49,-0.18,76,x03
POS,0,9280,1.30,1.51,-0.09,89,x03
POS,0,9280,1.29,1.50,-0.15,75,x03
POS,0,9280,1.27,1.49,-0.20,64,x03
POS,0,9280,1.27,1.47,-0.09,93,x03
POS,0,9280,1.27,1.47,-0.10,92,x03
POS,0,9280,1.24,1.46,-0.16,61,x03
POS,0,9280,1.27,1.48,-0.04,75,x03
POS,0,9280,1.29,1.48,0.03,85,x03
POS,0,9280,1.30,1.48,-0.03,86,x03
POS,0,9280,1.33,1.48,0.04,85,x03
POS,0,9280,1.35,1.49,0.14,67,x03
POS,0,9280,1.37,1.51,0.18,81,x03
POS,0,9280,1.35,1.51,0.18,89,x03
POS,0,9280,1.36,1.52,0.09,88,x03
POS,0,9280,1.36,1.52,0.05,91,x03
POS,0,9280,1.31,1.52,-0.02,76,x03
POS,0,9280,1.32,1.51,-0.08,85,x03
POS,0,9280,1.32,1.52,-0.03,92,x03
POS,0,9280,1.34,1.51,-0.05,89,x03
POS,0,9280,1.34,1.51,-0.07,91,x03
POS,0,9280,1.29,1.51,-0.10,76,x03
POS,0,9280,1.32,1.51,-0.22,72,x03
POS,0,9280,1.31,1.49,-0.19,92,x03
POS,0,9280,1.28,1.49,-0.23,68,x03
POS,0,9280,1.26,1.50,-0.25,67,x03
POS,0,9280,1.29,1.50,-0.06,54,x03
POS,0,9280,1.28,1.50,-0.12,72,x03
POS,0,9280,1.27,1.49,-0.20,60,x03
POS,0,9280,1.33,1.51,-0.07,77,x03
POS,0,9280,1.31,1.51,-0.07,93,x03
POS,0,9280,1.30,1.49,-0.15,64,x03
POS,0,9280,1.27,1.49,-0.21,60,x03
POS,0,9280,1.26,1.48,-0.05,56,x03
POS,0,9280,1.24,1.47,-0.12,63,x03
POS,0,9280,1.22,1.48,-0.18,63,x03
POS,0,9280,1.24,1.49,-0.08,86,x03
POS,0,9280,1.26,1.49,-0.15,72,x03
POS,0,9280,1.27,1.48,-0.23,54,x03
POS,0,9280,1.29,1.49,-0.24,83,x03
POS,0,9280,1.32,1.48,-0.22,89,x03
POS,0,9280,1.28,1.47,-0.25,65,x03
POS,0,9280,1.31,1.48,-0.15,89,x03
POS,0,9280,1.30,1.48,-0.13,93,x03
POS,0,9280,1.31,1.48,-0.06,92,x03
POS,0,9280,1.32,1.48,-0.09,90,x03
POS,0,9280,1.32,1.49,-0.03,92,x03
POS,0,9280,1.35,1.51,0.06,78,x03
POS,0,9280,1.37,1.52,0.13,78,x03
POS,0,9280,1.32,1.51,0.03,74,x03
POS,0,9280,1.30,1.50,-0.07,65,x03
POS,0,9280,1.31,1.50,-0.17,55,x03
POS,0,9280,1.27,1.50,-0.17,78,x03
POS,0,9280,1.28,1.50,-0.26,76,x03
POS,0,9280,1.31,1.50,-0.16,89,x03
POS,0,9280,1.33,1.50,-0.17,87,x03
POS,0,9280,1.31,1.50,-0.19,79,x03
POS,0,9280,1.30,1.49,-0.24,64,x03
POS,0,9280,1.27,1.49,-0.28,63,x03
POS,0,9280,1.28,1.50,-0.31,66,x03
POS,0,9280,1.32,1.49,-0.19,87,x03
POS,0,9280,1.32,1.49,-0.03,61,x03
POS,0,9280,1.35,1.48,-0.11,75,x03
POS,0,9280,1.38,1.51,-0.06,83,x03
POS,0,9280,1.32,1.50,-0.13,63,x03
POS,0,9280,1.28,1.49,-0.17,67,x03
POS,0,9280,1.33,1.51,-0.04,75,x03
POS,0,9280,1.33,1.49,0.02,89,x03
POS,0,9280,1.32,1.49,0.01,94,x03
POS,0,9280,1.33,1.48,-0.03,92,x03
POS,0,9280,1.31,1.48,-0.05,92,x03
POS,0,9280,1.30,1.49,0.02,86,x03
POS,0,9280,1.31,1.48,-0.08,73,x03
POS,0,9280,1.34,1.51,0.03,79,x03
POS,0,9280,1.30,1.51,-0.06,64,x03
POS,0,9280,1.34,1.47,0.03,74,x03
POS,0,9280,1.35,1.48,-0.04,86,x03
POS,0,9280,1.33,1.49,0.01,88,x03
POS,0,9280,1.33,1.50,0.04,91,x03
POS,0,9280,1.29,1.50,-0.04,71,x03
POS,0,9280,1.27,1.49,-0.11,68,x03
POS,0,9280,1.27,1.49,-0.16,77,x03
POS,0,9280,1.30,1.50,-0.11,90,x03
POS,0,9280,1.29,1.49,-0.16,74,x03
POS,0,9280,1.27,1.50,-0.19,74,x03
POS,0,9280,1.30,1.49,-0.20,87,x03
POS,0,9280,1.26,1.49,-0.24,59,x03
POS,0,9280,1.27,1.49,-0.27,69,x03
POS,0,9280,1.28,1.49,-0.14,83,x03
POS,0,9280,1.28,1.51,-0.13,92,x03
POS,0,9280,1.32,1.50,-0.12,89,x03
POS,0,9280,1.31,1.51,-0.03,83,x03
POS,0,9280,1.31,1.50,-0.08,84,x03
POS,0,9280,1.31,1.50,-0.16,68,x03
POS,0,9280,1.26,1.50,-0.20,62,x03
POS,0,9280,1.30,1.49,-0.11,88,x03
POS,0,9280,1.29,1.49,-0.18,65,x03
POS,0,9280,1.27,1.49,-0.20,73,x03
POS,0,9280,1.28,1.50,-0.12,91,x03
POS,0,9280,1.30,1.49,-0.12,92,x03
POS,0,9280,1.28,1.49,-0.19,64,x03
POS,0,9280,1.30,1.48,-0.20,84,x03
POS,0,9280,1.31,1.49,-0.17,92,x03
POS,0,9280,1.31,1.49,-0.22,69,x03
POS,0,9280,1.30,1.48,-0.24,76,x03
POS,0,9280,1.31,1.49,-0.23,89,x03
POS,0,9280,1.29,1.48,-0.24,75,x03
POS,0,9280,1.27,1.49,-0.27,65,x03
POS,0,9280,1.30,1.49,-0.29,76,x03
POS,0,9280,1.29,1.49,-0.32,62,x03
POS,0,9280,1.24,1.51,-0.30,69,x03
POS,0,9280,1.31,1.52,-0.16,79,x03
POS,0,9280,1.30,1.51,-0.23,60,x03
POS,0,9280,1.26,1.51,-0.24,67,x03
POS,0,9280,1.29,1.49,-0.25,83,x03
POS,0,9280,1.30,1.50,-0.25,83,x03
POS,0,9280,1.31,1.48,-0.31,55,x03
POS,0,9280,1.30,1.48,-0.19,85,x03
POS,0,9280,1.26,1.49,-0.20,69,x03
POS,0,9280,1.25,1.49,-0.24,67,x03
POS,0,9280,1.27,1.48,-0.25,82,x03
POS,0,9280,1.28,1.48,-0.14,89,x03
POS,0,9280,1.24,1.49,-0.17,71,x03
POS,0,9280,1.28,1.50,-0.01,63,x03
POS,0,9280,1.25,1.51,-0.08,73,x03
POS,0,9280,1.27,1.50,-0.09,92,x03
POS,0,9280,1.24,1.49,-0.13,73,x03
POS,0,9280,1.24,1.50,-0.17,74,x03
POS,0,9280,1.26,1.50,-0.05,76,x03
POS,0,9280,1.29,1.49,-0.03,91,x03
POS,0,9280,1.29,1.49,-0.06,91,x03
POS,0,9280,1.27,1.47,0.06,57,x03
POS,0,9280,1.28,1.48,-0.05,68,x03
POS,0,9280,1.29,1.49,0.02,86,x03
POS,0,9280,1.27,1.48,-0.08,62,x03
POS,0,9280,1.27,1.48,-0.16,64,x03
POS,0,9280,1.24,1.49,-0.16,78,x03
POS,0,9280,1.24,1.49,-0.08,85,x03
POS,0,9280,1.27,1.50,0.00,86,x03
POS,0,9280,1.25,1.50,-0.05,75,x03
POS,0,9280,1.23,1.50,-0.13,63,x03
POS,0,9280,1.23,1.50,-0.18,69,x03
POS,0,9280,1.23,1.49,-0.24,61,x03
POS,0,9280,1.20,1.50,-0.26,60,x03
POS,0,9280,1.23,1.49,-0.29,70,x03
POS,0,9280,1.27,1.49,-0.13,78,x03
POS,0,9280,1.29,1.49,-0.17,81,x03
POS,0,9280,1.30,1.50,-0.16,91,x03
POS,0,9280,1.29,1.50,-0.20,76,x03
POS,0,9280,1.32,1.50,-0.18,88,x03
POS,0,9280,1.27,1.51,-0.19,72,x03
POS,0,9280,1.28,1.50,-0.25,64,x03
POS,0,9280,1.29,1.50,-0.10,77,x03
POS,0,9280,1.29,1.51,-0.02,84,x03
POS,0,9280,1.26,1.50,-0.10,63,x03
POS,0,9280,1.30,1.50,-0.04,87,x03
POS,0,9280,1.30,1.49,0.08,61,x03
POS,0,9280,1.29,1.49,0.17,57,x03
POS,0,9280,1.27,1.48,0.05,70,x03
POS,0,9280,1.29,1.49,0.01,91,x03
POS,0,9280,1.28,1.48,-0.02,93,x03
POS,0,9280,1.28,1.48,-0.10,68,x03
POS,0,9280,1.27,1.48,-0.16,73,x03
POS,0,9280,1.31,1.49,-0.01,66,x03
POS,0,9280,1.30,1.49,-0.05,90,x03
POS,0,9280,1.33,1.49,0.03,85,x03
POS,0,9280,1.32,1.50,0.09,80,x03
POS,0,9280,1.35,1.53,0.13,81,x03
POS,0,9280,1.31,1.52,0.01,66,x03
POS,0,9280,1.31,1.51,-0.01,92,x03
POS,0,9280,1.32,1.49,-0.04,93,x03
POS,0,9280,1.23,1.50,-0.09,80,x03
POS,0,9280,1.25,1.49,-0.17,65,x03
POS,0,9280,1.27,1.49,-0.06,80,x03
POS,0,9280,1.25,1.50,-0.12,68,x03
POS,0,9280,1.29,1.50,-0.06,87,x03
POS,0,9280,1.30,1.50,-0.07,93,x03
POS,0,9280,1.32,1.51,0.07,61,x03
POS,0,9280,1.29,1.52,-0.03,65,x03
POS,0,9280,1.32,1.50,-0.07,89,x03
POS,0,9280,1.34,1.49,-0.07,90,x03
POS,0,9280,1.38,1.47,0.01,83,x03
POS,0,9280,1.34,1.47,0.02,90,x03
POS,0,9280,1.30,1.48,-0.07,63,x03
POS,0,9280,1.32,1.46,-0.12,84,x03
POS,0,9280,1.29,1.48,-0.15,75,x03
POS,0,9280,1.26,1.48,-0.20,62,x03
POS,0,9280,1.24,1.49,-0.23,68,x03
POS,0,9280,1.26,1.49,-0.28,65,x03
POS,0,9280,1.30,1.49,-0.16,87,x03
POS,0,9280,1.27,1.49,-0.18,74,x03
POS,0,9280,1.31,1.51,-0.04,76,x03
POS,0,9280,1.27,1.51,-0.10,65,x03
POS,0,9280,1.32,1.53,-0.06,83,x03
POS,0,9280,1.33,1.53,-0.01,90,x03
POS,0,9280,1.33,1.50,-0.04,94,x03
POS,0,9280,1.29,1.51,-0.11,66,x03
POS,0,9280,1.26,1.50,-0.16,68,x03
POS,0,9280,1.26,1.50,-0.15,90,x03
POS,0,9280,1.28,1.50,-0.05,86,x03
POS,0,9280,1.30,1.49,-0.03,92,x03
POS,0,9280,1.31,1.49,-0.07,90,x03
POS,0,9280,1.35,1.51,-0.00,82,x03
POS,0,9280,1.35,1.51,-0.00,92,x03
POS,0,9280,1.28,1.50,-0.08,67,x03
POS,0,9280,1.31,1.50,-0.09,89,x03
POS,0,9280,1.33,1.50,-0.12,87,x03
POS,0,9280,1.30,1.50,-0.16,73,x03
POS,0,9280,1.31,1.49,-0.07,88,x03
POS,0,9280,1.33,1.49,-0.01,88,x03
POS,0,9280,1.34,1.49,-0.06,90,x03
POS,0,9280,1.32,1.48,-0.14,67,x03
POS,0,9280,1.32,1.50,-0.07,91,x03
POS,0,9280,1.31,1.49,-0.12,76,x03
POS,0,9280,1.25,1.49,-0.12,81,x03
POS,0,9280,1.28,1.49,-0.13,91,x03
POS,0,9280,1.27,1.49,-0.20,63,x03
POS,0,9280,1.27,1.48,-0.18,93,x03
POS,0,9280,1.27,1.48,-0.22,69,x03
POS,0,9280,1.29,1.47,-0.25,73,x03
POS,0,9280,1.27,1.48,-0.29,62,x03
POS,0,9280,1.30,1.49,-0.18,90,x03
POS,0,9280,1.31,1.50,-0.08,85,x03
POS,0,9280,1.32,1.50,0.03,77,x03
POS,0,9280,1.31,1.50,-0.07,69,x03
POS,0,9280,1.34,1.47,0.04,71,x03
POS,0,9280,1.33,1.47,-0.05,75,x03
POS,0,9280,1.34,1.47,-0.07,91,x03
POS,0,9280,1.30,1.48,-0.14,67,x03
POS,0,9280,1.28,1.48,-0.16,80,x03
POS,0,9280,1.30,1.47,-0.17,89,x03
POS,0,9280,1.26,1.48,-0.21,65,x03
POS,0,9280,1.27,1.47,-0.19,92,x03
POS,0,9280,1.23,1.48,-0.20,69,x03
POS,0,9280,1.22,1.48,-0.24,61,x03
POS,0,9280,1.27,1.48,-0.10,77,x03
POS,0,9280,1.27,1.48,-0.11,89,x03
POS,0,9280,1.28,1.49,-0.03,87,x03
POS,0,9280,1.28,1.50,-0.11,72,x03
POS,0,9280,1.31,1.49,-0.16,80,x03
POS,0,9280,1.27,1.50,-0.20,64,x03
POS,0,9280,1.30,1.50,-0.02,52,x03
POS,0,9280,1.32,1.51,0.04,88,x03
POS,0,9280,1.33,1.51,-0.04,82,x03
POS,0,9280,1.37,1.50,-0.10,84,x03
POS,0,9280,1.35,1.49,-0.16,70,x03
POS,0,9280,1.34,1.48,-0.12,93,x03
POS,0,9280,1.36,1.49,-0.05,88,x03
POS,0,9280,1.37,1.48,0.07,62,x03
POS,0,9280,1.32,1.48,-0.03,66,x03
POS,0,9280,1.28,1.49,-0.09,68,x03
POS,0,9280,1.25,1.49,-0.15,63,x03
POS,0,9280,1.26,1.50,-0.22,65,x03
POS,0,9280,1.28,1.50,-0.20,91,x03
POS,0,9280,1.25,1.50,-0.23,65,x03
POS,0,9280,1.23,1.50,-0.23,74,x03
POS,0,9280,1.25,1.49,-0.22,88,x03
POS,0,9280,1.27,1.49,-0.23,82,x03
POS,0,9280,1.26,1.49,-0.21,90,x03
POS,0,9280,1.31,1.49,-0.12,87,x03
POS,0,9280,1.30,1.48,-0.04,84,x03
POS,0,9280,1.31,1.50,0.04,84,x03
POS,0,9280,1.31,1.49,-0.02,90,x03
POS,0,9280,1.31,1.49,0.06,78,x03
POS,0,9280,1.32,1.50,-0.06,66,x03
POS,0,9280,1.35,1.49,-0.12,80,x03
POS,0,9280,1.31,1.50,-0.18,65,x03
POS,0,9280,1.27,1.49,-0.23,60,x03
POS,0,9280,1.23,1.50,-0.21,74,x03
POS,0,9280,1.24,1.49,-0.25,68,x03
POS,0,9280,1.24,1.49,-0.25,80,x03
POS,0,9280,1.23,1.49,-0.25,74,x03
POS,0,9280,1.25,1.50,-0.13,84,x03
POS,0,9280,1.26,1.49,-0.21,59,x03
POS,0,9280,1.29,1.47,-0.21,89,x03
POS,0,9280,1.30,1.47,-0.26,66,x03
POS,0,9280,1.33,1.50,-0.09,71,x03
POS,0,9280,1.29,1.50,-0.15,66,x03
POS,0,9280,1.29,1.50,-0.21,66,x03
POS,0,9280,1.31,1.50,-0.10,86,x03
POS,0,9280,1.34,1.50,-0.18,66,x03
POS,0,9280,1.34,1.51,-0.06,81,x03
POS,0,9280,1.31,1.51,-0.13,67,x03
POS,0,9280,1.29,1.50,-0.12,89,x03
POS,0,9280,1.27,1.49,-0.18,65,x03
POS,0,9280,1.30,1.48,-0.17,90,x03
POS,0,9280,1.24,1.48,-0.22,62,x03
POS,0,9280,1.28,1.48,-0.12,88,x03
POS,0,9280,1.29,1.48,-0.21,54,x03
POS,0,9280,1.30,1.49,-0.21,88,x03
POS,0,9280,1.26,1.49,-0.24,61,x03
POS,0,9280,1.28,1.50,-0.23,90,x03
POS,0,9280,1.27,1.48,-0.07,62,x03
POS,0,9280,1.25,1.49,-0.12,73,x03
POS,0,9280,1.22,1.49,-0.17,62,x03
POS,0,9280,1.21,1.50,-0.22,61,x03
POS,0,9280,1.21,1.49,-0.25,68,x03
POS,0,9280,1.24,1.48,-0.30,61,x03
POS,0,9280,1.27,1.49,-0.27,89,x03
POS,0,9280,1.32,1.49,-0.29,75,x03
POS,0,9280,1.32,1.49,-0.29,82,x03
POS,0,9280,1.32,1.50,-0.18,91,x03
POS,0,9280,1.29,1.50,-0.19,80,x03
POS,0,9280,1.26,1.50,-0.23,62,x03
POS,0,9280,1.23,1.50,-0.22,74,x03
POS,0,9280,1.22,1.49,-0.25,68,x03
POS,0,9280,1.24,1.50,-0.22,92,x03
POS,0,9280,1.26,1.49,-0.26,68,x03
POS,0,9280,1.29,1.49,-0.17,90,x03
POS,0,9280,1.27,1.48,-0.21,66,x03
POS,0,9280,1.25,1.48,-0.25,62,x03
POS,0,9280,1.21,1.49,-0.21,77,x03
POS,0,9280,1.24,1.49,-0.12,91,x03
POS,0,9280,1.29,1.50,0.01,71,x03
POS,0,9280,1.32,1.49,-0.05,88,x03
POS,0,9280,1.33,1.48,-0.09,87,x03
POS,0,9280,1.33,1.48,-0.17,68,x03
POS,0,9280,1.32,1.48,-0.22,67,x03
POS,0,9280,1.33,1.49,-0.21,89,x03
POS,0,9280,1.32,1.50,-0.20,87,x03
POS,0,9280,1.30,1.49,-0.21,82,x03
POS,0,9280,1.33,1.50,-0.24,78,x03
POS,0,9280,1.33,1.49,-0.13,89,x03
POS,0,9280,1.36,1.50,-0.02,81,x03
POS,0,9280,1.36,1.49,-0.08,85,x03
POS,0,9280,1.36,1.50,-0.12,88,x03
POS,0,9280,1.35,1.49,-0.11,93,x03
POS,0,9280,1.34,1.50,-0.01,79,x03
POS,0,9280,1.33,1.48,-0.01,95,x03
POS,0,9280,1.35,1.48,-0.05,88,x03
POS,0,9280,1.35,1.47,-0.06,92,x03
POS,0,9280,1.34,1.47,0.05,70,x03
POS,0,9280,1.34,1.48,-0.02,88,x03
POS,0,9280,1.31,1.49,-0.10,68,x03
POS,0,9280,1.31,1.49,-0.17,69,x03
POS,0,9280,1.31,1.49,-0.19,82,x03
POS,0,9280,1.26,1.50,-0.17,79,x03
POS,0,9280,1.29,1.49,-0.08,89,x03
POS,0,9280,1.32,1.50,0.03,77,x03
POS,0,9280,1.34,1.49,0.04,91,x03
POS,0,9280,1.31,1.49,-0.06,64,x03
POS,0,9280,1.33,1.48,-0.05,91,x03
POS,0,9280,1.31,1.49,-0.12,69,x03
POS,0,9280,1.22,1.51,-0.17,75,x03
POS,0,9280,1.21,1.51,-0.19,72,x03
POS,0,9280,1.22,1.50,-0.24,64,x03
POS,0,9280,1.25,1.50,-0.22,90,x03
POS,0,9280,1.24,1.50,-0.25,66,x03
POS,0,9280,1.29,1.50,-0.14,87,x03
POS,0,9280,1.31,1.50,-0.15,89,x03
POS,0,9280,1.33,1.50,-0.19,82,x03
POS,0,9280,1.30,1.49,-0.22,70,x03
POS,0,9280,1.32,1.50,-0.09,81,x03
POS,0,9280,1.32,1.51,-0.03,91,x03
POS,0,9280,1.34,1.51,-0.05,89,x03
POS,0,9280,1.29,1.51,-0.12,66,x03
POS,0,9280,1.25,1.52,-0.16,64,x03
POS,0,9280,1.23,1.51,-0.18,75,x03
POS,0,9280,1.25,1.50,-0.23,66,x03
POS,0,9280,1.28,1.50,-0.14,90,x03
POS,0,9280,1.33,1.49,-0.14,87,x03
POS,0,9280,1.35,1.49,-0.14,89,x03
POS,0,9280,1.37,1.49,-0.16,86,x03
POS,0,9280,1.34,1.47,-0.01,58,x03
POS,0,9280,1.39,1.45,0.05,84,x03
POS,0,9280,1.32,1.46,-0.04,64,x03
POS,0,9280,1.32,1.48,-0.08,89,x03
POS,0,9280,1.29,1.48,-0.15,64,x03
POS,0,9280,1.34,1.50,-0.02,76,x03
POS,0,9280,1.38,1.50,0.03,84,x03
POS,0,9280,1.37,1.49,-0.03,88,x03
POS,0,9280,1.35,1.49,0.03,88,x03
POS,0,9280,1.31,1.48,-0.06,68,x03
POS,0,9280,1.33,1.48,-0.01,90,x03
POS,0,9280,1.36,1.47,-0.06,88,x03
POS,0,9280,1.37,1.47,-0.06,90,x03
POS,0,9280,1.33,1.47,-0.12,72,x03
POS,0,9280,1.31,1.47,-0.18,68,x03
POS,0,9280,1.32,1.46,-0.03,62,x03
POS,0,9280,1.35,1.47,-0.06,87,x03
POS,0,9280,1.35,1.48,-0.07,90,x03
POS,0,9280,1.29,1.49,-0.13,66,x03
POS,0,9280,1.30,1.49,-0.10,93,x03
POS,0,9280,1.27,1.50,-0.10,86,x03
POS,0,9280,1.26,1.50,-0.17,65,x03
POS,0,9280,1.28,1.50,-0.10,91,x03
POS,0,9280,1.28,1.49,-0.06,94,x03
POS,0,9280,1.29,1.49,-0.10,86,x03
POS,0,9280,1.26,1.50,-0.12,77,x03
POS,0,9280,1.25,1.50,-0.16,75,x03
POS,0,9280,1.24,1.50,-0.19,73,x03
POS,0,9280,1.27,1.49,-0.20,87,x03
POS,0,9280,1.30,1.49,-0.04,63,x03
POS,0,9280,1.32,1.50,0.01,87,x03
POS,0,9280,1.28,1.50,-0.05,74,x03
POS,0,9280,1.26,1.50,-0.11,70,x03
POS,0,9280,1.28,1.50,-0.14,86,x03
POS,0,9280,1.29,1.50,-0.14,93,x03
POS,0,9280,1.31,1.49,-0.15,88,x03
POS,0,9280,1.31,1.49,-0.11,94,x03
POS,0,9280,1.26,1.50,-0.13,72,x03
POS,0,9280,1.27,1.50,-0.15,87,x03
POS,0,9280,1.30,1.50,-0.15,89,x03
POS,0,9280,1.28,1.50,-0.19,69,x03
POS,0,9280,1.32,1.47,-0.08,84,x03
POS,0,9280,1.31,1.47,-0.17,62,x03
POS,0,9280,1.31,1.47,-0.14,94,x03
POS,0,9280,1.32,1.47,-0.04,86,x03
POS,0,9280,1.31,1.47,-0.12,72,x03
POS,0,9280,1.30,1.47,-0.19,62,x03
POS,0,9280,1.30,1.46,-0.19,86,x03
POS,0,9280,1.27,1.46,-0.22,68,x03
POS,0,9280,1.30,1.48,-0.08,78,x03
POS,0,9280,1.28,1.48,-0.13,76,x03
POS,0,9280,1.31,1.48,-0.14,88,x03
POS,0,9280,1.33,1.49,-0.17,87,x03
POS,0,9280,1.29,1.48,-0.22,60,x03
POS,0,9280,1.30,1.49,-0.22,88,x03
POS,0,9280,1.27,1.49,-0.24,68,x03
POS,0,9280,1.29,1.47,-0.20,94,x03
POS,0,9280,1.32,1.46,-0.18,90,x03
POS,0,9280,1.32,1.46,-0.07,79,x03
POS,0,9280,1.27,1.46,-0.09,77,x03
POS,0,9280,1.28,1.46,-0.18,63,x03
POS,0,9280,1.31,1.46,-0.20,83,x03
POS,0,9280,1.27,1.47,-0.18,79,x03
POS,0,9280,1.29,1.48,-0.08,86,x03
POS,0,9280,1.28,1.48,-0.12,79,x03
POS,0,9280,1.26,1.50,-0.17,69,x03
POS,0,9280,1.22,1.51,-0.17,73,x03
POS,0,9280,1.28,1.49,-0.17,88,x03
POS,0,9280,1.26,1.48,-0.21,66,x03
POS,0,9280,1.27,1.48,-0.09,80,x03
POS,0,9280,1.27,1.49,-0.06,93,x03
POS,0,9280,1.29,1.49,-0.11,83,x03
POS,0,9280,1.27,1.49,-0.16,67,x03
POS,0,9280,1.29,1.49,-0.16,91,x03
POS,0,9280,1.30,1.49,-0.23,65,x03
POS,0,9280,1.28,1.48,-0.27,61,x03
POS,0,9280,1.30,1.47,-0.25,90,x03
POS,0,9280,1.31,1.49,-0.24,85,x03
POS,0,9280,1.30,1.50,-0.15,91,x03
POS,0,9280,1.31,1.49,0.00,62,x03
POS,0,9280,1.30,1.49,0.07,77,x03
POS,0,9280,1.29,1.49,-0.04,68,x03
POS,0,9280,1.31,1.49,-0.07,91,x03
POS,0,9280,1.16,1.36,0.03,87,x03
POS,0,9280,1.16,1.40,0.06,81,x03
POS,0,9280,1.21,1.42,0.06,91,x03
POS,0,9280,1.25,1.42,-0.00,90,x03
POS,0,9280,1.21,1.43,-0.05,75,x03
POS,0,9280,1.18,1.45,-0.10,67,x03
POS,0,9280,1.21,1.46,-0.07,94,x03
POS,0,9280,1.25,1.48,-0.12,82,x03
POS,0,9280,1.29,1.47,-0.11,90,x03
POS,0,9280,1.25,1.47,-0.14,73,x03
POS,0,9280,1.22,1.48,-0.18,65,x03
POS,0,9280,1.23,1.48,-0.17,86,x03
POS,0,9280,1.27,1.49,-0.03,70,x03
POS,0,9280,1.30,1.50,0.03,88,x03
POS,0,9280,1.26,1.51,0.01,82,x03
POS,0,9280,1.28,1.51,0.03,91,x03
POS,0,9280,1.33,1.52,0.12,70,x03
POS,0,9280,1.32,1.50,0.00,70,x03
POS,0,9280,1.32,1.51,0.06,86,x03
POS,0,9280,1.29,1.50,-0.02,74,x03
POS,0,9280,1.29,1.49,-0.12,67,x03
POS,0,9280,1.30,1.50,-0.04,90,x03
POS,0,9280,1.29,1.48,-0.14,58,x03
POS,0,9280,1.30,1.48,-0.15,89,x03
POS,0,9280,1.27,1.48,-0.21,61,x03
POS,0,9280,1.26,1.48,-0.23,72,x03
POS,0,9280,1.25,1.48,-0.19,91,x03
POS,0,9280,1.30,1.50,-0.03,68,x03
POS,0,9280,1.28,1.48,-0.12,64,x03
POS,0,9280,1.31,1.50,-0.03,85,x03
POS,0,9280,1.33,1.51,-0.07,87,x03
POS,0,9280,1.33,1.53,0.02,81,x03
POS,0,9280,1.29,1.51,-0.07,65,x03
POS,0,9280,1.32,1.50,-0.13,79,x03
POS,0,9280,1.27,1.51,-0.18,63,x03
POS,0,9280,1.24,1.51,-0.20,66,x03
POS,0,9280,1.23,1.50,-0.25,63,x03
POS,0,9280,1.28,1.51,-0.08,68,x03
POS,0,9280,1.27,1.50,-0.15,67,x03
POS,0,9280,1.30,1.50,-0.17,86,x03
POS,0,9280,1.26,1.50,-0.21,62,x03
POS,0,9280,1.24,1.50,-0.26,62,x03
POS,0,9280,1.26,1.49,-0.15,92,x03
POS,0,9280,1.30,1.49,-0.18,86,x03
POS,0,9280,1.27,1.49,-0.23,60,x03
POS,0,9280,1.28,1.48,-0.29,58,x03
POS,0,9280,1.32,1.48,-0.09,59,x03
POS,0,9280,1.33,1.49,-0.03,91,x03
POS,0,9280,1.29,1.50,-0.10,69,x03
POS,0,9280,1.31,1.50,0.01,78,x03
POS,0,9280,1.31,1.50,0.07,84,x03
POS,0,9280,1.33,1.50,0.16,62,x03
POS,0,9280,1.27,1.49,0.07,72,x03
POS,0,9280,1.29,1.49,0.01,90,x03
POS,0,9280,1.27,1.49,-0.07,69,x03
POS,0,9280,1.27,1.49,-0.09,90,x03
POS,0,9280,1.29,1.48,-0.02,90,x03
POS,0,9280,1.29,1.49,-0.04,92,x03
POS,0,9280,1.32,1.48,-0.09,88,x03
POS,0,9280,1.27,1.48,-0.14,66,x03
POS,0,9280,1.28,1.49,-0.16,86,x03
POS,0,9280,1.31,1.51,-0.01,66,x03
POS,0,9280,1.34,1.51,-0.06,86,x03
POS,0,9280,1.31,1.51,-0.13,64,x03
POS,0,9280,1.32,1.51,-0.15,89,x03
POS,0,9280,1.34,1.51,-0.00,66,x03
POS,0,9280,1.34,1.50,-0.12,61,x03
POS,0,9280,1.31,1.50,-0.18,66,x03
POS,0,9280,1.32,1.50,-0.20,85,x03
POS,0,9280,1.33,1.49,-0.19,91,x03
POS,0,9280,1.27,1.49,-0.22,60,x03
POS,0,9280,1.30,1.48,-0.22,88,x03
POS,0,9280,1.27,1.49,-0.24,70,x03
POS,0,9280,1.31,1.49,-0.22,88,x03
POS,0,9280,1.28,1.49,-0.22,79,x03
POS,0,9280,1.27,1.49,-0.21,85,x03
POS,0,9280,1.27,1.49,-0.16,94,x03
POS,0,9280,1.28,1.48,-0.16,89,x03
POS,0,9280,1.30,1.48,-0.21,76,x03
POS,0,9280,1.28,1.48,-0.23,72,x03
POS,0,9280,1.27,1.48,-0.25,73,x03
POS,0,9280,1.31,1.51,-0.10,78,x03
POS,0,9280,1.26,1.51,-0.14,70,x03
POS,0,9280,1.27,1.50,0.03,52,x03
POS,0,9280,1.30,1.47,0.11,69,x03
POS,0,9280,1.27,1.46,-0.01,60,x03
POS,0,9280,1.28,1.47,0.01,93,x03
POS,0,9280,1.27,1.48,-0.04,84,x03
POS,0,9280,1.31,1.49,0.01,86,x03
POS,0,9280,1.28,1.48,-0.08,64,x03
POS,0,9280,1.23,1.49,-0.10,77,x03
POS,0,9280,1.22,1.48,-0.16,64,x03
POS,0,9280,1.24,1.48,-0.22,64,x03
POS,0,9280,1.28,1.48,-0.09,81,x03
POS,0,9280,1.29,1.48,-0.09,93,x03
POS,0,9280,1.26,1.48,-0.10,81,x03
POS,0,9280,1.26,1.46,0.02,65,x03
POS,0,9280,1.24,1.47,-0.05,73,x03
POS,0,9280,1.27,1.48,-0.10,86,x03
POS,0,9280,1.27,1.48,-0.16,68,x03
POS,0,9280,1.27,1.48,-0.21,70,x03
POS,0,9280,1.22,1.49,-0.22,74,x03
POS,0,9280,1.22,1.49,-0.23,77,x03
POS,0,9280,1.27,1.49,-0.04,56,x03
POS,0,9280,1.24,1.50,-0.09,72,x03
POS,0,9280,1.26,1.50,-0.02,89,x03
POS,0,9280,1.27,1.51,0.05,83,x03
POS,0,9280,1.29,1.50,0.15,62,x03
POS,0,9280,1.26,1.50,0.03,68,x03
POS,0,9280,1.30,1.50,0.08,86,x03
POS,0,9280,1.30,1.50,0.03,93,x03
POS,0,9280,1.30,1.51,0.05,92,x03
POS,0,9280,1.32,1.51,0.17,56,x03
POS,0,9280,1.28,1.52,0.05,64,x03
POS,0,9280,1.27,1.52,-0.03,78,x03
POS,0,9280,1.20,1.52,-0.11,71,x03
POS,0,9280,1.22,1.53,-0.06,92,x03
POS,0,9280,1.30,1.54,0.04,74,x03
POS,0,9280,1.28,1.53,-0.07,61,x03
POS,0,9280,1.29,1.51,-0.08,93,x03
POS,0,9280,1.24,1.51,-0.15,59,x03
POS,0,9280,1.26,1.52,-0.13,92,x03
POS,0,9280,1.26,1.50,-0.20,63,x03
POS,0,9280,1.22,1.49,-0.22,66,x03
POS,0,9280,1.25,1.49,-0.22,90,x03
POS,0,9280,1.32,1.51,-0.08,76,x03
POS,0,9280,1.28,1.50,-0.15,61,x03
POS,0,9280,1.28,1.50,-0.08,90,x03
POS,0,9280,1.31,1.49,-0.16,81,x03
POS,0,9280,1.30,1.49,-0.21,66,x03
POS,0,9280,1.30,1.49,-0.20,92,x03
POS,0,9280,1.30,1.48,-0.20,88,x03
POS,0,9280,1.36,1.52,-0.13,79,x03
POS,0,9280,1.34,1.52,-0.13,89,x03
POS,0,9280,1.30,1.50,-0.19,62,x03
POS,0,9280,1.32,1.50,-0.11,91,x03
POS,0,9280,1.31,1.50,-0.03,86,x03
POS,0,9280,1.34,1.51,0.05,81,x03
POS,0,9280,1.33,1.50,0.01,93,x03
POS,0,9280,1.29,1.49,-0.08,63,x03
POS,0,9280,1.31,1.49,-0.11,90,x03
POS,0,9280,1.26,1.50,-0.16,60,x03
POS,0,9280,1.27,1.49,-0.23,63,x03
POS,0,9280,1.24,1.49,-0.26,62,x03
POS,0,9280,1.27,1.48,-0.12,81,x03
POS,0,9280,1.26,1.49,-0.05,87,x03
POS,0,9280,1.23,1.49,-0.10,71,x03
POS,0,9280,1.24,1.49,-0.16,69,x03
POS,0,9280,1.21,1.49,-0.20,63,x03
POS,0,9280,1.27,1.49,-0.23,79,x03
POS,0,9280,1.28,1.49,-0.23,85,x03
POS,0,9280,1.26,1.49,-0.24,75,x03
POS,0,9280,1.27,1.49,-0.21,93,x03
POS,0,9280,1.31,1.48,-0.20,88,x03
POS,0,9280,1.33,1.49,-0.19,88,x03
POS,0,9280,1.36,1.51,-0.05,74,x03
POS,0,9280,1.35,1.51,0.04,82,x03
POS,0,9280,1.36,1.51,-0.03,87,x03
POS,0,9280,1.37,1.49,-0.08,88,x03
POS,0,9280,1.33,1.49,-0.15,63,x03
POS,0,9280,1.34,1.49,-0.00,64,x03
POS,0,9280,1.34,1.50,-0.02,91,x03
POS,0,9280,1.38,1.52,0.04,81,x03
POS,0,9280,1.37,1.52,0.07,90,x03
POS,0,9280,1.35,1.50,-0.04,67,x03
POS,0,9280,1.34,1.50,-0.04,93,x03
POS,0,9280,1.34,1.51,-0.08,89,x03
POS,0,9280,1.37,1.53,-0.00,80,x03
POS,0,9280,1.37,1.51,-0.10,69,x03
POS,0,9280,1.34,1.50,-0.17,66,x03
POS,0,9280,1.31,1.50,-0.18,81,x03
POS,0,9280,1.33,1.49,-0.19,88,x03
POS,0,9280,1.29,1.48,-0.23,63,x03
POS,0,9280,1.31,1.49,-0.12,88,x03
POS,0,9280,1.34,1.49,-0.15,86,x03
POS,0,9280,1.29,1.49,-0.19,65,x03
POS,0,9280,1.28,1.49,-0.23,66,x03
POS,0,9280,1.29,1.50,-0.12,87,x03
POS,0,9280,1.26,1.50,-0.16,70,x03
POS,0,9280,1.32,1.47,-0.05,80,x03
POS,0,9280,1.34,1.48,-0.04,91,x03
POS,0,9280,1.36,1.50,0.05,80,x03
POS,0,9280,1.36,1.50,-0.02,89,x03
POS,0,9280,1.35,1.49,-0.05,92,x03
POS,0,9280,1.37,1.48,-0.10,85,x03
POS,0,9280,1.36,1.49,-0.02,88,x03
POS,0,9280,1.30,1.51,-0.05,77,x03
POS,0,9280,1.30,1.48,0.07,59,x03
POS,0,9280,1.34,1.46,0.14,70,x03
POS,0,9280,1.28,1.47,0.04,67,x03
POS,0,9280,1.25,1.47,-0.04,66,x03
POS,0,9280,1.31,1.49,0.07,69,x03
POS,0,9280,1.33,1.49,-0.01,85,x03
POS,0,9280,1.35,1.49,-0.08,82,x03
POS,0,9280,1.35,1.49,0.01,85,x03
POS,0,9280,1.34,1.50,-0.11,57,x03
POS,0,9280,1.35,1.47,-0.00,76,x03
POS,0,9280,1.34,1.48,0.02,92,x03
POS,0,9280,1.29,1.49,-0.05,69,x03
POS,0,9280,1.25,1.48,-0.11,67,x03
POS,0,9280,1.22,1.49,-0.18,57,x03
POS,0,9280,1.26,1.49,-0.02,64,x03
POS,0,9280,1.26,1.50,-0.06,87,x03
POS,0,9280,1.32,1.51,0.01,80,x03
POS,0,9280,1.35,1.51,-0.08,78,x03
POS,0,9280,1.32,1.50,-0.14,69,x03
POS,0,9280,1.32,1.49,-0.12,94,x03
POS,0,9280,1.33,1.50,-0.01,80,x03
POS,0,9280,1.36,1.48,-0.07,86,x03
POS,0,9280,1.38,1.46,-0.00,87,x03
POS,0,9280,1.38,1.48,0.08,79,x03
POS,0,9280,1.35,1.48,0.10,88,x03
POS,0,9280,1.31,1.48,0.01,73,x03
POS,0,9280,1.28,1.47,-0.07,67,x03
POS,0,9280,1.30,1.47,-0.10,90,x03
POS,0,9280,1.30,1.48,-0.10,92,x03
POS,0,9280,1.31,1.47,-0.18,64,x03
POS,0,9280,1.27,1.48,-0.22,66,x03
POS,0,9280,1.30,1.47,-0.19,92,x03
POS,0,9280,1.28,1.46,-0.23,64,x03
POS,0,9280,1.30,1.47,-0.11,85,x03
POS,0,9280,1.24,1.48,-0.15,70,x03
POS,0,9280,1.25,1.47,-0.19,74,x03
POS,0,9280,1.24,1.47,-0.24,63,x03
POS,0,9280,1.26,1.49,-0.24,86,x03
POS,0,9280,1.26,1.48,-0.27,68,x03
POS,0,9280,1.28,1.48,-0.20,93,x03
POS,0,9280,1.32,1.50,-0.06,76,x03
POS,0,9280,1.33,1.50,-0.10,87,x03
POS,0,9280,1.35,1.50,-0.01,84,x03
POS,0,9280,1.37,1.51,0.12,59,x03
POS,0,9280,1.33,1.50,0.01,73,x03
POS,0,9280,1.33,1.49,-0.01,93,x03
POS,0,9280,1.29,1.51,-0.09,65,x03
POS,0,9280,1.26,1.50,-0.16,59,x03
POS,0,9280,1.30,1.51,-0.04,82,x03
POS,0,9280,1.32,1.51,-0.05,91,x03
POS,0,9280,1.29,1.51,-0.09,81,x03
POS,0,9280,1.27,1.50,-0.16,60,x03
POS,0,9280,1.27,1.50,-0.22,66,x03
POS,0,9280,1.27,1.51,-0.19,92,x03
POS,0,9280,1.28,1.50,-0.02,58,x03
POS,0,9280,1.24,1.49,-0.10,62,x03
POS,0,9280,1.23,1.50,-0.15,71,x03
POS,0,9280,1.23,1.49,-0.18,75,x03
POS,0,9280,1.26,1.50,-0.19,87,x03
POS,0,9280,1.34,1.53,-0.12,76,x03
POS,0,9280,1.33,1.52,-0.04,88,x03
POS,0,9280,1.32,1.51,-0.12,67,x03
POS,0,9280,1.33,1.50,-0.10,92,x03
POS,0,9280,1.27,1.50,-0.12,74,x03
POS,0,9280,1.29,1.49,0.03,55,x03
POS,0,9280,1.30,1.50,-0.02,90,x03
POS,0,9280,1.32,1.49,0.07,77,x03
POS,0,9280,1.34,1.50,0.12,85,x03
POS,0,9280,1.32,1.49,-0.01,65,x03
POS,0,9280,1.30,1.49,0.04,86,x03
POS,0,9280,1.30,1.49,0.08,86,x03
POS,0,9280,1.28,1.50,-0.04,64,x03
POS,0,9280,1.23,1.51,-0.10,66,x03
POS,0,9280,1.27,1.52,0.02,69,x03
POS,0,9280,1.24,1.50,-0.07,60,x03
POS,0,9280,1.22,1.50,-0.13,66,x03
POS,0,9280,1.26,1.49,-0.13,91,x03
POS,0,9280,1.23,1.49,-0.16,71,x03
POS,0,9280,1.24,1.49,-0.18,82,x03
POS,0,9280,1.26,1.48,-0.24,64,x03
POS,0,9280,1.25,1.48,-0.28,61,x03
POS,0,9280,1.26,1.50,-0.24,92,x03
POS,0,9280,1.28,1.49,-0.24,85,x03
POS,0,9280,1.30,1.49,-0.19,92,x03
POS,0,9280,1.26,1.50,-0.21,70,x03
POS,0,9280,1.28,1.49,-0.27,59,x03
POS,0,9280,1.31,1.49,-0.09,62,x03
POS,0,9280,1.33,1.50,-0.01,85,x03
POS,0,9280,1.31,1.50,-0.10,69,x03
POS,0,9280,1.33,1.50,-0.02,88,x03
POS,0,9280,1.36,1.53,0.06,79,x03
POS,0,9280,1.38,1.52,0.18,54,x03
POS,0,9280,1.38,1.50,0.08,89,x03
POS,0,9280,1.33,1.50,-0.01,72,x03
POS,0,9280,1.33,1.49,-0.03,93,x03
POS,0,9280,1.32,1.48,0.09,60,x03
POS,0,9280,1.29,1.48,-0.02,66,x03
POS,0,9280,1.27,1.49,-0.09,70,x03
POS,0,9280,1.28,1.48,-0.17,64,x03
POS,0,9280,1.23,1.49,-0.19,71,x03
POS,0,9280,1.25,1.48,-0.24,67,x03
POS,0,9280,1.25,1.48,-0.25,74,x03
POS,0,9280,1.28,1.48,-0.13,87,x03
POS,0,9280,1.30,1.48,-0.16,86,x03
POS,0,9280,1.30,1.47,-0.23,59,x03
POS,0,9280,1.31,1.48,-0.27,69,x03
POS,0,9280,1.26,1.49,-0.27,67,x03
POS,0,9280,1.23,1.49,-0.22,79,x03
POS,0,9280,1.28,1.51,-0.10,82,x03
POS,0,9280,1.27,1.50,-0.15,76,x03
POS,0,9280,1.28,1.50,-0.15,90,x03
POS,0,9280,1.31,1.49,-0.14,90,x03
POS,0,9280,1.31,1.49,-0.02,76,x03
POS,0,9280,1.27,1.48,-0.11,61,x03
POS,0,9280,1.32,1.51,-0.01,79,x03
POS,0,9280,1.33,1.51,0.01,91,x03
POS,0,9280,1.32,1.50,-0.04,88,x03
POS,0,9280,1.32,1.50,-0.06,93,x03
POS,0,9280,1.28,1.48,-0.14,60,x03
POS,0,9280,1.29,1.49,-0.18,80,x03
POS,0,9280,1.31,1.50,-0.11,91,x03
POS,0,9280,1.29,1.48,-0.18,65,x03
POS,0,9280,1.28,1.47,-0.21,75,x03
POS,0,9280,1.31,1.47,-0.25,73,x03
POS,0,9280,1.31,1.48,-0.12,84,x03
POS,0,9280,1.33,1.49,-0.18,77,x03
POS,0,9280,1.32,1.49,-0.16,93,x03
POS,0,9280,1.33,1.48,-0.15,91,x03
POS,0,9280,1.36,1.48,-0.14,88,x03
POS,0,9280,1.30,1.48,-0.15,74,x03
POS,0,9280,1.31,1.47,-0.15,91,x03
POS,0,9280,1.34,1.48,-0.14,87,x03
POS,0,9280,1.37,1.48,-0.14,88,x03
POS,0,9280,1.31,1.48,-0.18,69,x03
POS,0,9280,1.31,1.48,-0.23,68,x03
POS,0,9280,1.27,1.49,-0.23,72,x03
POS,0,9280,1.26,1.50,-0.25,70,x03
POS,0,9280,1.23,1.50,-0.27,62,x03
POS,0,9280,1.26,1.49,-0.24,92,x03
POS,0,9280,1.26,1.48,-0.29,56,x03
POS,0,9280,1.25,1.48,-0.30,69,x03
POS,0,9280,1.23,1.48,-0.28,80,x03
POS,0,9280,1.25,1.48,-0.29,74,x03
POS,0,9280,1.27,1.48,-0.17,88,x03
POS,0,9280,1.28,1.49,-0.15,91,x03
POS,0,9280,1.29,1.49,-0.22,64,x03
POS,0,9280,1.28,1.48,-0.26,65,x03
POS,0,9280,1.29,1.49,-0.29,70,x03
POS,0,9280,1.29,1.49,-0.29,77,x03
POS,0,9280,1.29,1.48,-0.31,70,x03
POS,0,9280,1.31,1.49,-0.21,90,x03
POS,0,9280,1.33,1.49,-0.12,89,x03
POS,0,9280,1.35,1.48,-0.07,91,x03
POS,0,9280,1.34,1.48,-0.07,93,x03
POS,0,9280,1.37,1.48,0.05,69,x03
POS,0,9280,1.33,1.48,-0.03,73,x03
POS,0,9280,1.34,1.48,-0.13,65,x03
POS,0,9280,1.37,1.48,-0.15,87,x03
POS,0,9280,1.35,1.49,-0.10,94,x03
POS,0,9280,1.33,1.50,-0.03,90,x03
POS,0,9280,1.33,1.49,-0.13,66,x03
POS,0,9280,1.34,1.49,-0.05,90,x03
POS,0,9280,1.36,1.49,0.03,85,x03
POS,0,9280,1.30,1.49,-0.05,67,x03
POS,0,9280,1.32,1.49,-0.06,90,x03
POS,0,9280,1.33,1.48,-0.15,68,x03
POS,0,9280,1.33,1.48,-0.07,90,x03
POS,0,9280,1.36,1.49,-0.12,83,x03
POS,0,9280,1.30,1.49,-0.16,68,x03
POS,0,9280,1.31,1.48,-0.22,68,x03
POS,0,9280,1.31,1.48,-0.12,89,x03
POS,0,9280,1.32,1.49,-0.11,91,x03
POS,0,9280,1.32,1.48,-0.11,93,x03
POS,0,9280,1.31,1.49,-0.11,92,x03
POS,0,9280,1.27,1.48,-0.13,76,x03
POS,0,9280,1.28,1.49,-0.06,90,x03
POS,0,9280,1.31,1.50,-0.12,80,x03
POS,0,9280,1.26,1.49,-0.15,70,x03
POS,0,9280,1.28,1.50,-0.05,87,x03
POS,0,9280,1.28,1.49,-0.14,66,x03
POS,0,9280,1.30,1.50,-0.21,66,x03
POS,0,9280,1.25,1.50,-0.21,70,x03
POS,0,9280,1.23,1.50,-0.25,64,x03
POS,0,9280,1.27,1.51,-0.07,60,x03
POS,0,9280,1.28,1.51,0.07,57,x03
POS,0,9280,1.30,1.50,0.09,92,x03
POS,0,9280,1.29,1.49,-0.01,77,x03
POS,0,9280,1.30,1.48,-0.10,68,x03
POS,0,9280,1.27,1.49,-0.17,60,x03
POS,0,9280,1.29,1.49,-0.16,90,x03
POS,0,9280,1.30,1.49,-0.22,69,x03
POS,0,9280,1.28,1.50,-0.25,71,x03
POS,0,9280,1.27,1.50,-0.29,63,x03
POS,0,9280,1.28,1.49,-0.31,67,x03
POS,0,9280,1.32,1.50,-0.28,86,x03
POS,0,9280,1.27,1.50,-0.24,77,x03
POS,0,9280,1.25,1.51,-0.27,64,x03
POS,0,9280,1.29,1.50,-0.26,88,x03
POS,0,9280,1.27,1.49,-0.27,70,x03
POS,0,9280,1.29,1.49,-0.13,80,x03
POS,0,9280,1.24,1.50,-0.15,76,x03
POS,0,9280,1.27,1.49,-0.06,88,x03
POS,0,9280,1.30,1.49,-0.09,89,x03
POS,0,9280,1.27,1.49,-0.14,74,x03
POS,0,9280,1.29,1.48,-0.13,92,x03
POS,0,9280,1.26,1.49,-0.16,71,x03
POS,0,9280,1.28,1.49,-0.18,86,x03
POS,0,9280,1.31,1.49,-0.19,87,x03
POS,0,9280,1.26,1.50,-0.17,77,x03
POS,0,9280,1.24,1.50,-0.18,75,x03
POS,0,9280,1.29,1.50,-0.04,74,x03
POS,0,9280,1.33,1.49,-0.07,89,x03
POS,0,9280,1.30,1.49,-0.15,63,x03
POS,0,9280,1.34,1.48,-0.16,86,x03
POS,0,9280,1.29,1.49,-0.20,62,x03
POS,0,9280,1.29,1.47,0.01,76,x03
POS,0,9280,1.29,1.47,-0.08,71,x03
POS,0,9280,1.32,1.47,-0.11,87,x03
POS,0,9280,1.29,1.48,-0.16,68,x03
POS,0,9280,1.30,1.48,-0.05,81,x03
POS,0,9280,1.26,1.48,-0.11,67,x03
POS,0,9280,1.29,1.49,-0.16,79,x03
POS,0,9280,1.30,1.49,-0.18,84,x03
POS,0,9280,1.31,1.49,-0.15,92,x03
POS,0,9280,1.32,1.48,-0.12,92,x03
POS,0,9280,1.35,1.48,0.03,56,x03
POS,0,9280,1.38,1.47,-0.03,86,x03
POS,0,9280,1.38,1.47,0.03,89,x03
POS,0,9280,1.32,1.47,0.02,81,x03
POS,0,9280,1.32,1.48,-0.06,81,x03
POS,0,9280,1.31,1.48,-0.14,65,x03
POS,0,9280,1.32,1.48,-0.16,87,x03
POS,0,9280,1.29,1.48,-0.21,64,x03
POS,0,9280,1.31,1.47,-0.19,91,x03
POS,0,9280,1.31,1.47,-0.17,93,x03
POS,0,9280,1.35,1.44,-0.03,67,x03
POS,0,9280,1.36,1.45,-0.12,72,x03
POS,0,9280,1.37,1.46,-0.15,85,x03
POS,0,9280,1.36,1.46,-0.15,92,x03
POS,0,9280,1.37,1.46,-0.14,90,x03
POS,0,9280,1.32,1.47,-0.19,65,x03
POS,0,9280,1.32,1.46,-0.18,92,x03
POS,0,9280,1.35,1.47,-0.06,81,x03
POS,0,9280,1.34,1.48,-0.08,92,x03
POS,0,9280,1.28,1.49,-0.07,80,x03
POS,0,9280,1.29,1.48,-0.07,93,x03
POS,0,9280,1.29,1.47,-0.15,62,x03
POS,0,9280,1.28,1.48,-0.19,76,x03
POS,0,9280,1.25,1.47,-0.21,71,x03
POS,0,9280,1.26,1.48,-0.19,92,x03
POS,0,9280,1.27,1.48,-0.09,86,x03
POS,0,9280,1.29,1.49,-0.13,85,x03
POS,0,9280,1.25,1.49,-0.17,65,x03
POS,0,9280,1.28,1.49,-0.19,87,x03
POS,0,9280,1.33,1.52,-0.09,80,x03
POS,0,9280,1.32,1.50,-0.09,94,x03
POS,0,9280,1.35,1.51,-0.05,88,x03
POS,0,9280,1.38,1.50,-0.11,82,x03
POS,0,9280,1.36,1.49,-0.11,93,x03
POS,0,9280,1.36,1.49,-0.08,91,x03
POS,0,9280,1.36,1.48,-0.17,63,x03
POS,0,9280,1.38,1.48,-0.15,88,x03
POS,0,9280,1.38,1.48,-0.06,87,x03
POS,0,9280,1.36,1.49,0.01,85,x03
POS,0,9280,1.33,1.48,-0.05,81,x03
POS,0,9280,1.35,1.48,-0.09,88,x03
POS,0,9280,1.33,1.48,-0.17,68,x03
POS,0,9280,1.30,1.49,-0.22,63,x03
POS,0,9280,1.30,1.48,-0.24,79,x03
POS,0,9280,1.34,1.45,-0.10,76,x03
POS,0,9280,1.34,1.46,-0.01,86,x03
POS,0,9280,1.31,1.47,-0.10,67,x03
POS,0,9280,1.32,1.47,-0.11,91,x03
POS,0,9280,1.32,1.48,-0.05,92,x03
POS,0,9280,1.34,1.48,-0.04,90,x03
POS,0,9280,1.33,1.47,-0.15,54,x03
POS,0,9280,1.35,1.47,-0.16,88,x03
POS,0,9280,1.33,1.47,-0.21,69,x03
POS,0,9280,1.33,1.47,-0.26,65,x03
POS,0,9280,1.37,1.49,-0.10,75,x03
POS,0,9280,1.38,1.49,-0.14,85,x03
POS,0,9280,1.38,1.49,-0.14,90,x03
POS,0,9280,1.35,1.49,-0.18,72,x03
POS,0,9280,1.34,1.49,-0.16,93,x03
POS,0,9280,1.33,1.50,-0.07,87,x03
POS,0,9280,1.34,1.50,-0.09,89,x03
POS,0,9280,1.32,1.50,-0.17,62,x03
POS,0,9280,1.27,1.50,-0.18,69,x03
POS,0,9280,1.24,1.50,-0.19,74,x03
POS,0,9280,1.27,1.50,-0.13,91,x03
POS,0,9280,1.33,1.52,-0.02,78,x03
POS,0,9280,1.30,1.50,-0.10,66,x03
POS,0,9280,1.28,1.51,-0.17,63,x03
POS,0,9280,1.24,1.50,-0.17,76,x03
POS,0,9280,1.24,1.49,-0.20,74,x03
POS,0,9280,1.29,1.49,-0.10,86,x03
POS,0,9280,1.27,1.49,-0.14,78,x03
POS,0,9280,1.31,1.48,-0.19,73,x03
POS,0,9280,1.32,1.47,-0.26,57,x03
POS,0,9280,1.28,1.47,-0.27,70,x03
POS,0,9280,1.26,1.47,-0.29,68,x03
POS,0,9280,1.29,1.47,-0.27,87,x03
POS,0,9280,1.32,1.47,-0.27,83,x03
POS,0,9280,1.34,1.47,-0.25,89,x03
POS,0,9280,1.34,1.48,-0.13,87,x03
POS,0,9280,1.29,1.48,-0.15,75,x03
POS,0,9280,1.29,1.48,-0.21,64,x03
POS,0,9280,1.32,1.47,-0.11,89,x03
POS,0,9280,1.32,1.48,-0.04,91,x03
POS,0,9280,1.33,1.49,0.02,88,x03
POS,0,9280,1.27,1.49,-0.01,79,x03
POS,0,9280,1.30,1.49,-0.07,85,x03
POS,0,9280,1.33,1.48,-0.07,89,x03
POS,0,9280,1.36,1.49,-0.03,88,x03
POS,0,9280,1.36,1.48,-0.11,78,x03
POS,0,9280,1.32,1.49,-0.16,69,x03
POS,0,9280,1.34,1.49,-0.19,83,x03
POS,0,9280,1.35,1.50,-0.16,89,x03
POS,0,9280,1.36,1.49,-0.16,90,x03
POS,0,9280,1.35,1.50,-0.07,86,x03
POS,0,9280,1.29,1.51,-0.07,78,x03
POS,0,9280,1.33,1.51,0.03,77,x03
POS,0,9280,1.36,1.50,-0.02,87,x03
POS,0,9280,1.38,1.51,0.11,60,x03
POS,0,9280,1.37,1.52,0.15,81,x03
POS,0,9280,1.31,1.51,0.06,76,x03
POS,0,9280,1.32,1.51,0.00,90,x03
POS,0,9280,1.36,1.49,-0.06,85,x03
POS,0,9280,1.35,1.49,0.00,89,x03
POS,0,9280,1.35,1.49,-0.04,90,x03
POS,0,9280,1.31,1.49,-0.13,61,x03
POS,0,9280,1.31,1.48,-0.13,92,x03
POS,0,9280,1.27,1.48,-0.18,63,x03
POS,0,9280,1.32,1.48,-0.20,85,x03
POS,0,9280,1.27,1.48,-0.23,64,x03
POS,0,9280,1.30,1.48,-0.24,84,x03
POS,0,9280,1.27,1.47,-0.27,62,x03
POS,0,9280,1.30,1.46,-0.23,91,x03
POS,0,9280,1.30,1.47,-0.27,68,x03
POS,0,9280,1.27,1.48,-0.27,72,x03
POS,0,9280,1.28,1.49,-0.17,91,x03
POS,0,9280,1.32,1.48,-0.21,77,x03
POS,0,9280,1.34,1.47,-0.20,90,x03
POS,0,9280,1.34,1.49,-0.09,87,x03
POS,0,9280,1.36,1.49,-0.05,90,x03
POS,0,9280,1.37,1.49,0.04,77,x03
POS,0,9280,1.33,1.48,-0.05,69,x03
POS,0,9280,1.34,1.47,-0.09,88,x03
POS,0,9280,1.35,1.47,-0.17,68,x03
POS,0,9280,1.34,1.46,-0.02,62,x03
POS,0,9280,1.31,1.46,-0.09,70,x03
POS,0,9280,1.33,1.46,-0.01,84,x03
POS,0,9280,1.30,1.47,-0.09,68,x03
POS,0,9280,1.32,1.47,-0.12,88,x03
POS,0,9280,1.37,1.49,0.01,74,x03
POS,0,9280,1.34,1.47,-0.11,55,x03
POS,0,9280,1.31,1.47,-0.12,85,x03
POS,0,9280,1.31,1.48,-0.18,70,x03
POS,0,9280,1.32,1.47,-0.24,67,x03
POS,0,9280,1.32,1.47,-0.09,74,x03
POS,0,9280,1.32,1.47,-0.14,77,x03
POS,0,9280,1.34,1.48,-0.06,89,x03
POS,0,9280,1.30,1.48,-0.12,68,x03
POS,0,9280,1.29,1.49,-0.02,76,x03
POS,0,9280,1.35,1.51,0.07,75,x03
POS,0,9280,1.35,1.52,0.11,87,x03
POS,0,9280,1.38,1.51,0.03,83,x03
POS,0,9280,1.33,1.51,-0.02,80,x03
POS,0,9280,1.32,1.51,-0.12,65,x03
POS,0,9280,1.32,1.50,0.02,62,x03
POS,0,9280,1.32,1.48,-0.11,52,x03
POS,0,9280,1.27,1.48,-0.17,58,x03
POS,0,9280,1.30,1.48,-0.08,89,x03
POS,0,9280,1.28,1.48,-0.14,73,x03
POS,0,9280,1.28,1.47,-0.19,72,x03
POS,0,9280,1.30,1.46,-0.15,93,x03
POS,0,9280,1.31,1.47,-0.13,91,x03
POS,0,9280,1.28,1.48,-0.19,62,x03
POS,0,9280,1.33,1.49,-0.05,75,x03
POS,0,9280,1.36,1.48,-0.08,87,x03
POS,0,9280,1.34,1.48,0.01,80,x03
POS,0,9280,1.34,1.49,-0.04,89,x03
POS,0,9280,1.32,1.48,-0.11,74,x03
POS,0,9280,1.30,1.47,-0.17,66,x03
POS,0,9280,1.29,1.45,-0.02,58,x03
POS,0,9280,1.29,1.46,-0.12,65,x03
POS,0,9280,1.28,1.46,-0.15,78,x03
POS,0,9280,1.26,1.48,-0.21,62,x03
POS,0,9280,1.23,1.48,-0.24,62,x03
POS,0,9280,1.17,1.49,-0.26,70,x03
POS,0,9280,1.20,1.49,-0.21,94,x03
POS,0,9280,1.20,1.49,-0.24,65,x03
POS,0,9280,1.24,1.48,-0.04,50,x03
POS,0,9280,1.28,1.48,0.03,87,x03
POS,0,9280,1.30,1.48,0.15,50,x03
POS,0,9280,1.30,1.48,0.05,81,x03
POS,0,9280,1.32,1.48,0.08,89,x03
POS,0,9280,1.29,1.49,0.00,78,x03
POS,0,9280,1.28,1.48,-0.08,68,x03
POS,0,9280,1.26,1.47,-0.11,82,x03
POS,0,9280,1.30,1.49,0.02,70,x03
POS,0,9280,1.29,1.49,-0.08,62,x03
POS,0,9280,1.32,1.49,0.00,85,x03
POS,0,9280,1.29,1.49,-0.09,64,x03
POS,0,9280,1.30,1.50,-0.01,85,x03
POS,0,9280,1.27,1.50,-0.08,72,x03
POS,0,9280,1.30,1.50,-0.01,88,x03
POS,0,9280,1.26,1.50,-0.08,69,x03
POS,0,9280,1.25,1.50,-0.15,67,x03
POS,0,9280,1.24,1.50,-0.21,63,x03
POS,0,9280,1.25,1.49,-0.19,90,x03
POS,0,9280,1.30,1.49,-0.21,84,x03
POS,0,9280,1.31,1.48,-0.26,66,x03
POS,0,9280,1.28,1.48,-0.26,74,x03
POS,0,9280,1.26,1.49,-0.27,69,x03
POS,0,9280,1.27,1.50,-0.14,82,x03
POS,0,9280,1.26,1.49,-0.20,62,x03
POS,0,9280,1.26,1.46,0.02,74,x03
POS,0,9280,1.30,1.47,0.10,81,x03
POS,0,9280,1.37,1.50,0.21,52,x03
POS,0,9280,1.32,1.50,0.11,79,x03
POS,0,9280,1.34,1.49,0.06,91,x03
POS,0,9280,1.32,1.48,-0.04,70,x03
POS,0,9280,1.34,1.48,0.00,90,x03
POS,0,9280,1.33,1.48,0.05,88,x03
POS,0,9280,1.32,1.49,-0.06,65,x03
POS,0,9280,1.30,1.49,-0.12,77,x03
POS,0,9280,1.33,1.49,-0.02,83,x03
POS,0,9280,1.34,1.49,0.06,79,x03
POS,0,9280,1.34,1.49,0.11,85,x03
POS,0,9280,1.32,1.49,-0.00,69,x03
POS,0,9280,1.31,1.49,-0.04,91,x03
POS,0,9280,1.33,1.49,-0.04,91,x03
POS,0,9280,1.31,1.47,-0.15,50,x03
POS,0,9280,1.31,1.47,-0.22,64,x03
POS,0,9280,1.31,1.47,-0.03,52,x03
POS,0,9280,1.31,1.47,-0.05,93,x03
POS,0,9280,1.32,1.47,-0.01,91,x03
POS,0,9280,1.34,1.48,0.09,69,x03
POS,0,9280,1.33,1.48,-0.03,65,x03
POS,0,9280,1.34,1.47,-0.04,92,x03
POS,0,9280,1.35,1.47,-0.02,92,x03
POS,0,9280,1.35,1.47,-0.06,90,x03
POS,0,9280,1.34,1.48,0.07,56,x03
POS,0,9280,1.34,1.49,0.13,78,x03
POS,0,9280,1.31,1.48,0.01,69,x03
POS,0,9280,1.34,1.46,-0.06,84,x03
POS,0,9280,1.30,1.47,-0.13,64,x03
POS,0,9280,1.32,1.47,-0.14,89,x03
POS,0,9280,1.31,1.48,-0.20,68,x03
POS,0,9280,1.32,1.46,-0.28,53,x03
POS,0,9280,1.28,1.47,-0.28,71,x03
POS,0,9280,1.31,1.47,-0.24,89,x03
POS,0,9280,1.30,1.47,-0.28,66,x03
POS,0,9280,1.28,1.48,-0.28,74,x03
POS,0,9280,1.29,1.48,-0.29,75,x03
POS,0,9280,1.31,1.49,-0.25,90,x03
POS,0,9280,1.29,1.48,-0.26,75,x03
POS,0,9280,1.32,1.48,-0.20,90,x03
POS,0,9280,1.32,1.49,-0.10,88,x03
POS,0,9280,1.32,1.48,-0.20,56,x03
POS,0,9280,1.29,1.48,-0.24,62,x03
POS,0,9280,1.32,1.47,-0.23,89,x03
POS,0,9280,1.33,1.47,-0.20,92,x03
POS,0,9280,1.35,1.47,-0.03,60,x03
POS,0,9280,1.32,1.47,-0.11,71,x03
POS,0,9280,1.34,1.47,-0.16,80,x03
POS,0,9280,1.31,1.47,-0.21,65,x03
POS,0,9280,1.28,1.47,-0.22,73,x03
POS,0,9280,1.29,1.46,-0.13,93,x03
POS,0,9280,1.25,1.47,-0.15,74,x03
POS,0,9280,1.28,1.47,-0.17,86,x03
POS,0,9280,1.26,1.46,-0.21,70,x03
POS,0,9280,1.26,1.46,-0.25,63,x03
POS,0,9280,1.24,1.47,-0.20,87,x03
POS,0,9280,1.26,1.47,-0.13,93,x03
POS,0,9280,1.29,1.48,-0.04,87,x03
POS,0,9280,1.27,1.47,-0.09,77,x03
POS,0,9280,1.24,1.47,-0.14,67,x03
POS,0,9280,1.28,1.47,-0.11,90,x03
POS,0,9280,1.29,1.48,-0.09,93,x03
POS,0,9280,1.35,1.49,0.01,78,x03
POS,0,9280,1.32,1.50,-0.09,62,x03
POS,0,9280,1.33,1.50,-0.05,91,x03
POS,0,9280,1.30,1.50,-0.12,66,x03
POS,0,9280,1.33,1.50,-0.01,80,x03
