0.37	1.44	0.33		0.2972	1.4161
0.38	1.43	0.37			
0.35	1.43	0.41			
0.37	1.43	0.43			
0.33	1.41	0.41			
0.31	1.4	0.41			
0.28	1.38	0.38			
0.27	1.4	0.17			
0.3	1.41	0.16			
0.31	1.42	0.25			
0.31	1.42	0.32			
0.28	1.41	0.35			
0.29	1.43	0.29			
0.32	1.44	0.35			
0.31	1.44	0.34			
0.32	1.44	0.3			
0.33	1.44	0.29			
0.34	1.44	0.34			
0.32	1.43	0.32			
0.31	1.43	0.29			
0.3	1.43	0.26			
0.27	1.41	0.24			
0.31	1.42	0.32			
0.28	1.41	0.35			
0.31	1.42	0.3			
0.34	1.43	0.36			
0.34	1.44	0.4			
0.35	1.45	0.36			
0.34	1.45	0.4			
0.3	1.43	0.4			
0.28	1.44	0.4			
0.3	1.44	0.41			
0.31	1.44	0.42			
0.33	1.45	0.43			
0.35	1.46	0.46			
0.36	1.46	0.46			
0.36	1.46	0.48			
0.37	1.45	0.48			
0.36	1.44	0.48			
0.37	1.45	0.48			
0.4	1.45	0.49			
0.37	1.45	0.46			
0.36	1.45	0.4			
0.33	1.45	0.43			
0.29	1.43	0.38			
0.31	1.43	0.42			
0.28	1.42	0.39			
0.28	1.43	0.41			
0.31	1.43	0.33			
0.34	1.44	0.36			
0.31	1.43	0.37			
0.3	1.41	0.36			
0.33	1.42	0.32			
0.32	1.43	0.37			
0.31	1.44	0.42			
0.32	1.44	0.35			
0.28	1.42	0.32			
0.26	1.42	0.35			
0.28	1.43	0.29			
0.26	1.44	0.35			
0.3	1.44	0.27			
0.28	1.43	0.33			
0.3	1.43	0.38			
0.33	1.44	0.42			
0.33	1.44	0.35			
0.34	1.44	0.29			
0.31	1.44	0.31			
0.24	1.46	0.38			
0.23	1.45	0.38			
0.22	1.43	0.35			
0.26	1.43	0.33			
0.31	1.44	0.36			
0.32	1.44	0.39			
0.29	1.42	0.37			
0.28	1.43	0.41			
0.26	1.42	0.41			
0.24	1.4	0.37			
0.23	1.39	0.38			
0.29	1.41	0.16			
0.26	1.4	0.22			
0.29	1.4	0.04			
0.32	1.4	-0.1			
0.33	1.41	0.04			
0.36	1.4	0.16			
0.37	1.41	0.24			
0.35	1.42	0.29			
0.31	1.39	0.31			
0.26	1.38	0.25			
0.24	1.38	0.27			
0.29	1.4	0.09			
0.33	1.41	-0.04			
0.31	1.4	0.07			
0.34	1.42	0.18			
0.3	1.41	0.25			
0.31	1.42	0.21			
0.3	1.41	0.29			
0.31	1.43	0.35			
0.28	1.41	0.37			
0.3	1.42	0.41			
0.31	1.43	0.44			
0.28	1.42	0.43			
0.27	1.42	0.4			
0.29	1.42	0.43			
0.26	1.4	0.35			
0.28	1.41	0.38			
0.3	1.41	0.42			
0.27	1.39	0.38			
0.31	1.41	0.26			
0.28	1.39	0.2			
0.25	1.4	0.23			
0.3	1.41	0.04			
0.32	1.42	0.12			
0.32	1.43	0.16			
0.33	1.43	0.16			
0.36	1.44	0.25			
0.33	1.44	0.3			
0.36	1.44	0.32			
0.38	1.44	0.35			
0.38	1.44	0.39			
0.36	1.43	0.42			
0.38	1.43	0.45			
0.39	1.44	0.46			
0.39	1.45	0.48			
0.4	1.46	0.48			
0.36	1.44	0.43			
0.36	1.44	0.44			
0.35	1.44	0.35			
0.31	1.43	0.35			
0.33	1.43	0.37			
0.33	1.43	0.41			
0.36	1.44	0.44			
0.35	1.43	0.45			
0.33	1.43	0.4			
0.36	1.44	0.44			
0.32	1.44	0.45			
0.35	1.43	0.37			
0.35	1.44	0.4			
0.36	1.44	0.42			
0.36	1.45	0.37			
0.39	1.44	0.39			
0.39	1.44	0.38			
0.41	1.45	0.41			
0.4	1.45	0.34			
0.4	1.45	0.39			
0.41	1.45	0.4			
0.43	1.45	0.4			
0.36	1.43	0.37			
0.36	1.45	0.29			
0.37	1.46	0.36			
0.33	1.43	0.37			
0.35	1.44	0.42			
0.37	1.44	0.43			
0.34	1.44	0.44			
0.36	1.44	0.45			
0.32	1.41	0.42			
0.34	1.42	0.32			
0.32	1.42	0.36			
0.32	1.42	0.4			
0.34	1.43	0.42			
0.32	1.42	0.38			
0.26	1.41	0.35			
0.26	1.41	0.28			
0.25	1.41	0.24			
0.22	1.4	0.25			
0.23	1.4	0.31			
0.23	1.41	0.36			
0.24	1.4	0.36			
0.22	1.39	0.37			
0.22	1.4	0.4			
0.23	1.39	0.42			
0.22	1.36	0.38			
0.23	1.38	0.16			
0.25	1.39	-0.02			
0.27	1.4	-0.14			
0.3	1.42	-0.23			
0.33	1.43	-0.05			
0.33	1.44	0.09			
0.36	1.44	0.19			
0.37	1.44	0.24			
0.35	1.43	0.24			
0.31	1.41	0.3			
0.28	1.4	0.3			
0.29	1.4	0.09			
0.3	1.41	0.01			
0.29	1.41	0.04			
0.31	1.42	0.06			
0.32	1.43	0.07			
0.32	1.43	0.08			
0.33	1.45	0.19			
0.34	1.44	0.26			
0.35	1.44	0.2			
0.38	1.44	0.17			
0.34	1.43	0.25			
0.32	1.43	0.24			
0.29	1.42	0.31			
0.29	1.43	0.34			
0.28	1.41	0.36			
0.28	1.42	0.41			
0.26	1.41	0.42			
0.26	1.41	0.44			
0.29	1.42	0.47			
0.27	1.41	0.48			
0.27	1.41	0.49			
0.26	1.4	0.49			
0.25	1.41	0.47			
0.24	1.42	0.48			
0.22	1.4	0.41			
0.21	1.41	0.17			
0.21	1.41	0.18			
0.23	1.41	0.18			
0.24	1.41	0.18			
0.28	1.43	0.26			
0.27	1.41	0.32			
0.27	1.42	0.3			
0.28	1.42	0.28			
0.3	1.43	0.34			
0.33	1.43	0.39			
0.34	1.44	0.42			
0.31	1.44	0.34			
0.27	1.42	0.35			
0.26	1.43	0.31			
0.29	1.42	0.37			
0.32	1.43	0.4			
0.34	1.43	0.34			
0.35	1.42	0.36			
0.36	1.43	0.3			
0.38	1.43	0.35			
0.34	1.42	0.37			
0.3	1.39	0.35			
0.3	1.4	0.31			
0.34	1.41	0.37			
0.33	1.42	0.32			
0.35	1.42	0.25			
0.34	1.43	0.31			
0.34	1.44	0.25			
0.31	1.42	0.26			
0.31	1.42	0.33			
0.29	1.42	0.29			
0.32	1.43	0.35			
0.31	1.43	0.39			
0.34	1.44	0.31			
0.33	1.44	0.28			
0.32	1.44	0.28			
0.29	1.41	0.29			
0.26	1.41	0.31			
0.29	1.41	0.36			
0.27	1.42	0.4			
0.28	1.42	0.34			
0.27	1.42	0.38			
0.29	1.43	0.42			
0.26	1.41	0.39			
0.25	1.4	0.42			
0.25	1.41	0.18			
0.24	1.4	0.24			
0.26	1.41	0.05			
0.31	1.43	0.16			
0.29	1.41	0.21			
0.33	1.42	0.29			
0.3	1.42	0.35			
0.31	1.42	0.4			
0.31	1.42	0.41			
0.32	1.42	0.39			
0.29	1.41	0.38			
0.32	1.43	0.4			
0.32	1.43	0.35			
0.34	1.44	0.29			
0.29	1.4	0.28			
0.28	1.4	0.24			
0.31	1.41	0.3			
0.29	1.39	0.31			
0.3	1.4	0.21			
0.29	1.41	0.03			
0.29	1.42	0.07			
0.32	1.42	0.18			
0.29	1.42	0.26			
0.3	1.42	0.33			
0.32	1.42	0.26			
0.29	1.41	0.32			
0.33	1.42	0.37			
0.31	1.42	0.31			
0.31	1.43	0.3			
0.33	1.43	0.35			
0.33	1.43	0.37			
0.33	1.43	0.3			
0.3	1.41	0.32			
0.29	1.42	0.37			
0.25	1.4	0.38			
0.3	1.42	0.4			
0.28	1.41	0.39			
0.32	1.42	0.42			
0.35	1.43	0.45			
0.35	1.43	0.46			
0.35	1.43	0.46			
0.37	1.42	0.47			
0.38	1.43	0.48			
0.35	1.44	0.4			
0.32	1.42	0.42			
0.32	1.41	0.43			
0.25	1.39	0.46			
0.25	1.39	0.34			
0.24	1.39	0.21			
0.22	1.38	0.17			
0.22	1.37	0.23			
0.21	1.37	0.27			
0.25	1.39	0.07			
0.29	1.41	-0.06			
0.32	1.41	0.09			
0.33	1.42	0.17			
0.31	1.4	0.2			
0.26	1.38	0.28			
0.3	1.4	0.08			
0.33	1.42	0.1			
0.3	1.4	0.18			
0.28	1.39	0.23			
0.26	1.37	0.25			
0.25	1.37	0.29			
0.27	1.4	0.08			
0.25	1.39	0.16			
0.24	1.38	0.21			
0.24	1.38	0.26			
0.3	1.41	0.06			
0.33	1.42	0.16			
0.3	1.43	0.21			
0.32	1.44	0.2			
0.3	1.42	0.27			
0.3	1.43	0.34			
0.28	1.43	0.37			
0.25	1.42	0.36			
0.27	1.43	0.41			
0.27	1.44	0.35			
0.28	1.44	0.39			
0.25	1.43	0.41			
0.26	1.43	0.35			
0.29	1.44	0.29			
0.3	1.44	0.36			
0.32	1.44	0.38			
0.33	1.44	0.33			
0.33	1.44	0.3			
0.34	1.44	0.34			
0.35	1.44	0.39			
0.36	1.44	0.43			
0.3	1.42	0.43			
0.33	1.43	0.37			
0.32	1.43	0.33			
0.35	1.44	0.28			
0.36	1.44	0.33			
0.36	1.44	0.37			
0.33	1.44	0.4			
0.33	1.42	0.42			
0.32	1.42	0.44			
0.34	1.43	0.46			
0.36	1.43	0.4			
0.34	1.41	0.41			
0.36	1.43	0.42			
0.36	1.43	0.44			
0.35	1.43	0.33			
0.29	1.41	0.29			
0.32	1.42	0.26			
0.29	1.42	0.32			
0.31	1.42	0.37			
0.34	1.43	0.31			
0.31	1.41	0.35			
0.28	1.4	0.38			
0.28	1.42	0.42			
0.27	1.41	0.38			
0.29	1.42	0.42			
0.27	1.4	0.39			
0.3	1.42	0.35			
0.33	1.43	0.31			
0.28	1.4	0.37			
0.28	1.41	0.4			
0.26	1.39	0.36			
0.3	1.4	0.23			
0.27	1.41	0.23			
0.27	1.42	0.21			
0.3	1.43	0.29			
0.29	1.41	0.32			
0.26	1.4	0.33			
0.23	1.4	0.33			
0.21	1.4	0.34			
0.22	1.41	0.39			
0.21	1.42	0.43			
0.23	1.42	0.37			
0.26	1.43	0.29			
0.27	1.43	0.26			
0.27	1.43	0.26			
0.31	1.44	0.31			
0.31	1.44	0.32			
0.32	1.44	0.29			
0.34	1.44	0.36			
0.33	1.44	0.4			
0.33	1.44	0.35			
0.33	1.43	0.29			
0.32	1.42	0.33			
0.34	1.42	0.39			
0.3	1.4	0.31			
0.3	1.41	0.37			
0.26	1.39	0.35			
0.3	1.41	0.23			
0.3	1.4	0.29			
0.28	1.41	0.24			
0.33	1.41	0.32			
0.33	1.43	0.37			
0.29	1.43	0.39			
0.29	1.44	0.32			
0.26	1.42	0.35			
0.25	1.41	0.39			
0.25	1.41	0.35			
0.26	1.42	0.31			
0.26	1.42	0.28			
0.27	1.43	0.33			
0.25	1.43	0.38			
0.25	1.43	0.42			
0.28	1.43	0.32			
0.32	1.44	0.37			
0.31	1.42	0.38			
0.32	1.41	0.42			
0.3	1.39	0.38			
0.31	1.4	0.17			
0.34	1.42	0.24			
0.35	1.43	0.21			
0.32	1.41	0.27			
0.28	1.38	0.28			
0.29	1.4	0.18			
0.29	1.4	0.01			
0.26	1.41	-0.12			
0.3	1.41	0.03			
0.33	1.42	0.15			
0.31	1.43	0.25			
0.33	1.43	0.31			
0.32	1.42	0.28			
0.33	1.42	0.33			
0.31	1.41	0.29			
0.33	1.42	0.29			
0.34	1.44	0.34			
0.35	1.44	0.29			
0.3	1.42	0.3			
0.32	1.44	0.35			
0.36	1.44	0.29			
0.39	1.44	0.28			
0.38	1.44	0.34			
0.39	1.45	0.37			
0.39	1.45	0.32			
0.33	1.45	0.33			
0.36	1.45	0.3			
0.36	1.45	0.34			
0.31	1.42	0.34			
0.27	1.41	0.37			
0.27	1.4	0.41			
0.26	1.4	0.44			
0.24	1.39	0.43			
0.22	1.39	0.44			
0.23	1.39	0.36			
0.26	1.41	0.15			
0.26	1.42	0.16			
0.25	1.41	0.23			
0.24	1.4	0.29			
0.25	1.4	0.25			
0.28	1.4	0.05			
0.28	1.4	0.15			
0.3	1.41	0.25			
0.29	1.41	0.23			
0.27	1.4	0.27			
0.3	1.4	0.09			
0.32	1.4	-0.07			
0.35	1.41	-0.15			
0.35	1.42	0.02			
0.3	1.4	0.07			
0.29	1.4	0.14			
0.3	1.41	0.09			
0.32	1.42	0.09			
0.3	1.42	0.2			
0.32	1.42	0.28			
0.29	1.41	0.31			
0.32	1.42	0.36			
0.28	1.4	0.38			
0.27	1.39	0.4			
0.29	1.4	0.28			
0.25	1.41	0.09			
0.25	1.41	0.2			
0.26	1.41	0.2			
0.29	1.42	0.28			
0.29	1.42	0.24			
0.31	1.42	0.31			
0.3	1.43	0.35			
0.33	1.43	0.4			
0.33	1.44	0.33			
0.31	1.43	0.29			
0.33	1.43	0.34			
0.35	1.42	0.36			
0.33	1.42	0.4			
0.31	1.41	0.41			
0.29	1.4	0.42			
0.3	1.41	0.36			
0.29	1.4	0.38			
0.27	1.41	0.33			
0.3	1.42	0.27			
0.3	1.42	0.24			
0.27	1.41	0.25			
0.29	1.42	0.32			
0.27	1.42	0.29			
0.24	1.4	0.28			
0.28	1.41	0.34			
0.26	1.4	0.36			
0.28	1.41	0.3			
0.31	1.42	0.36			
0.3	1.43	0.33			
0.32	1.43	0.38			
0.27	1.4	0.41			
0.28	1.38	0.4			
0.31	1.41	0.23			
0.27	1.38	0.23			
0.32	1.4	0.04			
0.3	1.41	0.02			
0.31	1.42	0.06			
0.3	1.42	0.17			
0.3	1.43	0.25			
0.32	1.43	0.32			
0.36	1.44	0.36			
0.32	1.42	0.36			
0.31	1.41	0.32			
0.28	1.42	0.28			
0.27	1.4	0.27			
0.27	1.4	0.17			
0.31	1.41	0.26			
0.29	1.41	0.22			
0.32	1.42	0.29			
0.27	1.43	0.34			
0.3	1.43	0.38			
0.29	1.42	0.41			
0.32	1.43	0.43			
0.29	1.42	0.42			
0.31	1.43	0.45			
0.32	1.43	0.37			
0.33	1.43	0.36			
0.37	1.45	0.39			
0.38	1.45	0.42			
0.37	1.45	0.44			
0.37	1.45	0.39			
0.34	1.44	0.32			
0.33	1.43	0.37			
0.34	1.44	0.31			
0.31	1.42	0.32			
0.33	1.42	0.37			
0.33	1.42	0.33			
0.32	1.43	0.3			
0.29	1.41	0.32			
0.29	1.42	0.33			
0.28	1.42	0.37			
0.26	1.41	0.37			
0.29	1.42	0.4			
0.28	1.4	0.39			
0.31	1.41	0.33			
0.32	1.42	0.31			
0.34	1.44	0.37			
0.3	1.41	0.35			
0.29	1.41	0.38			
0.26	1.4	0.35			
0.29	1.41	0.12			
0.28	1.41	0.18			
0.28	1.4	0.22			
0.25	1.39	0.29			
0.23	1.4	0.33			
0.28	1.42	0.13			
0.26	1.4	0.17			
0.29	1.42	0.01			
0.33	1.42	0.06			
0.3	1.39	0.14			
0.28	1.4	0.08			
0.29	1.41	0.17			
0.3	1.42	0.18			
0.29	1.4	0.22			
0.26	1.42	0.26			
0.3	1.43	0.32			
0.3	1.43	0.27			
0.34	1.43	0.31			
0.35	1.44	0.26			
0.31	1.42	0.23			
0.29	1.43	0.22			
0.27	1.43	0.28			
0.27	1.42	0.33			
0.26	1.43	0.3			
0.31	1.44	0.36			
0.27	1.42	0.34			
0.25	1.41	0.36			
0.23	1.4	0.37			
0.22	1.39	0.35			
0.24	1.41	0.22			
0.25	1.41	0.23			
0.28	1.42	0.31			
0.32	1.42	0.34			
0.33	1.43	0.29			
0.34	1.44	0.35			
0.33	1.43	0.3			
0.29	1.43	0.35			
0.29	1.42	0.4			
0.31	1.42	0.43			
0.31	1.42	0.46			
0.3	1.43	0.47			
0.28	1.41	0.47			
0.26	1.4	0.41			
0.25	1.4	0.43			
0.22	1.4	0.41			
0.2	1.38	0.41			
0.22	1.37	0.42			
0.19	1.37	0.38			
0.19	1.37	0.35			
0.2	1.39	0.25			
0.19	1.39	0.28			
0.24	1.41	0.1			
0.29	1.41	0.21			
0.25	1.42	0.24			
0.24	1.41	0.26			
0.24	1.41	0.24			
0.28	1.42	0.2			
0.29	1.42	0.18			
0.29	1.42	0.2			
0.3	1.43	0.26			
0.28	1.41	0.21			
0.26	1.4	0.28			
0.26	1.4	0.16			
0.25	1.39	0.22			
0.26	1.41	0.09			
0.26	1.42	0.08			
0.26	1.43	0.19			
0.23	1.41	0.18			
0.22	1.38	0.21			
0.2	1.36	0.24			
0.24	1.4	0.14			
0.29	1.41	0.06			
0.29	1.41	0.12			
0.28	1.4	0.21			
0.31	1.42	0.21			
0.29	1.41	0.28			
0.32	1.42	0.3			
0.34	1.42	0.27			
0.31	1.42	0.33			
0.29	1.43	0.31			
0.28	1.44	0.28			
0.31	1.45	0.35			
0.33	1.45	0.31			
0.33	1.45	0.29			
0.29	1.43	0.34			
0.31	1.43	0.36			
0.28	1.41	0.3			
0.29	1.41	0.26			
0.33	1.41	0.3			
0.26	1.43	0.26			
0.29	1.44	0.31			
0.26	1.43	0.35			
0.26	1.41	0.37			
0.24	1.39	0.37			
0.27	1.41	0.14			
0.28	1.41	0.15			
0.3	1.42	0.24			
0.33	1.42	0.3			
0.31	1.43	0.31			
0.27	1.41	0.26			
0.31	1.42	0.31			
0.28	1.4	0.29			
0.26	1.41	0.25			
0.25	1.39	0.3			
0.26	1.39	0.17			
0.24	1.39	0.21			
0.28	1.41	0.11			
0.25	1.39	0.12			
0.23	1.39	0.18			
0.21	1.38	0.22			
0.24	1.39	0.21			
0.22	1.41	0.03			
0.26	1.42	0.06			
0.25	1.42	0.18			
0.22	1.41	0.21			
0.28	1.41	0.18			
0.31	1.42	0.27			
0.31	1.42	0.33			
0.34	1.42	0.38			
0.35	1.43	0.42			
0.36	1.43	0.43			
0.39	1.43	0.43			
0.38	1.44	0.35			
0.33	1.41	0.35			
0.31	1.41	0.39			
0.34	1.42	0.41			
0.31	1.41	0.39			
0.31	1.42	0.42			
0.3	1.41	0.43			
0.28	1.4	0.42			
0.34	1.41	0.2			
0.3	1.38	0.21			
0.29	1.39	0.1			
0.26	1.39	0.19			
0.21	1.38	0.23			
0.27	1.4	0.04			
0.3	1.41	-0.1			
0.28	1.41	0.04			
0.23	1.4	0.08			
0.2	1.38	0.1			
0.25	1.4	0.02			
0.22	1.39	0.12			
0.25	1.41	-0.03			
0.27	1.41	0.11			
0.25	1.4	0.21			
0.26	1.42	0.29			
0.26	1.42	0.34			
0.28	1.42	0.38			
0.28	1.42	0.41			
0.25	1.4	0.41			
0.24	1.39	0.39			
0.22	1.39	0.41			
0.26	1.41	0.19			
0.24	1.4	0.25			
0.27	1.41	0.3			
0.28	1.41	0.32			
0.31	1.42	0.36			
0.32	1.43	0.32			
0.34	1.43	0.28			
0.35	1.43	0.34			
0.37	1.43	0.28			
0.32	1.44	0.32			
0.29	1.41	0.32			
0.32	1.42	0.27			
0.3	1.42	0.34			
0.3	1.43	0.32			
0.31	1.43	0.28			
0.3	1.42	0.34			
0.28	1.4	0.36			
0.27	1.41	0.3			
0.22	1.39	0.27			
0.22	1.38	0.3			
0.21	1.38	0.33			
0.21	1.37	0.36			
0.22	1.39	0.2			
0.22	1.4	0.03			
0.24	1.41	-0.11			
0.23	1.39	0.02			
0.28	1.4	-0.12			
0.28	1.4	0.04			
0.29	1.41	0.07			
0.32	1.42	0.1			
0.31	1.41	0.17			
0.31	1.41	0.19			
0.29	1.4	0.24			
0.27	1.41	0.1			
0.28	1.41	0.15			
0.32	1.42	0.14			
0.34	1.43	0.24			
0.3	1.41	0.28			
0.31	1.42	0.32			
0.29	1.42	0.35			
0.3	1.42	0.29			
0.26	1.41	0.3			
0.27	1.41	0.24			
0.26	1.4	0.3			
0.3	1.42	0.23			
0.28	1.4	0.3			
0.28	1.41	0.26			
0.27	1.39	0.32			
0.25	1.39	0.35			
0.29	1.41	0.21			
0.26	1.39	0.24			
0.25	1.38	0.29			
0.28	1.4	0.18			
0.31	1.4	0.02			
0.27	1.4	0.11			
0.31	1.41	0.07			
0.29	1.41	0.14			
0.28	1.41	0.16			
0.3	1.41	0.25			
0.28	1.39	0.3			
0.31	1.41	0.09			
0.27	1.38	0.09			
0.23	1.38	0.17			
0.27	1.39	0.01			
0.29	1.39	-0.03			
0.26	1.39	0.1			
0.31	1.4	-0.05			
0.31	1.41	0.03			
0.3	1.42	0.07			
0.29	1.4	0.16			
0.3	1.42	0.18			
0.29	1.41	0.23			
0.33	1.42	0.3			
0.3	1.4	0.29			
0.31	1.41	0.24			
0.33	1.38	0.31			
0.31	1.4	0.1			
0.29	1.4	0.2			
0.28	1.41	0.02			
0.29	1.42	0.09			
0.26	1.41	0.16			
0.31	1.42	0.18			
0.28	1.4	0.19			
0.28	1.4	0.17			
0.28	1.4	0.16			
0.29	1.41	0.18			
0.32	1.42	0.17			
0.34	1.42	0.24			
0.31	1.41	0.3			
0.29	1.4	0.33			
0.26	1.39	0.35			
0.27	1.41	0.18			
0.29	1.42	0.24			
0.27	1.4	0.28			
0.29	1.41	0.35			
0.27	1.4	0.39			
0.27	1.41	0.38			
0.26	1.4	0.39			
0.29	1.41	0.25			
0.28	1.4	0.31			
0.31	1.41	0.28			
0.28	1.4	0.33			
0.32	1.41	0.14			
0.29	1.4	0.21			
0.31	1.42	0.19			
0.29	1.41	0.22			
0.31	1.42	0.31			
0.31	1.43	0.25			
0.36	1.44	0.23			
0.32	1.42	0.27			
0.33	1.43	0.24			
0.3	1.42	0.23			
0.32	1.42	0.3			
0.32	1.42	0.28			
0.31	1.42	0.27			
0.33	1.42	0.2			
0.32	1.43	0.17			
0.3	1.42	0.26			
0.31	1.43	0.26			
0.3	1.43	0.24			
0.34	1.43	0.21			
0.33	1.42	0.21			
0.34	1.43	0.21			
0.31	1.41	0.24			
0.28	1.39	0.29			
0.29	1.4	0.15			
0.32	1.41	0.25			
0.29	1.39	0.27			
0.26	1.38	0.28			
0.24	1.38	0.28			
0.26	1.39	0.27			
0.27	1.4	0.13			
0.25	1.39	0.21			
0.23	1.39	0.22			
0.28	1.4	0.05			
0.27	1.4	0.15			
0.26	1.39	0.12			
0.28	1.41	0.02			
0.31	1.41	0.15			
0.3	1.4	0.17			
0.29	1.41	0.18			
0.32	1.42	0.17			
0.3	1.43	0.18			
0.27	1.41	0.23			
0.32	1.42	0.31			
0.3	1.41	0.36			
0.33	1.42	0.39			
0.31	1.42	0.31			
0.31	1.43	0.28			
0.3	1.42	0.27			
0.3	1.42	0.33			
0.29	1.42	0.28			
0.3	1.41	0.34			
0.31	1.41	0.39			
0.3	1.41	0.31			
0.28	1.41	0.33			
0.32	1.41	0.37			
0.34	1.42	0.34			
0.3	1.4	0.31			
0.3	1.41	0.36			
0.3	1.41	0.35			
0.29	1.41	0.28			
0.28	1.39	0.31			
0.26	1.38	0.33			
0.28	1.4	0.17			
0.32	1.41	0.17			
0.31	1.41	0.16			
0.33	1.42	0.23			
0.3	1.43	0.24			
0.31	1.43	0.23			
0.32	1.42	0.2			
0.3	1.4	0.27			
0.32	1.41	0.22			
0.3	1.42	0.29			
0.34	1.43	0.28			
0.33	1.43	0.3			
0.31	1.41	0.34			
0.28	1.4	0.37			
0.26	1.39	0.37			
0.28	1.41	0.17			
0.27	1.4	0.23			
0.28	1.41	0.07			
0.28	1.42	0.14			
0.28	1.4	0.21			
0.26	1.39	0.24			
0.29	1.41	0.05			
0.26	1.4	0.13			
0.26	1.4	0.23			
0.29	1.42	0.22			
0.28	1.41	0.29			
0.29	1.41	0.33			
0.28	1.42	0.27			
0.27	1.41	0.33			
0.31	1.41	0.37			
0.33	1.42	0.32			
0.35	1.43	0.36			
0.31	1.41	0.36			
0.29	1.42	0.41			
0.33	1.43	0.35			
0.36	1.43	0.39			
0.34	1.43	0.36			
0.3	1.41	0.31			
0.29	1.41	0.36			
0.29	1.39	0.35			
0.26	1.39	0.33			
0.29	1.41	0.11			
0.26	1.4	0.2			
0.25	1.4	0.17			
0.31	1.41	0.01			
0.34	1.41	0.1			
0.31	1.41	0.09			
0.32	1.42	0.1			
0.34	1.43	0.19			
0.32	1.4	0.22			
0.35	1.41	0.29			
0.33	1.42	0.27			
0.32	1.42	0.34			
0.34	1.43	0.37			
0.32	1.42	0.41			
0.33	1.43	0.38			
0.29	1.4	0.35			
0.25	1.39	0.32			
0.24	1.4	0.13			
0.29	1.41	0.22			
0.26	1.4	0.26			
0.25	1.4	0.07			
0.27	1.41	0.19			
0.31	1.42	0.26			
0.28	1.41	0.29			
0.28	1.42	0.29			
0.28	1.41	0.31			
0.31	1.42	0.28			
0.29	1.4	0.33			
0.29	1.41	0.29			
0.33	1.42	0.34			
0.31	1.42	0.37			
0.34	1.43	0.34			
0.32	1.41	0.36			
0.29	1.41	0.38			
0.32	1.42	0.41			
0.3	1.41	0.4			
0.28	1.4	0.41			
0.28	1.4	0.26			
0.26	1.39	0.26			
0.24	1.39	0.28			
0.28	1.41	0.09			
0.27	1.41	0.11			
0.25	1.4	0.19			
0.25	1.41	0.24			
0.25	1.41	0.32			
0.24	1.4	0.32			
0.24	1.39	0.34			
0.29	1.4	0.15			
0.3	1.41	0.08			
0.32	1.42	0.18			
0.31	1.43	0.18			
0.28	1.41	0.21			
0.29	1.42	0.21			
0.25	1.41	0.22			
0.26	1.42	0.2			
0.29	1.43	0.28			
0.25	1.42	0.33			
0.27	1.43	0.37			
0.25	1.43	0.4			
0.23	1.41	0.38			
0.26	1.41	0.41			
0.3	1.41	0.42			
0.32	1.42	0.44			
0.31	1.42	0.44			
0.34	1.43	0.45			
0.34	1.43	0.38			
0.32	1.41	0.4			
0.33	1.41	0.43			
0.34	1.42	0.34			
0.37	1.43	0.36			
0.37	1.44	0.41			
0.35	1.44	0.34			
0.36	1.44	0.38			
0.34	1.43	0.42			
0.33	1.43	0.38			
0.28	1.4	0.36			
0.25	1.39	0.36			
0.27	1.4	0.15			
0.27	1.42	0.22			
0.28	1.42	0.2			
0.27	1.4	0.27			
0.26	1.38	0.29			
0.29	1.4	0.09			
0.26	1.4	0.12			
0.24	1.38	0.15			
0.28	1.4	-0.01			
0.33	1.41	-0.13			
0.31	1.42	-0.04			
0.34	1.43	0.07			
0.35	1.42	0.14			
0.31	1.41	0.2			
0.29	1.41	0.22			
0.31	1.41	0.3			
0.31	1.42	0.29			
0.35	1.43	0.34			
0.34	1.43	0.35			
0.35	1.43	0.31			
0.33	1.43	0.29			
0.36	1.43	0.35			
0.35	1.44	0.39			
0.35	1.45	0.42			
0.31	1.42	0.42			
0.29	1.42	0.38			
0.32	1.42	0.39			
0.35	1.43	0.41			
0.32	1.42	0.42			
0.32	1.42	0.45			
0.35	1.42	0.45			
0.33	1.43	0.41			
0.32	1.43	0.34			
0.35	1.43	0.36			
0.34	1.42	0.4			
0.3	1.41	0.4			
0.27	1.41	0.42			
0.31	1.43	0.43			
0.33	1.43	0.45			
0.32	1.44	0.47			
0.3	1.42	0.47			
0.28	1.41	0.46			
0.26	1.41	0.47			
0.25	1.4	0.47			
0.23	1.38	0.44			
0.57	1.48	-0.39			
0.56	1.47	-0.21			
0.53	1.46	-0.11			
0.52	1.45	0.04			
0.53	1.46	0			
0.52	1.45	0.03			
0.53	1.46	-0.11			
0.54	1.46	-0.21			
0.53	1.46	-0.22			
0.55	1.45	-0.19			
0.59	1.47	-0.25			
0.57	1.47	-0.26			
0.6	1.47	-0.29			
0.56	1.47	-0.17			
0.56	1.47	-0.26			
0.56	1.46	-0.17			
0.58	1.46	-0.26			
0.58	1.46	-0.32			
0.55	1.46	-0.17			
0.54	1.46	-0.15			
0.57	1.46	-0.23			
0.57	1.47	-0.3			
0.55	1.46	-0.2			
0.52	1.45	-0.22			
0.5	1.45	-0.12			
0.54	1.46	-0.21			
0.53	1.45	-0.1			
0.55	1.46	-0.19			
0.53	1.46	-0.11			
0.53	1.46	-0.13			
0.51	1.46	0.02			
0.5	1.45	0.04			
0.54	1.46	0.14			
0.52	1.46	0.03			
0.54	1.46	-0.08			
0.53	1.46	-0.11			
0.53	1.45	-0.2			
0.52	1.45	-0.13			
0.51	1.45	-0.23			
0.54	1.46	-0.27			
0.57	1.47	-0.32			
0.57	1.47	-0.35			
0.58	1.48	-0.38			
0.56	1.47	-0.42			
0.52	1.45	-0.23			
0.51	1.44	-0.05			
0.54	1.45	-0.15			
0.51	1.44	0			
0.49	1.44	-0.13			
0.5	1.45	0.02			
0.55	1.46	-0.08			
0.53	1.45	0.06			
0.5	1.44	0.16			
0.49	1.45	0			
0.49	1.45	0.02			
0.48	1.45	0.06			
0.53	1.46	0.17			
0.5	1.45	0.24			
0.54	1.45	0.3			
0.53	1.45	0.27			
0.51	1.44	0.21			
0.5	1.44	0.19			
0.53	1.45	0.01			
0.51	1.44	-0.07			
0.53	1.46	-0.09			
0.55	1.46	-0.18			
0.58	1.47	-0.26			
0.59	1.46	-0.3			
0.56	1.46	-0.21			
0.55	1.46	-0.13			
0.52	1.44	0.02			
0.5	1.43	0.14			
0.54	1.44	-0.01			
0.55	1.44	0.06			
0.55	1.44	-0.07			
0.54	1.44	-0.18			
0.57	1.44	-0.25			
0.59	1.46	-0.32			
0.57	1.46	-0.38			
0.57	1.46	-0.4			
0.57	1.46	-0.33			
0.53	1.44	-0.15			
0.55	1.46	-0.24			
0.58	1.46	-0.26			
0.59	1.47	-0.33			
0.56	1.46	-0.19			
0.58	1.47	-0.18			
0.57	1.47	-0.27			
0.58	1.47	-0.24			
0.55	1.47	-0.25			
0.57	1.48	-0.31			
0.57	1.48	-0.36			
0.57	1.48	-0.38			
0.57	1.48	-0.42			
0.57	1.49	-0.44			
0.53	1.45	-0.25			
0.55	1.45	-0.3			
0.53	1.44	-0.18			
0.52	1.44	-0.18			
0.5	1.43	-0.03			
0.49	1.42	0			
0.51	1.43	0.12			
0.51	1.44	0.08			
0.54	1.46	-0.04			
0.52	1.46	-0.17			
0.51	1.46	-0.08			
0.5	1.46	-0.12			
0.52	1.46	0.02			
0.53	1.46	-0.11			
0.52	1.46	-0.02			
0.54	1.46	-0.14			
0.53	1.46	-0.05			
0.55	1.47	-0.15			
0.53	1.47	-0.17			
0.56	1.47	-0.23			
0.57	1.47	-0.28			
0.54	1.44	-0.12			
0.55	1.46	-0.22			
0.58	1.46	-0.29			
0.54	1.46	-0.15			
0.55	1.45	-0.08			
0.52	1.45	-0.03			
0.53	1.46	-0.14			
0.54	1.46	-0.17			
0.53	1.45	-0.17			
0.55	1.46	-0.25			
0.55	1.46	-0.32			
0.57	1.46	-0.37			
0.57	1.47	-0.41			
0.59	1.46	-0.43			
0.56	1.44	-0.2			
0.58	1.45	-0.25			
0.6	1.47	-0.29			
0.56	1.45	-0.12			
0.52	1.44	0.02			
0.54	1.46	-0.12			
0.52	1.44	-0.02			
0.5	1.46	-0.15			
0.52	1.45	-0.24			
0.5	1.45	-0.13			
0.51	1.46	-0.06			
0.51	1.46	-0.02			
0.5	1.45	0.02			
0.51	1.45	0.03			
0.5	1.45	0.15			
0.52	1.45	0.25			
0.51	1.44	0.3			
0.53	1.45	0.12			
0.51	1.45	0.15			
0.49	1.43	0.22			
0.51	1.45	0.3			
0.57	1.46	0.11			
0.58	1.45	-0.04			
0.59	1.47	-0.15			
0.6	1.47	-0.23			
0.56	1.45	-0.07			
0.53	1.44	0.05			
0.55	1.45	-0.08			
0.56	1.46	-0.2			
0.52	1.44	-0.03			
0.54	1.44	-0.05			
0.54	1.44	-0.02			
0.55	1.45	-0.14			
0.55	1.44	-0.22			
0.57	1.44	-0.29			
0.56	1.44	-0.23			
0.53	1.43	-0.06			
0.55	1.44	-0.18			
0.55	1.45	-0.27			
0.53	1.44	-0.17			
0.51	1.43	-0.01			
0.53	1.43	-0.12			
0.54	1.44	-0.14			
0.51	1.43	0.02			
0.55	1.44	-0.08			
0.54	1.45	-0.05			
0.57	1.46	-0.06			
0.56	1.45	0.01			
0.56	1.45	-0.13			
0.56	1.46	-0.16			
0.54	1.45	-0.18			
0.54	1.46	-0.19			
0.51	1.45	-0.02			
0.5	1.45	-0.06			
0.5	1.45	0.09			
0.54	1.44	-0.06			
0.55	1.45	-0.18			
0.52	1.44	-0.03			
0.52	1.44	-0.08			
0.54	1.44	-0.18			
0.54	1.45	-0.27			
0.55	1.45	-0.31			
0.53	1.45	-0.19			
0.5	1.44	-0.05			
0.49	1.44	0.09			
0.49	1.44	0.09			
0.5	1.44	0.2			
0.52	1.44	0.27			
0.51	1.45	0.16			
0.53	1.46	-0.01			
0.54	1.47	-0.13			
0.57	1.47	-0.23			
0.59	1.48	-0.28			
0.58	1.47	-0.32			
0.55	1.46	-0.12			
0.55	1.46	-0.22			
0.57	1.47	-0.16			
0.56	1.47	-0.24			
0.57	1.48	-0.3			
0.57	1.48	-0.36			
0.55	1.47	-0.24			
0.53	1.47	-0.24			
0.55	1.48	-0.31			
0.55	1.47	-0.2			
0.54	1.47	-0.29			
0.55	1.47	-0.35			
0.58	1.47	-0.4			
0.57	1.46	-0.37			
0.54	1.46	-0.23			
0.56	1.45	-0.28			
0.54	1.45	-0.15			
0.53	1.46	-0.19			
0.53	1.47	-0.23			
0.54	1.47	-0.3			
0.52	1.47	-0.2			
0.53	1.46	-0.11			
0.49	1.47	-0.18			
0.53	1.47	-0.04			
0.51	1.46	-0.12			
0.5	1.46	0.03			
0.51	1.46	0.05			
0.53	1.46	-0.09			
0.52	1.45	0.07			
0.55	1.46	-0.04			
0.53	1.45	0.07			
0.5	1.44	0.16			
0.51	1.45	0.01			
0.5	1.45	-0.13			
0.51	1.46	0.03			
0.52	1.46	-0.01			
0.54	1.47	-0.13			
0.56	1.47	-0.2			
0.52	1.47	-0.26			
0.53	1.47	-0.33			
0.57	1.48	-0.36			
0.56	1.47	-0.35			
0.54	1.47	-0.33			
0.54	1.46	-0.37			
0.53	1.45	-0.24			
0.53	1.45	-0.11			
0.54	1.44	-0.22			
0.53	1.43	-0.06			
0.52	1.43	0			
0.54	1.43	-0.1			
0.55	1.45	-0.21			
0.56	1.46	-0.29			
0.58	1.47	-0.34			
0.56	1.46	-0.19			
0.54	1.46	-0.28			
0.56	1.47	-0.34			
0.56	1.47	-0.35			
0.57	1.48	-0.39			
0.59	1.48	-0.38			
0.6	1.48	-0.38			
0.59	1.49	-0.42			
0.56	1.48	-0.29			
0.55	1.47	-0.12			
0.56	1.48	-0.21			
0.55	1.48	-0.12			
0.56	1.48	-0.21			
0.53	1.46	-0.05			
0.53	1.45	-0.17			
0.52	1.46	-0.09			
0.53	1.47	-0.2			
0.51	1.47	-0.12			
0.56	1.47	-0.19			
0.56	1.46	-0.26			
0.53	1.46	-0.16			
0.54	1.46	-0.22			
0.53	1.46	-0.19			
0.55	1.47	-0.27			
0.53	1.46	-0.16			
0.52	1.45	-0.03			
0.53	1.45	-0.14			
0.53	1.46	-0.24			
0.54	1.46	-0.32			
0.55	1.47	-0.36			
0.57	1.47	-0.38			
0.56	1.47	-0.42			
0.53	1.45	-0.2			
0.52	1.45	-0.09			
0.52	1.46	-0.14			
0.53	1.46	-0.23			
0.5	1.46	-0.12			
0.52	1.47	0.04			
0.54	1.48	-0.08			
0.55	1.48	-0.19			
0.53	1.48	-0.09			
0.49	1.45	0.05			
0.49	1.45	0.06			
0.52	1.46	0.16			
0.55	1.46	0.02			
0.56	1.46	-0.01			
0.52	1.44	0.12			
0.53	1.46	-0.04			
0.52	1.46	-0.17			
0.54	1.47	-0.24			
0.55	1.47	-0.3			
0.56	1.46	-0.34			
0.52	1.44	-0.14			
0.49	1.44	-0.05			
0.47	1.42	0.07			
0.47	1.41	0.19			
0.45	1.4	0.26			
0.44	1.41	0.32			
0.48	1.42	0.36			
0.49	1.42	0.34			
0.52	1.43	0.39			
0.49	1.42	0.4			
0.52	1.43	0.43			
0.53	1.45	0.19			
0.54	1.46	0.02			
0.49	1.44	0.1			
0.51	1.45	0.21			
0.49	1.43	0.26			
0.46	1.42	0.33			
0.44	1.41	0.35			
0.44	1.41	0.28			
0.47	1.43	0.31			
0.45	1.42	0.34			
0.46	1.42	0.37			
0.48	1.43	0.33			
0.45	1.42	0.36			
0.49	1.42	0.39			
0.46	1.42	0.4			
0.45	1.42	0.34			
0.43	1.41	0.38			
0.43	1.4	0.42			
0.43	1.41	0.37			
0.47	1.42	0.3			
0.49	1.43	0.34			
0.52	1.44	0.32			
0.54	1.44	0.11			
0.51	1.44	0.13			
0.52	1.45	-0.03			
0.49	1.43	0			
0.48	1.42	0.13			
0.51	1.43	0.22			
0.54	1.44	0.05			
0.51	1.43	0.17			
0.49	1.44	0.16			
0.47	1.43	0.23			
0.47	1.42	0.22			
0.46	1.41	0.26			
0.46	1.4	0.33			
0.48	1.43	0.37			
0.47	1.43	0.34			
0.45	1.42	0.36			
0.47	1.44	0.41			
0.43	1.43	0.42			
0.44	1.43	0.33			
0.46	1.44	0.29			
0.47	1.44	0.3			
0.49	1.45	0.36			
0.46	1.43	0.39			
0.5	1.44	0.43			
0.49	1.44	0.34			
0.46	1.43	0.37			
0.48	1.43	0.39			
0.52	1.44	0.43			
0.53	1.45	0.27			
0.54	1.45	0.08			
0.54	1.46	-0.08			
0.56	1.46	-0.18			
0.57	1.47	-0.19			
0.56	1.46	-0.26			
0.54	1.46	-0.24			
0.51	1.44	-0.09			
0.5	1.43	-0.21			
0.46	1.42	-0.05			
0.44	1.41	0.06			
0.43	1.4	0.18			
0.43	1.41	0.15			
0.49	1.43	0.25			
0.49	1.42	0.23			
0.49	1.42	0.19			
0.46	1.42	0.26			
0.5	1.44	0.32			
0.47	1.43	0.36			
0.45	1.41	0.4			
0.44	1.41	0.41			
0.42	1.41	0.4			
0.44	1.42	0.44			
0.43	1.42	0.46			
0.41	1.4	0.43			
0.46	1.42	0.46			
0.45	1.42	0.47			
0.5	1.44	0.49			
0.53	1.44	0.5			
0.5	1.43	0.47			
0.49	1.43	0.39			
0.49	1.43	0.34			
0.51	1.44	0.38			
0.49	1.42	0.41			
0.49	1.43	0.43			
0.48	1.43	0.39			
0.49	1.44	0.35			
0.51	1.45	0.39			
0.49	1.45	0.34			
0.47	1.44	0.37			
0.43	1.43	0.38			
0.44	1.42	0.34			
0.44	1.42	0.39			
0.46	1.43	0.42			
0.46	1.44	0.45			
0.45	1.43	0.45			
0.45	1.42	0.46			
0.47	1.43	0.48			
0.47	1.44	0.41			
0.45	1.42	0.42			
0.45	1.42	0.38			
0.47	1.43	0.42			
0.51	1.44	0.44			
0.52	1.45	0.2			
0.51	1.45	0.1			
0.49	1.45	0.03			
0.52	1.46	0.14			
0.49	1.43	0.21			
0.47	1.42	0.26			
0.47	1.42	0.24			
0.5	1.44	0.31			
0.51	1.45	0.11			
0.5	1.44	0.16			
0.48	1.44	0.18			
0.5	1.45	0.25			
0.53	1.46	0.06			
0.49	1.44	0.17			
0.52	1.45	0.25			
0.52	1.45	0.07			
0.49	1.45	0.1			
0.5	1.45	0.1			
0.48	1.44	0.21			
0.51	1.45	0.2			
0.51	1.46	0.11			
0.47	1.43	0.2			
0.5	1.44	0.27			
0.51	1.45	0.33			
0.49	1.45	0.3			
0.48	1.44	0.28			
0.46	1.42	0.33			
0.45	1.41	0.38			
0.44	1.41	0.42			
0.48	1.43	0.44			
0.45	1.42	0.46			
0.47	1.42	0.38			
0.51	1.43	0.42			
0.52	1.45	0.19			
0.5	1.44	0.17			
0.49	1.45	0.17			
0.51	1.46	0.27			
0.52	1.45	0.15			
0.51	1.43	0.13			
0.51	1.44	-0.04			
0.54	1.45	-0.16			
0.52	1.43	-0.09			
0.49	1.44	-0.02			
0.47	1.43	0.09			
0.47	1.43	0.14			
0.45	1.42	0.22			
0.47	1.44	0.3			
0.51	1.45	0.26			
0.49	1.45	0.25			
0.49	1.45	0.18			
0.47	1.44	0.26			
0.5	1.45	0.32			
0.5	1.46	0.37			
0.52	1.46	0.15			
0.54	1.46	0.02			
0.52	1.45	0			
0.49	1.45	0.05			
0.47	1.43	0.16			
0.47	1.44	0.16			
0.49	1.44	0.25			
0.46	1.42	0.28			
0.46	1.43	0.3			
0.46	1.44	0.36			
0.46	1.42	0.39			
0.44	1.42	0.41			
0.46	1.41	0.35			
0.47	1.42	0.32			
0.45	1.41	0.37			
0.47	1.43	0.41			
0.44	1.42	0.43			
0.45	1.43	0.38			
0.44	1.43	0.4			
0.46	1.43	0.32			
0.5	1.44	0.36			
0.48	1.44	0.3			
0.44	1.42	0.34			
0.45	1.43	0.32			
0.43	1.41	0.35			
0.41	1.4	0.36			
0.46	1.42	0.4			
0.5	1.43	0.43			
0.47	1.42	0.35			
0.46	1.42	0.39			
0.47	1.43	0.4			
0.46	1.42	0.42			
0.5	1.43	0.33			
0.48	1.41	0.37			
0.5	1.41	0.33			
0.53	1.43	0.38			
0.53	1.43	0.24			
0.49	1.44	0.24			
0.5	1.43	0.24			
0.52	1.44	0.06			
0.53	1.45	-0.07			
0.51	1.44	0			
0.49	1.42	0.12			
0.46	1.41	0.22			
0.47	1.42	0.17			
0.51	1.44	0.24			
0.51	1.44	0.05			
0.55	1.44	-0.07			
0.54	1.44	-0.13			
0.51	1.44	-0.05			
0.52	1.45	-0.17			
0.49	1.44	-0.1			
0.47	1.43	0.06			
0.46	1.43	0.07			
0.46	1.44	0.19			
0.47	1.44	0.2			
0.45	1.43	0.25			
0.45	1.43	0.27			
0.49	1.44	0.26			
0.47	1.43	0.31			
0.49	1.43	0.3			
0.52	1.45	0.36			
0.53	1.46	0.13			
0.51	1.44	0.21			
0.52	1.44	0.12			
0.5	1.44	0.14			
0.51	1.44	-0.03			
0.49	1.45	-0.07			
0.5	1.46	0.08			
0.49	1.45	0.09			
0.51	1.45	0.17			
0.52	1.45	0.05			
0.54	1.46	0.01			
0.51	1.44	0.13			
0.52	1.45	-0.04			
0.56	1.46	-0.14			
0.56	1.46	-0.13			
0.56	1.45	-0.21			
0.55	1.45	-0.21			
0.5	1.44	-0.07			
0.52	1.45	-0.17			
0.49	1.44	-0.01			
0.51	1.45	0.12			
0.49	1.45	0.05			
0.53	1.46	0.14			
0.51	1.46	0.18			
0.54	1.47	0			
0.51	1.46	0.12			
0.53	1.46	0.03			
0.52	1.45	0.1			
0.5	1.45	0.05			
0.51	1.44	0.1			
0.51	1.45	-0.06			
0.51	1.44	-0.17			
0.5	1.44	-0.26			
0.49	1.45	-0.17			
0.49	1.45	-0.09			
0.5	1.46	0.05			
0.52	1.46	-0.09			
0.51	1.46	-0.03			
0.52	1.46	0.02			
0.51	1.45	-0.11			
0.53	1.46	-0.21			
0.53	1.46	-0.28			
0.55	1.46	-0.34			
0.56	1.46	-0.37			
0.58	1.48	-0.41			
0.54	1.45	-0.19			
0.56	1.45	-0.28			
0.55	1.45	-0.35			
0.56	1.45	-0.37			
0.54	1.45	-0.33			
0.56	1.45	-0.3			
0.52	1.44	-0.11			
0.53	1.44	-0.18			
0.51	1.43	-0.04			
0.5	1.43	0.03			
0.52	1.44	0.12			
0.49	1.43	0.21			
0.49	1.44	0.19			
0.53	1.44	0.27			
0.54	1.45	0.17			
0.52	1.44	0.17			
0.53	1.46	-0.01			
0.55	1.46	-0.12			
0.56	1.47	-0.21			
0.56	1.47	-0.29			
0.52	1.46	-0.17			
0.52	1.47	-0.27			
0.54	1.47	-0.32			
0.53	1.47	-0.37			
0.55	1.47	-0.36			
0.56	1.48	-0.4			
0.52	1.46	-0.19			
0.51	1.45	-0.09			
0.52	1.46	-0.19			
0.5	1.45	-0.2			
0.47	1.45	-0.01			
0.46	1.43	0.1			
0.49	1.44	0.19			
0.51	1.45	0.27			
0.5	1.45	0.15			
0.51	1.46	-0.02			
0.49	1.43	0.09			
0.5	1.43	0.19			
0.52	1.44	0			
0.53	1.45	-0.13			
0.5	1.45	-0.11			
0.52	1.45	0.04			
0.51	1.45	0.09			
0.52	1.46	0.04			
0.51	1.44	0.13			
0.49	1.44	0.23			
0.5	1.45	0.31			
0.51	1.45	0.28			
0.53	1.45	0.08			
0.54	1.46	-0.07			
0.5	1.44	0.05			
0.51	1.45	0			
0.5	1.44	0.14			
0.49	1.43	0.14			
0.51	1.43	0.24			
0.49	1.43	0.25			
0.53	1.44	0.22			
0.55	1.44	0.07			
0.57	1.45	-0.09			
0.57	1.45	-0.19			
0.58	1.45	-0.26			
0.56	1.44	-0.16			
0.53	1.44	-0.06			
0.54	1.45	-0.18			
0.54	1.46	-0.15			
0.57	1.45	-0.23			
0.56	1.46	-0.23			
0.57	1.46	-0.29			
0.56	1.46	-0.33			
0.56	1.47	-0.38			
0.54	1.46	-0.33			
0.55	1.46	-0.35			
0.53	1.46	-0.32			
0.51	1.45	-0.21			
0.53	1.46	-0.28			
0.56	1.46	-0.34			
0.56	1.45	-0.34			
0.54	1.45	-0.38			
0.57	1.45	-0.42			
0.54	1.44	-0.23			
0.52	1.44	-0.09			
0.53	1.44	-0.18			
0.54	1.45	-0.26			
0.52	1.45	-0.12			
0.53	1.45	-0.21			
0.51	1.44	-0.1			
0.49	1.44	-0.01			
0.52	1.43	0.11			
0.52	1.44	0			
0.54	1.44	-0.13			
0.54	1.44	-0.05			
0.51	1.43	0.07			
0.53	1.45	-0.08			
0.51	1.45	-0.04			
0.52	1.45	-0.15			
0.55	1.46	-0.24			
0.53	1.45	-0.27			
0.53	1.44	-0.28			
0.5	1.43	-0.11			
0.5	1.44	0.03			
0.51	1.45	-0.11			
0.52	1.46	-0.22			
0.49	1.46	-0.29			
0.5	1.46	-0.17			
0.5	1.45	-0.09			
0.53	1.45	-0.19			
0.51	1.45	-0.2			
0.53	1.46	-0.27			
0.56	1.46	-0.31			
0.53	1.46	-0.28			
0.55	1.47	-0.35			
0.55	1.46	-0.39			
0.55	1.47	-0.41			
0.54	1.46	-0.24			
0.54	1.45	-0.31			
0.51	1.44	-0.14			
0.5	1.43	-0.03			
0.5	1.44	0.11			
0.52	1.45	0.21			
0.51	1.46	0.18			
0.54	1.47	0.01			
0.5	1.45	0.12			
0.5	1.46	-0.05			
0.49	1.45	0.04			
0.49	1.44	0.05			
0.5	1.45	0.07			
0.52	1.45	0.19			
0.51	1.45	0.07			
0.54	1.46	-0.08			
0.53	1.46	-0.19			
0.5	1.44	-0.05			
0.49	1.44	0.08			
0.49	1.44	0.19			
0.48	1.43	0.17			
0.46	1.43	0.26			
0.51	1.44	0.33			
0.48	1.43	0.3			
0.5	1.44	0.35			
0.48	1.42	0.37			
0.47	1.41	0.38			
0.45	1.41	0.38			
0.43	1.4	0.4			
0.48	1.42	0.17			
0.49	1.43	0.14			
0.48	1.42	0.13			
0.47	1.41	0.23			
0.47	1.4	0.3			
0.47	1.41	0.24			
0.45	1.4	0.28			
0.48	1.42	0.32			
0.52	1.43	0.36			
0.54	1.44	0.24			
0.54	1.44	0.05			
0.5	1.44	0.17			
0.5	1.44	0.14			
0.53	1.45	0.21			
0.54	1.46	0.03			
0.54	1.46	-0.09			
0.54	1.45	-0.09			
0.51	1.45	0.01			
0.49	1.45	0.03			
0.52	1.45	0.16			
0.55	1.45	0			
0.51	1.43	0.1			
0.5	1.44	-0.06			
0.53	1.44	0.09			
0.54	1.44	0.01			
0.51	1.43	0.05			
0.48	1.43	-0.09			
0.51	1.45	0.04			
0.5	1.45	0.11			
0.53	1.46	0.19			
0.51	1.45	0.23			
0.53	1.45	0.04			
0.54	1.47	-0.1			
0.56	1.47	-0.12			
0.52	1.45	0.03			
0.53	1.45	-0.03			
0.51	1.45	0.01			
0.53	1.45	-0.12			
0.51	1.44	-0.02			
0.52	1.44	-0.03			
0.53	1.45	-0.14			
0.54	1.44	-0.23			
0.55	1.46	-0.24			
0.56	1.46	-0.29			
0.58	1.47	-0.33			
0.54	1.46	-0.22			
0.53	1.46	-0.25			
0.51	1.44	-0.1			
0.48	1.43	0.03			
0.47	1.42	0.15			
0.48	1.43	0.25			
0.45	1.42	0.28			
0.44	1.42	0.33			
0.46	1.43	0.28			
0.47	1.43	0.31			
0.48	1.44	0.34			
0.47	1.43	0.37			
0.48	1.43	0.31			
0.46	1.43	0.35			
0.49	1.43	0.4			
0.51	1.44	0.41			
0.54	1.45	0.18			
0.52	1.44	0.1			
0.5	1.44	0.14			
0.49	1.42	0.2			
0.49	1.43	0.2			
0.51	1.45	0.27			
0.51	1.44	0.13			
0.5	1.42	0.22			
0.51	1.43	0.29			
0.53	1.45	0.12			
0.5	1.44	0.21			
0.47	1.43	0.26			
0.46	1.42	0.31			
0.5	1.43	0.36			
0.52	1.44	0.4			
0.54	1.45	0.25			
0.56	1.46	0.07			
0.52	1.43	0.13			
0.54	1.45	-0.03			
0.55	1.45	-0.15			
0.53	1.44	-0.16			
0.54	1.45	-0.25			
0.53	1.45	-0.25			
0.51	1.45	-0.26			
0.51	1.45	-0.3			
0.49	1.43	-0.13			
0.47	1.42	0.03			
0.49	1.43	0.06			
0.5	1.44	0.12			
0.54	1.45	0.21			
0.54	1.46	0.13			
0.53	1.45	-0.04			
0.55	1.45	-0.15			
0.54	1.46	-0.24			
0.53	1.46	-0.3			
0.55	1.46	-0.34			
0.56	1.46	-0.39			
0.53	1.45	-0.26			
0.56	1.45	-0.31			
0.57	1.45	-0.26			
0.56	1.45	-0.25			
0.58	1.45	-0.32			
0.53	1.44	-0.12			
0.54	1.45	-0.21			
0.53	1.44	-0.3			
0.56	1.45	-0.32			
0.54	1.45	-0.21			
0.55	1.45	-0.19			
0.51	1.43	-0.03			
0.5	1.43	-0.1			
0.53	1.44	-0.19			
0.52	1.43	-0.11			
0.48	1.42	0.03			
0.52	1.43	0.16			
0.55	1.44	0.01			
0.55	1.45	-0.13			
0.52	1.45	-0.04			
0.51	1.44	0.04			
0.48	1.42	0.12			
0.51	1.44	0.22			
0.51	1.44	0.2			
0.53	1.45	0.05			
0.56	1.45	-0.1			
0.54	1.45	-0.06			
0.56	1.45	-0.17			
0.57	1.46	-0.25			
0.59	1.46	-0.31			
0.6	1.46	-0.35			
0.56	1.46	-0.22			
0.52	1.45	-0.05			
0.54	1.45	-0.12			
0.54	1.45	-0.15			
0.52	1.44	-0.2			
0.53	1.45	-0.28			
0.52	1.45	-0.18			
0.49	1.43	-0.04			
0.51	1.44	-0.02			
0.51	1.45	-0.14			
0.54	1.46	-0.24			
0.54	1.46	-0.21			
0.52	1.44	-0.03			
0.54	1.45	-0.14			
0.52	1.45	-0.04			
0.51	1.45	-0.06			
0.51	1.45	-0.18			
0.55	1.46	-0.26			
0.51	1.45	-0.09			
0.49	1.44	-0.04			
0.54	1.46	0.07			
0.51	1.44	0.15			
0.52	1.45	0			
0.55	1.46	-0.11			
0.56	1.46	-0.21			
0.54	1.46	-0.1			
0.54	1.46	-0.21			
0.53	1.46	-0.21			
0.56	1.46	-0.28			
0.54	1.45	-0.15			
0.5	1.43	-0.01			
0.54	1.45	0.11			
0.53	1.45	0.16			
0.53	1.45	0.09			
0.51	1.44	0.13			
0.53	1.45	-0.04			
0.51	1.45	0.01			
0.48	1.44	0.12			
0.49	1.44	0.23			
0.52	1.46	0.28			
0.49	1.44	0.33			
0.47	1.43	0.38			
0.48	1.43	0.33			
0.51	1.44	0.36			
0.48	1.44	0.2			
0.51	1.45	0.27			
0.52	1.45	0.17			
0.51	1.44	0.24			
0.51	1.46	0.06			
0.51	1.45	-0.01			
0.54	1.46	-0.12			
0.53	1.45	-0.17			
0.55	1.46	-0.25			
0.54	1.45	-0.11			
0.55	1.46	-0.21			
0.57	1.45	-0.28			
0.55	1.45	-0.35			
0.57	1.46	-0.39			
0.53	1.45	-0.16			
0.56	1.46	-0.23			
0.58	1.46	-0.27			
0.54	1.46	-0.22			
0.56	1.46	-0.27			
0.59	1.47	-0.34			
0.59	1.47	-0.37			
0.58	1.47	-0.42			
0.56	1.46	-0.27			
0.55	1.46	-0.25			
0.57	1.47	-0.32			
0.55	1.47	-0.36			
0.52	1.44	-0.16			
0.48	1.43	-0.02			
0.51	1.44	0.1			
0.54	1.45	-0.03			
0.52	1.43	0.08			
0.52	1.44	0			
0.54	1.44	-0.14			
0.56	1.45	-0.22			
0.58	1.46	-0.28			
0.6	1.46	-0.33			
0.58	1.46	-0.21			
0.57	1.45	-0.18			
0.54	1.43	-0.02			
0.54	1.44	-0.13			
0.53	1.43	-0.08			
0.52	1.44	-0.03			
0.52	1.43	0.1			
0.55	1.44	-0.04			
0.52	1.43	0.07			
0.55	1.43	-0.06			
0.53	1.44	-0.08			
0.55	1.45	-0.19			
0.54	1.44	-0.09			
0.52	1.43	-0.02			
0.51	1.42	0.11			
0.52	1.43	0.02			
0.52	1.44	-0.03			
0.5	1.43	0.1			
0.48	1.42	0.2			
0.47	1.42	0.26			
0.52	1.43	0.32			
0.54	1.43	0.12			
0.51	1.42	0.21			
0.51	1.44	0.02			
0.5	1.43	-0.05			
0.47	1.43	0.01			
0.46	1.42	0.13			
0.45	1.41	0.2			
0.46	1.42	0.19			
0.47	1.43	0.18			
0.52	1.44	0.27			
0.52	1.45	0.18			
0.52	1.44	0.06			
0.52	1.44	0.08			
0.54	1.45	-0.05			
0.55	1.44	-0.17			
0.55	1.45	-0.25			
0.52	1.44	-0.09			
0.54	1.44	-0.2			
0.51	1.45	-0.1			
0.49	1.44	-0.04			
0.52	1.45	0.1			
0.54	1.45	-0.05			
0.51	1.44	0.08			
0.49	1.43	0.2			
0.48	1.41	0.27			
0.48	1.41	0.28			
0.49	1.42	0.34			
0.52	1.44	0.39			
0.54	1.45	0.17			
0.51	1.44	0.17			
0.52	1.45	-0.01			
0.53	1.46	-0.05			
0.5	1.43	0.08			
0.5	1.43	-0.07			
0.48	1.42	0.05			
0.47	1.41	0.17			
0.5	1.43	0.24			
0.51	1.43	0.05			
0.51	1.44	0			
0.52	1.45	-0.06			
0.53	1.45	-0.17			
0.51	1.43	-0.01			
0.52	1.44	-0.14			
0.54	1.45	-0.23			
0.52	1.45	-0.23			
0.48	1.43	-0.08			
0.47	1.42	0.06			
0.46	1.41	0.18			
0.46	1.42	0.16			
0.45	1.41	0.24			
0.48	1.41	0.27			
0.48	1.42	0.33			
0.5	1.43	0.28			
0.52	1.44	0.09			
0.51	1.44	0.1			
0.53	1.45	-0.04			
0.52	1.45	-0.09			
0.54	1.45	-0.18			
0.53	1.45	-0.17			
0.51	1.45	-0.19			
0.52	1.45	-0.27			
0.51	1.46	-0.23			
0.5	1.46	-0.23			
0.52	1.45	-0.3			
0.52	1.45	-0.22			
0.49	1.45	-0.04			
0.52	1.46	0.1			
0.52	1.46	-0.05			
0.51	1.46	-0.12			
0.51	1.45	-0.16			
0.51	1.44	0.01			
0.51	1.44	-0.02			
0.51	1.42	0.12			
0.55	1.43	-0.02			
0.52	1.42	0.09			
0.52	1.42	0			
0.54	1.44	-0.14			
0.53	1.44	-0.23			
0.53	1.45	-0.22			
0.54	1.45	-0.24			
0.55	1.45	-0.31			
0.52	1.44	-0.14			
0.54	1.45	-0.23			
0.55	1.44	-0.31			
0.52	1.44	-0.19			
0.55	1.45	-0.27			
0.53	1.45	-0.24			
0.53	1.46	-0.3			
0.53	1.46	-0.24			
0.54	1.46	-0.3			
0.56	1.46	-0.36			
0.57	1.46	-0.4			
0.53	1.45	-0.28			
0.51	1.45	-0.27			
0.53	1.45	-0.34			
0.52	1.44	-0.12			
0.54	1.45	-0.2			
0.51	1.42	-0.04			
0.49	1.41	0.08			
0.49	1.42	0.07			
0.51	1.43	0.18			
0.54	1.45	0.01			
0.51	1.43	0.14			
0.51	1.43	0.13			
0.54	1.44	-0.04			
0.56	1.45	-0.14			
0.52	1.43	-0.01			
0.51	1.44	-0.12			
0.5	1.44	-0.13			
0.53	1.46	-0.23			
0.55	1.46	-0.29			
0.56	1.46	-0.36			
0.58	1.46	-0.37			
0.58	1.46	-0.41			
0.54	1.44	-0.2			
0.52	1.44	-0.23			
0.53	1.45	-0.31			
0.52	1.44	-0.3			
0.51	1.45	-0.23			
0.49	1.43	-0.03			
0.5	1.44	0			
0.5	1.42	0.11			
0.5	1.43	0.21			
0.48	1.44	0.19			
0.49	1.44	0.17			
0.47	1.42	0.24			
0.51	1.44	0.31			
0.51	1.44	0.16			
0.49	1.44	0.17			
0.47	1.42	0.25			
0.48	1.43	0.32			
0.49	1.43	0.25			
0.47	1.42	0.32			
0.5	1.44	0.35			
0.49	1.44	0.25			
0.53	1.45	0.31			
0.52	1.44	0.31			
0.53	1.44	0.11			
0.54	1.44	0.02			
0.53	1.44	-0.09			
0.55	1.45	-0.17			
0.55	1.45	-0.18			
0.56	1.46	-0.27			
0.59	1.46	-0.32			
0.6	1.46	-0.35			
0.57	1.46	-0.3			
0.59	1.47	-0.35			
0.56	1.46	-0.26			
0.56	1.47	-0.33			
0.52	1.45	-0.13			
0.52	1.45	-0.23			
0.54	1.45	-0.28			
0.52	1.45	-0.29			
0.5	1.45	-0.18			
0.51	1.46	-0.01			
0.48	1.43	0.09			
0.52	1.45	0.19			
0.49	1.44	0.26			
0.47	1.43	0.33			
0.51	1.44	0.36			
0.53	1.44	0.16			
0.53	1.46	0.08			
0.5	1.45	0.1			
0.49	1.45	-0.01			
0.47	1.43	0.1			
0.47	1.42	0.18			
0.5	1.44	0.24			
0.54	1.45	0.29			
0.56	1.46	0.12			
0.51	1.44	0.2			
0.5	1.43	0.21			
0.53	1.45	0.27			
0.52	1.45	0.26			
0.5	1.44	0.22			
0.52	1.44	0.3			
0.54	1.45	0.09			
0.54	1.45	-0.06			
0.54	1.45	-0.17			
0.51	1.43	-0.02			
0.54	1.45	-0.11			
0.54	1.45	-0.12			
0.56	1.45	-0.23			
0.54	1.46	-0.3			
0.56	1.46	-0.36			
0.51	1.44	-0.17			
0.53	1.45	-0.26			
0.55	1.45	-0.31			
0.52	1.44	-0.22			
0.53	1.45	-0.29			
0.51	1.45	-0.16			
0.54	1.45	-0.25			
0.55	1.45	-0.3			
0.57	1.46	-0.34			
0.53	1.44	-0.14			
0.56	1.46	-0.23			
0.57	1.47	-0.29			
0.54	1.46	-0.14			
0.53	1.46	-0.16			
0.53	1.46	-0.21			
0.53	1.45	-0.2			
