0.14 0.4 0.57
0.13 0.4 0.58
0.13 0.41 0.58
0.14 0.41 0.58
0.18 0.52 0.66
0.2 0.53 0.68
0.2 0.47 0.62
0.18 0.47 0.61
0.16 0.47 0.61
0.2 0.55 0.68
0.19 0.53 0.67
0.18 0.46 0.61
0.17 0.45 0.61
0.17 0.45 0.61
0.19 0.48 0.64
0.19 0.42 0.59
0.21 0.47 0.62
0.18 0.47 0.62
0.15 0.48 0.62
0.16 0.42 0.57
0.18 0.37 0.55
0.18 0.35 0.53
0.2 0.4 0.57
0.18 0.37 0.55
0.17 0.34 0.53
0.21 0.45 0.62
0.2 0.45 0.62
0.18 0.46 0.62
0.17 0.46 0.63
0.17 0.4 0.59
0.17 0.42 0.6
0.17 0.44 0.61
0.19 0.47 0.63
0.19 0.49 0.66
0.19 0.43 0.61
0.2 0.39 0.56
0.19 0.42 0.58
0.19 0.44 0.59
0.18 0.4 0.57
0.17 0.42 0.58
0.17 0.44 0.59
0.19 0.49 0.62
0.18 0.48 0.62
0.17 0.42 0.58
0.18 0.41 0.57
0.2 0.45 0.6
0.22 0.54 0.68
0.2 0.47 0.61
0.24 0.55 0.69
0.23 0.48 0.62
0.23 0.51 0.64
0.23 0.54 0.67
0.2 0.53 0.67
0.23 0.6 0.73
0.19 0.58 0.7
0.18 0.5 0.65
0.17 0.49 0.64
0.18 0.49 0.64
0.21 0.57 0.71
0.24 0.63 0.75
0.21 0.6 0.72
0.2 0.52 0.64
0.2 0.45 0.6
0.23 0.53 0.69
0.23 0.47 0.63
0.22 0.42 0.57
0.24 0.53 0.66
0.23 0.47 0.61
0.22 0.41 0.59
0.19 0.36 0.55
0.19 0.34 0.52
0.19 0.32 0.5
0.19 0.38 0.54
0.19 0.34 0.53
0.19 0.4 0.58
0.18 0.41 0.6
0.21 0.51 0.69
0.23 0.52 0.7
0.23 0.54 0.71
0.22 0.46 0.65
0.2 0.46 0.64
0.18 0.46 0.63
0.18 0.4 0.59
0.18 0.41 0.6
0.21 0.51 0.67
0.2 0.51 0.67
0.21 0.54 0.69
0.22 0.54 0.69
0.19 0.53 0.68
0.18 0.5 0.66
0.2 0.51 0.67
0.2 0.52 0.67
0.19 0.48 0.65
0.2 0.51 0.68
0.21 0.48 0.65
0.19 0.46 0.63
0.18 0.45 0.62
0.22 0.53 0.69
0.22 0.54 0.7
0.23 0.55 0.7
0.22 0.52 0.68
0.22 0.53 0.68
0.21 0.52 0.67
0.2 0.5 0.66
0.19 0.49 0.65
0.17 0.47 0.64
0.19 0.42 0.6
0.19 0.41 0.58
0.18 0.42 0.59
0.18 0.43 0.6
0.16 0.44 0.62
0.17 0.4 0.58
0.17 0.42 0.6
0.21 0.51 0.68
0.19 0.51 0.67
0.22 0.58 0.73
0.2 0.51 0.66
0.21 0.54 0.67
0.19 0.51 0.67
0.18 0.46 0.61
0.18 0.41 0.57
0.17 0.37 0.54
0.17 0.34 0.52
0.16 0.33 0.51
0.17 0.32 0.49
0.15 0.31 0.48
0.15 0.35 0.52
0.16 0.34 0.52
0.17 0.4 0.58
0.16 0.37 0.54
0.14 0.4 0.56
0.18 0.51 0.64
0.2 0.56 0.68
0.21 0.56 0.68
0.19 0.54 0.67
0.19 0.47 0.6
0.17 0.42 0.56
0.16 0.37 0.54
0.17 0.34 0.53
0.18 0.34 0.53
0.17 0.37 0.55
0.18 0.43 0.59
0.19 0.43 0.59
0.18 0.44 0.6
0.19 0.43 0.59
0.17 0.44 0.6
0.18 0.43 0.59
0.18 0.41 0.58
0.21 0.51 0.67
0.2 0.51 0.67
0.19 0.5 0.65
0.18 0.49 0.65
0.17 0.48 0.64
0.18 0.42 0.59
0.17 0.37 0.56
0.18 0.41 0.6
0.2 0.46 0.63
0.18 0.46 0.63
0.18 0.44 0.62
0.18 0.45 0.62
0.18 0.45 0.62
0.18 0.46 0.64
0.19 0.44 0.62
0.18 0.43 0.61
0.17 0.44 0.61
0.16 0.45 0.61
0.16 0.45 0.62
0.14 0.45 0.62
0.13 0.45 0.62
0.16 0.48 0.65
0.15 0.42 0.6
0.14 0.37 0.57
0.17 0.42 0.6
0.2 0.52 0.67
0.2 0.49 0.64
0.21 0.49 0.65
0.2 0.49 0.64
0.19 0.49 0.65
0.2 0.51 0.66
0.18 0.51 0.65
0.16 0.51 0.65
0.2 0.59 0.71
0.2 0.5 0.65
0.19 0.48 0.63
0.19 0.42 0.59
0.21 0.46 0.62
0.23 0.43 0.64
0.21 0.42 0.63
0.2 0.43 0.62
0.18 0.45 0.63
0.2 0.48 0.65
0.21 0.45 0.62
0.19 0.46 0.63
0.19 0.45 0.61
0.18 0.47 0.62
0.2 0.5 0.66
0.22 0.53 0.68
0.21 0.46 0.62
0.2 0.44 0.6
0.21 0.47 0.62
0.23 0.49 0.65
0.24 0.52 0.67
0.26 0.58 0.73
0.22 0.55 0.7
0.21 0.51 0.68
0.2 0.5 0.67
0.18 0.5 0.66
0.19 0.44 0.61
0.2 0.43 0.61
0.21 0.48 0.64
0.21 0.51 0.66
0.22 0.52 0.68
0.21 0.51 0.66
0.2 0.48 0.64
0.18 0.48 0.63
0.21 0.56 0.71
0.19 0.52 0.69
0.18 0.5 0.67
0.17 0.44 0.61
0.15 0.44 0.62
0.14 0.44 0.62
0.14 0.42 0.62
0.15 0.44 0.62
0.17 0.45 0.64
0.14 0.47 0.64
0.14 0.41 0.59
0.14 0.42 0.61
0.15 0.43 0.61
0.17 0.46 0.64
0.18 0.45 0.63
0.17 0.46 0.63
0.18 0.47 0.65
0.16 0.46 0.64
0.14 0.47 0.64
0.16 0.45 0.63
0.16 0.4 0.58
0.19 0.5 0.66
0.19 0.48 0.65
0.19 0.42 0.6
0.17 0.43 0.61
0.18 0.45 0.64
0.19 0.48 0.66
0.2 0.49 0.66
0.2 0.43 0.61
0.2 0.38 0.57
0.19 0.39 0.59
0.21 0.45 0.62
0.2 0.4 0.58
0.19 0.39 0.58
0.19 0.36 0.54
0.19 0.34 0.52
0.18 0.36 0.55
0.17 0.36 0.55
0.17 0.33 0.54
0.18 0.31 0.51
0.19 0.33 0.53
0.19 0.34 0.54
0.2 0.41 0.58
0.18 0.37 0.55
0.18 0.37 0.56
0.16 0.4 0.58
0.15 0.41 0.58
0.19 0.51 0.66
0.19 0.48 0.64
0.17 0.48 0.65
0.16 0.47 0.64
0.17 0.42 0.6
0.19 0.45 0.62
0.19 0.41 0.58
0.18 0.36 0.55
0.17 0.4 0.57
0.18 0.36 0.54
0.18 0.34 0.51
0.18 0.35 0.53
0.18 0.33 0.5
0.18 0.35 0.51
0.18 0.36 0.54
0.16 0.34 0.52
0.16 0.39 0.56
0.17 0.43 0.59
0.2 0.53 0.67
0.18 0.52 0.66
0.17 0.51 0.65
0.18 0.47 0.63
0.18 0.45 0.61
0.17 0.45 0.61
0.17 0.46 0.62
0.15 0.47 0.63
0.15 0.45 0.62
0.16 0.43 0.61
0.19 0.47 0.63
0.2 0.49 0.65
0.21 0.43 0.6
0.18 0.43 0.6
0.17 0.39 0.56
0.16 0.36 0.53
0.17 0.34 0.51
0.17 0.32 0.5
0.18 0.3 0.48
0.17 0.29 0.48
0.17 0.33 0.51
0.18 0.31 0.49
0.16 0.35 0.52
0.17 0.33 0.52
0.18 0.31 0.5
0.17 0.29 0.49
0.16 0.28 0.48
0.2 0.42 0.58
0.18 0.38 0.56
0.19 0.35 0.53
0.18 0.33 0.51
0.16 0.37 0.54
0.16 0.4 0.55
0.15 0.36 0.52
0.14 0.4 0.55
0.14 0.44 0.58
0.16 0.39 0.55
0.18 0.5 0.65
0.17 0.5 0.65
0.17 0.49 0.63
0.16 0.44 0.59
0.19 0.54 0.66
0.19 0.47 0.62
0.19 0.42 0.58
0.18 0.38 0.54
0.19 0.35 0.51
0.18 0.37 0.54
0.17 0.35 0.52
0.16 0.32 0.51
0.15 0.3 0.49
0.13 0.35 0.53
0.11 0.39 0.56
0.12 0.36 0.54
0.12 0.38 0.56
0.14 0.35 0.53
0.16 0.41 0.58
0.16 0.41 0.58
0.17 0.38 0.55
0.16 0.34 0.52
0.19 0.46 0.62
0.18 0.49 0.64
0.18 0.44 0.59
0.16 0.45 0.61
0.15 0.4 0.56
0.17 0.37 0.53
0.18 0.34 0.52
0.16 0.36 0.54
0.15 0.39 0.56
0.13 0.41 0.58
0.13 0.38 0.54
0.13 0.41 0.58
0.15 0.37 0.54
0.15 0.4 0.56
0.17 0.44 0.59
0.16 0.45 0.6
0.16 0.41 0.56
0.16 0.36 0.53
0.15 0.39 0.56
0.14 0.36 0.52
0.13 0.4 0.55
0.14 0.42 0.56
0.14 0.44 0.58
0.15 0.4 0.56
0.16 0.37 0.54
0.16 0.35 0.52
0.15 0.34 0.51
0.15 0.32 0.49
0.16 0.31 0.49
0.18 0.3 0.47
0.2 0.43 0.58
0.18 0.4 0.56
0.18 0.36 0.53
0.2 0.34 0.52
0.19 0.38 0.54
0.16 0.4 0.56
0.15 0.41 0.58
0.16 0.39 0.54
0.16 0.36 0.53
0.15 0.39 0.56
0.16 0.36 0.53
0.15 0.39 0.55
0.15 0.35 0.52
0.18 0.32 0.51
0.21 0.46 0.6
0.21 0.4 0.57
0.19 0.36 0.54
0.19 0.42 0.58
0.23 0.52 0.65
0.25 0.58 0.72
0.23 0.54 0.7
0.21 0.5 0.66
0.2 0.5 0.65
0.19 0.5 0.65
0.19 0.44 0.61
0.18 0.44 0.61
0.17 0.44 0.61
0.16 0.45 0.62
0.16 0.45 0.61
0.17 0.39 0.58
0.17 0.35 0.55
0.18 0.4 0.59
0.2 0.45 0.62
0.23 0.54 0.69
0.21 0.51 0.67
0.2 0.49 0.65
0.2 0.47 0.63
0.19 0.48 0.64
0.17 0.47 0.64
0.16 0.48 0.64
0.2 0.56 0.7
0.19 0.55 0.69
0.18 0.48 0.62
0.16 0.48 0.63
0.16 0.42 0.58
0.16 0.38 0.55
0.13 0.35 0.52
0.13 0.37 0.54
0.14 0.34 0.53
0.16 0.41 0.57
0.15 0.44 0.59
0.18 0.53 0.67
0.2 0.53 0.68
0.2 0.47 0.61
0.19 0.46 0.61
0.2 0.42 0.57
0.2 0.46 0.61
0.2 0.42 0.58
0.22 0.46 0.61
0.21 0.47 0.61
0.19 0.47 0.62
0.19 0.41 0.58
0.19 0.36 0.55
0.17 0.39 0.57
0.17 0.37 0.55
0.15 0.34 0.52
0.14 0.36 0.54
0.15 0.34 0.53
0.15 0.32 0.52
0.17 0.3 0.5
0.2 0.43 0.61
0.18 0.39 0.57
0.18 0.4 0.57
0.17 0.42 0.59
0.16 0.43 0.6
0.15 0.43 0.6
0.16 0.45 0.61
0.15 0.47 0.6
0.18 0.5 0.64
0.19 0.49 0.64
0.2 0.51 0.66
0.21 0.53 0.68
0.18 0.51 0.67
0.18 0.48 0.65
0.17 0.47 0.64
0.19 0.49 0.66
0.17 0.43 0.6
0.18 0.43 0.61
0.18 0.44 0.61
0.2 0.47 0.63
0.19 0.43 0.6
0.2 0.47 0.62
0.2 0.42 0.58
0.22 0.53 0.66
0.22 0.53 0.66
0.2 0.51 0.65
0.19 0.5 0.64
0.17 0.49 0.64
0.18 0.5 0.65
0.15 0.51 0.64
0.17 0.44 0.59
0.18 0.4 0.55
0.17 0.42 0.57
0.18 0.44 0.6
0.16 0.46 0.61
0.17 0.41 0.58
0.16 0.42 0.59
0.19 0.52 0.67
0.17 0.52 0.66
0.16 0.52 0.65
0.19 0.59 0.71
0.18 0.56 0.69
0.19 0.48 0.63
0.17 0.48 0.63
0.21 0.55 0.7
0.19 0.49 0.64
0.18 0.42 0.59
0.18 0.38 0.56
0.21 0.49 0.65
0.18 0.46 0.63
0.16 0.47 0.63
0.17 0.48 0.62
0.2 0.56 0.69
0.19 0.52 0.67
0.19 0.45 0.61
0.21 0.55 0.68
0.21 0.48 0.63
0.21 0.49 0.64
0.18 0.48 0.63
0.18 0.44 0.58
0.18 0.4 0.56
0.16 0.42 0.58
0.15 0.44 0.6
0.17 0.48 0.62
0.16 0.47 0.62
0.16 0.41 0.58
0.16 0.38 0.54
0.16 0.35 0.52
0.13 0.31 0.5
0.14 0.34 0.52
0.17 0.41 0.57
0.19 0.44 0.6
0.21 0.54 0.68
0.22 0.47 0.62
0.21 0.41 0.58
0.19 0.43 0.6
0.2 0.47 0.64
0.19 0.49 0.65
0.21 0.44 0.59
0.19 0.44 0.6
0.17 0.43 0.59
0.17 0.39 0.55
0.18 0.35 0.52
0.17 0.32 0.51
0.18 0.31 0.5
0.21 0.44 0.59
0.19 0.46 0.6
0.19 0.41 0.55
0.17 0.38 0.53
0.21 0.49 0.62
0.19 0.44 0.58
0.19 0.4 0.56
0.19 0.37 0.53
0.19 0.34 0.51
0.19 0.32 0.49
0.18 0.31 0.48
0.17 0.29 0.47
0.19 0.28 0.46
0.18 0.27 0.47
0.17 0.27 0.47
0.16 0.26 0.47
0.16 0.27 0.46
0.15 0.27 0.46
0.16 0.27 0.46
0.15 0.28 0.47
0.16 0.28 0.47
0.16 0.28 0.46
0.16 0.28 0.46
0.14 0.29 0.46
0.19 0.23 0.52
0.17 0.24 0.5
0.16 0.25 0.49
0.17 0.25 0.47
0.19 0.38 0.55
0.18 0.42 0.57
0.17 0.38 0.55
0.15 0.41 0.57
0.17 0.49 0.63
0.15 0.44 0.59
0.15 0.39 0.56
0.16 0.35 0.53
0.15 0.34 0.49
0.16 0.32 0.48
0.16 0.3 0.47
0.16 0.3 0.47
0.15 0.36 0.51
0.15 0.34 0.5
0.13 0.37 0.53
0.14 0.35 0.51
0.17 0.44 0.58
0.18 0.39 0.56
0.18 0.35 0.53
0.17 0.37 0.55
0.17 0.36 0.52
0.16 0.34 0.51
0.16 0.32 0.5
0.15 0.31 0.48
0.15 0.35 0.52
0.15 0.37 0.54
0.18 0.48 0.62
0.16 0.42 0.58
0.16 0.39 0.55
0.19 0.5 0.64
0.18 0.44 0.59
0.18 0.4 0.55
0.18 0.37 0.52
0.17 0.34 0.51
0.17 0.32 0.49
0.17 0.3 0.48
0.15 0.3 0.48
0.15 0.3 0.47
0.16 0.29 0.47
0.15 0.3 0.47
0.13 0.35 0.51
0.13 0.33 0.49
0.14 0.32 0.5
0.14 0.3 0.49
0.13 0.29 0.48
0.13 0.32 0.51
0.13 0.31 0.48
0.13 0.3 0.48
0.14 0.35 0.52
0.14 0.34 0.51
0.17 0.44 0.59
0.2 0.54 0.67
0.17 0.53 0.66
0.16 0.45 0.61
0.16 0.41 0.57
0.15 0.36 0.54
0.14 0.35 0.53
0.14 0.34 0.51
0.15 0.32 0.49
0.19 0.44 0.59
0.17 0.45 0.6
0.18 0.41 0.57
0.16 0.39 0.54
0.13 0.35 0.52
0.13 0.39 0.55
0.13 0.35 0.52
0.14 0.34 0.51
0.15 0.31 0.5
0.14 0.31 0.48
0.18 0.44 0.59
0.18 0.4 0.56
0.17 0.42 0.56
0.17 0.38 0.53
0.17 0.35 0.52
0.18 0.33 0.5
0.18 0.31 0.48
0.16 0.36 0.52
0.17 0.33 0.51
0.18 0.33 0.5
0.17 0.37 0.53
0.2 0.48 0.62
0.23 0.57 0.69
0.21 0.49 0.62
0.19 0.43 0.57
0.17 0.39 0.55
0.18 0.36 0.53
0.14 0.33 0.5
0.14 0.31 0.48
0.14 0.3 0.48
0.13 0.35 0.51
0.11 0.39 0.54
0.12 0.36 0.51
0.12 0.34 0.49
0.11 0.33 0.49
0.13 0.31 0.47
0.17 0.39 0.48
0.16 0.37 0.48
0.15 0.34 0.48
0.16 0.32 0.47
0.16 0.3 0.47
0.16 0.29 0.47
0.16 0.28 0.46
0.17 0.28 0.46
0.17 0.27 0.45
0.18 0.28 0.45
0.16 0.29 0.46
0.14 0.29 0.47
0.19 0.42 0.57
0.21 0.52 0.65
0.2 0.46 0.59
0.19 0.41 0.56
0.18 0.38 0.53
0.19 0.35 0.51
0.19 0.38 0.53
0.2 0.36 0.51
0.2 0.34 0.5
0.17 0.37 0.53
0.17 0.41 0.56
0.17 0.37 0.53
0.16 0.35 0.5
0.17 0.34 0.49
0.16 0.33 0.48
0.16 0.31 0.47
0.14 0.3 0.46
0.15 0.3 0.46
0.15 0.28 0.45
0.14 0.28 0.46
0.14 0.34 0.51
0.13 0.38 0.54
0.14 0.35 0.51
0.16 0.33 0.51
0.15 0.31 0.5
0.15 0.34 0.52
0.16 0.34 0.52
0.16 0.37 0.54
0.19 0.49 0.64
0.18 0.47 0.63
0.17 0.44 0.62
0.17 0.46 0.62
0.18 0.41 0.57
0.19 0.37 0.54
0.19 0.4 0.56
0.17 0.42 0.58
0.17 0.45 0.6
0.17 0.4 0.56
0.18 0.37 0.53
0.21 0.48 0.63
0.2 0.43 0.59
0.19 0.39 0.56
0.19 0.36 0.54
0.19 0.34 0.51
0.19 0.39 0.55
0.19 0.35 0.53
0.17 0.33 0.52
0.17 0.31 0.5
0.14 0.34 0.53
0.14 0.33 0.51
0.14 0.32 0.5
0.15 0.3 0.49
0.18 0.43 0.6
0.19 0.39 0.55
0.17 0.36 0.53
0.17 0.34 0.51
0.16 0.31 0.5
0.16 0.31 0.49
0.16 0.29 0.47
0.17 0.35 0.52
0.21 0.46 0.61
0.21 0.41 0.58
0.19 0.43 0.6
0.19 0.43 0.59
0.17 0.4 0.57
0.18 0.44 0.61
0.18 0.4 0.58
0.18 0.43 0.59
0.19 0.39 0.55
0.18 0.41 0.57
0.16 0.42 0.57
0.16 0.39 0.55
0.18 0.36 0.53
0.17 0.39 0.56
0.18 0.36 0.54
0.18 0.34 0.51
0.18 0.32 0.5
0.18 0.38 0.54
0.21 0.5 0.64
0.21 0.48 0.63
0.2 0.42 0.59
0.21 0.38 0.55
0.19 0.4 0.56
0.18 0.36 0.53
0.22 0.47 0.62
0.24 0.55 0.7
0.21 0.54 0.67
0.24 0.61 0.73
0.22 0.57 0.7
0.25 0.62 0.75
0.23 0.54 0.68
0.21 0.46 0.63
0.2 0.46 0.61
0.22 0.55 0.69
0.22 0.48 0.63
0.21 0.49 0.64
0.19 0.43 0.58
0.19 0.39 0.55
0.19 0.36 0.52
0.17 0.33 0.51
0.17 0.32 0.51
0.16 0.36 0.53
0.2 0.47 0.62
0.22 0.42 0.58
0.19 0.44 0.59
0.19 0.4 0.57
0.21 0.51 0.65
0.2 0.44 0.6
0.18 0.45 0.61
0.21 0.55 0.69
0.2 0.53 0.67
0.19 0.51 0.65
0.19 0.49 0.66
0.17 0.44 0.62
0.16 0.39 0.57
0.21 0.5 0.65
0.23 0.59 0.71
0.21 0.5 0.64
0.24 0.57 0.71
0.22 0.49 0.65
0.2 0.44 0.6
0.18 0.44 0.59
0.2 0.47 0.62
0.18 0.42 0.59
0.18 0.38 0.56
0.16 0.41 0.58
0.19 0.52 0.65
0.19 0.46 0.6
0.18 0.4 0.56
0.22 0.5 0.65
0.21 0.45 0.61
0.2 0.41 0.58
0.2 0.38 0.55
0.22 0.5 0.64
0.2 0.5 0.65
0.18 0.51 0.65
0.18 0.44 0.6
0.22 0.53 0.67
0.19 0.5 0.65
0.19 0.46 0.61
0.18 0.47 0.63
0.21 0.56 0.69
0.19 0.49 0.64
0.21 0.44 0.59
0.2 0.43 0.59
0.19 0.38 0.55
0.17 0.36 0.54
0.19 0.35 0.52
0.18 0.37 0.55
0.19 0.35 0.52
0.2 0.33 0.5
0.18 0.32 0.49
0.21 0.41 0.57
0.23 0.38 0.54
0.21 0.35 0.52
0.19 0.36 0.54
0.22 0.48 0.62
0.21 0.48 0.62
0.2 0.47 0.62
0.2 0.49 0.65
0.22 0.57 0.72
0.19 0.55 0.69
0.2 0.48 0.63
0.23 0.56 0.69
0.23 0.48 0.63
0.22 0.42 0.58
0.22 0.38 0.55
0.23 0.35 0.53
0.2 0.37 0.55
0.2 0.34 0.53
0.21 0.32 0.51
0.19 0.35 0.53
0.19 0.33 0.5
0.17 0.36 0.53
0.17 0.34 0.5
0.16 0.38 0.54
0.16 0.35 0.53
0.17 0.39 0.56
0.17 0.36 0.54
0.18 0.46 0.61
0.2 0.48 0.63
0.19 0.43 0.59
0.19 0.45 0.6
0.21 0.41 0.56
0.19 0.43 0.59
0.19 0.4 0.56
0.19 0.36 0.53
0.18 0.39 0.57
0.17 0.41 0.58
0.17 0.37 0.54
0.19 0.46 0.61
0.2 0.41 0.58
0.21 0.38 0.55
0.2 0.41 0.57
0.17 0.43 0.59
0.19 0.39 0.56
0.17 0.42 0.58
0.16 0.42 0.58
0.16 0.43 0.59
0.16 0.4 0.57
0.14 0.36 0.54
0.15 0.33 0.52
0.17 0.38 0.56
0.21 0.49 0.64
0.21 0.51 0.65
0.23 0.58 0.72
0.22 0.5 0.65
0.21 0.44 0.59
0.2 0.44 0.6
0.18 0.39 0.56
0.22 0.49 0.65
0.21 0.49 0.64
0.19 0.43 0.59
0.18 0.44 0.6
0.2 0.4 0.56
0.21 0.43 0.6
0.21 0.39 0.56
0.19 0.34 0.54
0.17 0.32 0.52
0.18 0.31 0.5
0.17 0.31 0.5
0.18 0.34 0.52
0.22 0.46 0.6
0.22 0.42 0.58
0.23 0.46 0.63
0.2 0.46 0.62
0.2 0.42 0.59
0.21 0.38 0.55
0.23 0.49 0.64
0.22 0.43 0.59
0.21 0.45 0.61
0.2 0.4 0.56
0.21 0.37 0.55
0.21 0.37 0.55
0.21 0.35 0.52
0.19 0.38 0.56
0.19 0.35 0.53
0.22 0.47 0.62
0.22 0.41 0.58
0.21 0.37 0.55
0.2 0.39 0.57
0.19 0.37 0.54
0.16 0.38 0.56
0.17 0.35 0.53
0.16 0.33 0.51
0.18 0.39 0.57
0.18 0.36 0.54
0.22 0.47 0.63
0.24 0.56 0.7
0.22 0.49 0.63
0.21 0.43 0.59
0.24 0.52 0.67
0.22 0.45 0.61
0.21 0.41 0.58
0.2 0.38 0.55
0.19 0.4 0.57
0.22 0.51 0.65
0.2 0.51 0.66
0.2 0.45 0.61
0.19 0.47 0.62
0.19 0.42 0.58
0.21 0.46 0.62
0.21 0.41 0.57
0.21 0.46 0.6
0.21 0.41 0.56
0.2 0.42 0.59
0.2 0.38 0.56
0.19 0.41 0.57
0.17 0.38 0.55
0.15 0.4 0.58
0.16 0.38 0.56
0.15 0.35 0.53
0.17 0.33 0.51
0.16 0.35 0.53
0.17 0.34 0.51
0.18 0.38 0.56
0.16 0.4 0.59
0.17 0.36 0.56
0.16 0.39 0.57
0.2 0.49 0.65
0.19 0.44 0.61
0.2 0.4 0.57
0.22 0.51 0.66
0.19 0.5 0.65
0.17 0.5 0.65
0.18 0.44 0.6
0.18 0.4 0.57
0.19 0.38 0.53
0.23 0.49 0.62
0.21 0.49 0.63
0.2 0.42 0.59
0.19 0.42 0.59
0.2 0.38 0.55
0.22 0.43 0.59
0.2 0.4 0.56
0.2 0.36 0.53
0.19 0.36 0.54
0.21 0.48 0.63
0.24 0.56 0.7
0.23 0.49 0.63
0.21 0.46 0.62
0.21 0.47 0.63
0.2 0.41 0.59
0.2 0.38 0.55
0.19 0.39 0.56
0.22 0.5 0.64
0.21 0.44 0.6
0.2 0.46 0.61
0.23 0.53 0.69
0.21 0.47 0.62
0.21 0.41 0.58
0.2 0.42 0.6
0.18 0.42 0.59
0.21 0.37 0.61
0.23 0.43 0.64
0.22 0.39 0.59
0.2 0.36 0.55
0.18 0.33 0.53
0.22 0.44 0.62
0.2 0.44 0.62
0.22 0.53 0.69
0.2 0.47 0.63
0.2 0.42 0.59
0.19 0.39 0.56
0.18 0.36 0.54
0.18 0.37 0.55
0.17 0.33 0.53
0.21 0.45 0.62
0.2 0.4 0.58
0.19 0.37 0.56
0.19 0.34 0.54
0.22 0.45 0.63
0.21 0.45 0.62
0.2 0.4 0.57
0.2 0.37 0.54
0.21 0.42 0.59
0.21 0.38 0.56
0.2 0.36 0.53
0.19 0.38 0.55
0.2 0.44 0.6
0.19 0.39 0.56
0.18 0.41 0.57
0.18 0.37 0.54
0.16 0.4 0.57
0.16 0.4 0.57
0.2 0.5 0.65
0.2 0.44 0.61
0.2 0.39 0.58
0.19 0.42 0.59
0.18 0.37 0.56
0.17 0.35 0.53
0.19 0.33 0.51
0.17 0.36 0.53
0.17 0.33 0.52
0.16 0.37 0.55
0.17 0.34 0.53
0.16 0.32 0.51
0.15 0.36 0.53
0.15 0.37 0.55
0.18 0.42 0.59
0.19 0.46 0.62
0.19 0.49 0.64
0.19 0.43 0.59
0.2 0.39 0.56
0.18 0.38 0.57
0.21 0.49 0.65
0.22 0.43 0.6
0.21 0.39 0.57
0.22 0.37 0.55
0.21 0.39 0.56
0.19 0.41 0.59
0.2 0.43 0.6
0.18 0.43 0.6
0.19 0.39 0.58
0.21 0.5 0.67
0.2 0.44 0.61
0.18 0.46 0.62
0.18 0.41 0.58
0.19 0.38 0.55
0.22 0.48 0.64
0.21 0.48 0.63
0.2 0.42 0.59
0.2 0.38 0.55
0.21 0.47 0.63
0.2 0.42 0.58
0.18 0.44 0.6
0.19 0.4 0.56
0.18 0.36 0.54
0.17 0.35 0.52
0.18 0.39 0.55
0.16 0.41 0.57
0.16 0.43 0.59
0.17 0.38 0.56
0.15 0.41 0.59
0.14 0.42 0.59
0.14 0.38 0.55
0.15 0.41 0.58
0.14 0.38 0.56
0.15 0.34 0.54
0.16 0.32 0.51
0.17 0.31 0.5
0.15 0.29 0.48
0.16 0.29 0.48
0.17 0.29 0.47
0.18 0.28 0.48
0.18 0.32 0.51
0.17 0.34 0.54
0.17 0.37 0.56
0.21 0.48 0.65
0.21 0.45 0.63
0.21 0.41 0.59
0.2 0.41 0.59
0.18 0.42 0.59
0.21 0.52 0.67
0.2 0.53 0.66
0.2 0.46 0.61
0.21 0.42 0.57
0.2 0.44 0.59
0.2 0.39 0.57
0.18 0.41 0.58
0.18 0.37 0.55
0.18 0.39 0.56
0.17 0.41 0.58
0.17 0.37 0.54
0.17 0.34 0.52
0.16 0.38 0.55
0.18 0.43 0.59
0.16 0.39 0.55
0.15 0.35 0.54
0.15 0.39 0.56
0.16 0.36 0.53
0.19 0.33 0.51
0.18 0.31 0.49
0.16 0.3 0.49
0.17 0.3 0.48
0.14 0.34 0.52
0.14 0.36 0.53
0.13 0.4 0.56
0.14 0.35 0.54
0.14 0.38 0.56
0.14 0.35 0.54
0.16 0.34 0.52
0.16 0.31 0.5
0.18 0.42 0.58
0.17 0.37 0.55
0.17 0.34 0.52
0.2 0.47 0.61
0.2 0.48 0.63
0.21 0.42 0.59
0.21 0.38 0.55
0.2 0.39 0.56
0.2 0.39 0.56
0.21 0.36 0.54
0.19 0.4 0.57
0.17 0.4 0.57
0.17 0.4 0.57
0.16 0.38 0.58
0.16 0.38 0.58
0.17 0.42 0.61
0.17 0.4 0.61
0.16 0.35 0.57
0.16 0.35 0.58
0.14 0.38 0.59
0.14 0.4 0.59
0.15 0.37 0.56
0.16 0.34 0.53
0.19 0.4 0.58
0.18 0.38 0.58
0.2 0.41 0.61
0.18 0.36 0.6
0.2 0.36 0.61
0.22 0.48 0.68
0.23 0.46 0.64
0.23 0.49 0.66
0.24 0.57 0.73
0.23 0.57 0.73
0.21 0.53 0.68
0.24 0.6 0.73
0.23 0.54 0.69
0.22 0.47 0.64
0.22 0.49 0.67
0.21 0.44 0.61
0.24 0.53 0.68
0.22 0.47 0.63
0.24 0.56 0.7
0.21 0.48 0.64
0.19 0.42 0.59
0.19 0.38 0.56
0.19 0.36 0.54
0.18 0.33 0.52
0.18 0.31 0.5
0.18 0.3 0.49
0.17 0.29 0.48
0.17 0.28 0.47
0.16 0.27 0.47
0.15 0.32 0.51
0.12 0.3 0.49
0.13 0.29 0.48
0.13 0.28 0.47
0.14 0.28 0.48
0.13 0.28 0.47
0.14 0.28 0.47
0.16 0.36 0.54
0.19 0.47 0.63
0.18 0.43 0.6
0.18 0.39 0.56
0.17 0.36 0.54
0.2 0.48 0.63
0.2 0.42 0.59
0.19 0.38 0.55
0.19 0.35 0.52
0.19 0.32 0.51
0.17 0.3 0.49
0.16 0.35 0.53
0.15 0.33 0.51
0.17 0.38 0.56
0.15 0.41 0.58
0.14 0.37 0.55
0.13 0.34 0.52
0.13 0.38 0.55
0.12 0.41 0.58
0.14 0.37 0.54
0.14 0.33 0.52
0.13 0.37 0.55
0.15 0.4 0.58
0.13 0.35 0.54
0.12 0.39 0.56
0.14 0.45 0.61
0.17 0.54 0.69
0.18 0.53 0.68
0.17 0.45 0.62
0.15 0.44 0.61
0.15 0.44 0.61
0.15 0.44 0.61
0.14 0.43 0.61
0.16 0.39 0.58
0.14 0.4 0.59
0.16 0.41 0.59
0.18 0.46 0.65
0.16 0.46 0.64
0.19 0.49 0.66
0.18 0.46 0.63
0.2 0.55 0.7
0.19 0.53 0.67
0.19 0.53 0.67
0.16 0.52 0.67
0.15 0.51 0.66
0.16 0.46 0.61
0.13 0.46 0.63
0.18 0.54 0.7
0.18 0.5 0.67
0.15 0.48 0.66
0.18 0.57 0.73
