0.56 0.29 0.6
0.56 0.33 0.59
0.56 0.32 0.59
0.56 0.34 0.6
0.54 0.32 0.58
0.55 0.34 0.58
0.55 0.36 0.57
0.56 0.34 0.57
0.56 0.35 0.57
0.56 0.33 0.58
0.56 0.32 0.58
0.56 0.34 0.59
0.56 0.33 0.6
0.56 0.32 0.59
0.57 0.34 0.57
0.57 0.36 0.59
0.56 0.35 0.59
0.56 0.34 0.6
0.55 0.35 0.59
0.56 0.33 0.6
0.57 0.35 0.59
0.56 0.32 0.59
0.57 0.31 0.59
0.57 0.34 0.59
0.56 0.33 0.59
0.56 0.33 0.59
0.56 0.38 0.63
0.56 0.35 0.62
0.56 0.36 0.59
0.56 0.34 0.58
0.56 0.33 0.58
0.56 0.32 0.58
0.56 0.3 0.58
0.57 0.29 0.59
0.56 0.28 0.58
0.56 0.3 0.58
0.56 0.31 0.59
0.57 0.31 0.59
0.57 0.3 0.6
0.55 0.29 0.58
0.55 0.28 0.58
0.56 0.29 0.58
0.56 0.28 0.57
0.55 0.28 0.58
0.55 0.31 0.58
0.55 0.29 0.58
0.55 0.3 0.58
0.56 0.28 0.58
0.56 0.31 0.6
0.56 0.33 0.59
0.57 0.35 0.62
0.57 0.34 0.61
0.57 0.32 0.61
0.57 0.37 0.64
0.56 0.35 0.62
0.56 0.33 0.62
0.55 0.33 0.61
0.54 0.33 0.6
0.55 0.38 0.63
0.55 0.36 0.61
0.55 0.34 0.61
0.55 0.33 0.6
0.54 0.32 0.59
0.54 0.31 0.58
0.54 0.3 0.57
0.53 0.3 0.57
0.54 0.29 0.58
0.54 0.28 0.58
0.54 0.32 0.59
0.56 0.34 0.57
0.56 0.36 0.58
0.55 0.34 0.58
0.57 0.34 0.58
0.57 0.35 0.57
0.56 0.33 0.57
0.55 0.35 0.57
0.55 0.33 0.57
0.55 0.32 0.57
0.54 0.3 0.57
0.55 0.3 0.58
0.55 0.3 0.57
0.56 0.3 0.58
0.55 0.32 0.59
0.56 0.35 0.59
0.56 0.34 0.59
0.56 0.34 0.58
0.56 0.33 0.58
0.55 0.31 0.58
0.54 0.31 0.58
0.54 0.32 0.59
0.53 0.32 0.58
0.52 0.31 0.58
0.53 0.31 0.58
0.53 0.3 0.58
0.54 0.29 0.58
0.54 0.3 0.59
0.56 0.3 0.59
0.55 0.31 0.59
0.55 0.31 0.6
0.57 0.37 0.65
0.57 0.38 0.66
0.57 0.36 0.64
0.55 0.34 0.62
0.55 0.32 0.61
0.54 0.32 0.6
0.55 0.32 0.6
0.55 0.32 0.59
0.55 0.31 0.6
0.55 0.31 0.59
0.55 0.31 0.59
0.57 0.32 0.6
0.57 0.3 0.6
0.56 0.3 0.6
0.56 0.32 0.6
0.56 0.31 0.6
0.57 0.33 0.59
0.58 0.31 0.59
0.57 0.34 0.57
0.57 0.33 0.58
0.55 0.34 0.59
0.56 0.31 0.58
0.56 0.3 0.57
0.56 0.31 0.58
0.56 0.33 0.58
0.55 0.31 0.57
0.55 0.3 0.57
0.55 0.28 0.57
0.55 0.29 0.58
0.55 0.31 0.57
0.56 0.33 0.58
0.56 0.32 0.58
0.55 0.3 0.57
0.55 0.29 0.58
0.55 0.3 0.58
0.54 0.29 0.58
0.55 0.28 0.58
0.57 0.35 0.63
0.56 0.33 0.63
0.57 0.32 0.62
0.56 0.31 0.61
0.55 0.3 0.6
0.55 0.29 0.6
0.55 0.28 0.59
0.56 0.32 0.59
0.56 0.32 0.59
0.56 0.34 0.6
0.55 0.33 0.59
0.55 0.31 0.59
0.55 0.31 0.59
0.56 0.33 0.58
0.55 0.31 0.57
0.54 0.31 0.58
0.55 0.3 0.58
0.56 0.32 0.58
0.55 0.32 0.58
0.55 0.31 0.58
0.54 0.29 0.58
0.52 0.37 0.65
0.53 0.35 0.63
0.53 0.34 0.63
0.54 0.33 0.62
0.54 0.31 0.6
0.55 0.33 0.59
0.55 0.3 0.59
0.55 0.29 0.59
0.56 0.33 0.61
0.55 0.31 0.59
0.54 0.3 0.59
0.55 0.31 0.6
0.54 0.3 0.59
0.55 0.3 0.6
0.54 0.29 0.59
0.55 0.29 0.59
0.55 0.29 0.59
0.55 0.28 0.59
0.54 0.28 0.59
0.54 0.28 0.59
0.54 0.28 0.59
0.55 0.31 0.59
0.54 0.3 0.59
0.55 0.3 0.59
0.56 0.3 0.58
0.54 0.29 0.58
0.55 0.31 0.59
0.56 0.34 0.58
0.56 0.32 0.58
0.56 0.32 0.57
0.56 0.34 0.58
0.56 0.33 0.57
0.56 0.32 0.58
0.56 0.34 0.57
0.56 0.36 0.57
0.56 0.34 0.57
0.56 0.32 0.58
0.57 0.31 0.58
0.57 0.3 0.58
0.57 0.34 0.6
0.57 0.33 0.6
0.56 0.33 0.6
0.55 0.31 0.59
0.56 0.34 0.59
0.56 0.31 0.59
0.57 0.32 0.59
0.56 0.31 0.58
0.56 0.29 0.58
0.56 0.3 0.58
0.55 0.3 0.58
0.55 0.28 0.58
0.54 0.28 0.58
0.55 0.29 0.59
0.54 0.29 0.58
0.55 0.32 0.59
0.56 0.33 0.6
0.55 0.32 0.59
0.55 0.3 0.58
0.55 0.3 0.59
0.55 0.29 0.58
0.56 0.33 0.58
0.55 0.31 0.57
0.55 0.32 0.58
0.55 0.31 0.57
0.55 0.3 0.57
0.56 0.29 0.57
0.55 0.29 0.57
0.55 0.29 0.57
0.56 0.33 0.58
0.55 0.32 0.58
0.54 0.33 0.59
0.55 0.33 0.58
0.56 0.31 0.57
0.56 0.34 0.6
0.56 0.33 0.59
0.57 0.35 0.61
0.57 0.34 0.6
0.56 0.32 0.6
0.57 0.32 0.6
0.57 0.34 0.61
0.56 0.32 0.6
0.56 0.31 0.6
0.58 0.33 0.59
0.56 0.31 0.58
0.56 0.3 0.58
0.55 0.3 0.58
0.54 0.29 0.56
0.53 0.29 0.56
0.53 0.27 0.56
0.54 0.32 0.57
0.56 0.31 0.57
0.56 0.33 0.57
0.55 0.34 0.58
0.54 0.32 0.57
0.56 0.32 0.58
0.57 0.31 0.59
0.56 0.34 0.59
0.56 0.32 0.59
0.57 0.32 0.6
0.56 0.31 0.59
0.56 0.3 0.59
0.56 0.29 0.59
0.56 0.36 0.63
0.56 0.35 0.62
0.56 0.35 0.62
0.56 0.37 0.63
0.57 0.35 0.62
0.57 0.37 0.61
0.57 0.34 0.6
0.56 0.33 0.59
0.55 0.33 0.59
0.56 0.32 0.6
0.56 0.3 0.6
0.57 0.33 0.59
0.59 0.38 0.64
0.6 0.43 0.68
0.6 0.39 0.65
0.58 0.41 0.65
0.57 0.37 0.63
0.56 0.34 0.61
0.56 0.36 0.6
0.56 0.34 0.59
0.56 0.33 0.6
0.56 0.32 0.6
0.57 0.33 0.6
0.58 0.37 0.64
0.57 0.36 0.63
0.57 0.34 0.62
0.58 0.32 0.62
0.56 0.34 0.61
0.56 0.36 0.62
0.58 0.4 0.66
0.57 0.37 0.64
0.56 0.37 0.64
0.56 0.38 0.63
0.56 0.42 0.65
0.55 0.4 0.64
0.55 0.37 0.63
0.54 0.35 0.62
0.54 0.34 0.61
0.55 0.34 0.6
0.54 0.32 0.59
0.55 0.33 0.6
0.55 0.32 0.6
0.54 0.31 0.59
0.55 0.3 0.58
0.55 0.33 0.59
0.56 0.36 0.59
0.55 0.34 0.59
0.54 0.33 0.58
0.56 0.33 0.59
0.55 0.32 0.59
0.55 0.32 0.59
0.55 0.32 0.58
0.55 0.3 0.58
0.55 0.3 0.58
0.56 0.34 0.6
0.57 0.33 0.59
0.56 0.32 0.58
0.56 0.35 0.6
0.56 0.33 0.6
0.55 0.31 0.59
0.55 0.32 0.6
0.55 0.31 0.59
0.54 0.31 0.59
0.55 0.33 0.59
0.57 0.39 0.64
0.57 0.37 0.63
0.57 0.35 0.62
0.55 0.33 0.61
0.55 0.32 0.6
0.55 0.31 0.59
0.54 0.31 0.58
0.54 0.34 0.59
0.55 0.32 0.59
0.54 0.32 0.58
0.55 0.31 0.58
0.57 0.36 0.64
0.56 0.35 0.63
0.56 0.33 0.62
0.57 0.3 0.62
0.56 0.32 0.6
0.57 0.31 0.61
0.57 0.29 0.61
0.57 0.3 0.61
0.56 0.29 0.59
0.56 0.3 0.59
0.56 0.31 0.59
0.56 0.3 0.58
0.56 0.3 0.59
0.56 0.3 0.59
0.57 0.32 0.59
0.56 0.3 0.59
0.55 0.3 0.59
0.55 0.29 0.58
0.54 0.29 0.57
0.55 0.29 0.58
0.56 0.32 0.58
0.56 0.32 0.58
0.56 0.34 0.57
0.56 0.36 0.56
0.56 0.37 0.56
0.55 0.38 0.57
0.55 0.36 0.57
0.55 0.33 0.57
0.55 0.31 0.56
0.55 0.31 0.57
0.54 0.3 0.57
0.54 0.29 0.57
0.55 0.33 0.58
0.55 0.31 0.58
0.55 0.33 0.58
0.56 0.32 0.59
0.56 0.35 0.59
0.55 0.33 0.58
0.56 0.35 0.58
0.56 0.37 0.57
0.55 0.37 0.57
0.55 0.36 0.58
0.55 0.34 0.59
0.55 0.33 0.58
0.55 0.31 0.58
0.54 0.33 0.56
0.55 0.36 0.56
0.55 0.36 0.57
0.55 0.34 0.58
0.55 0.36 0.6
0.56 0.36 0.61
0.56 0.38 0.59
0.57 0.35 0.59
0.56 0.33 0.58
0.56 0.31 0.58
0.55 0.3 0.57
0.55 0.3 0.57
0.56 0.34 0.61
0.57 0.36 0.61
0.57 0.33 0.61
0.58 0.34 0.61
0.57 0.32 0.6
0.56 0.32 0.59
0.55 0.31 0.59
0.56 0.3 0.58
0.56 0.31 0.59
0.55 0.34 0.58
0.55 0.36 0.6
0.53 0.34 0.59
0.53 0.33 0.59
0.53 0.32 0.58
0.53 0.34 0.59
0.53 0.33 0.58
0.54 0.35 0.58
0.54 0.33 0.58
0.55 0.35 0.58
0.54 0.33 0.58
0.54 0.34 0.59
0.54 0.32 0.59
0.56 0.34 0.59
0.56 0.36 0.58
0.56 0.34 0.58
0.56 0.32 0.58
0.56 0.32 0.58
0.55 0.3 0.58
0.56 0.32 0.58
0.56 0.33 0.59
0.57 0.35 0.57
0.57 0.34 0.58
0.58 0.32 0.62
0.58 0.32 0.62
0.57 0.31 0.61
0.57 0.31 0.61
0.59 0.36 0.65
0.58 0.33 0.63
0.56 0.32 0.62
0.56 0.31 0.61
0.56 0.36 0.63
0.56 0.34 0.62
0.56 0.33 0.61
0.56 0.32 0.61
0.56 0.31 0.6
0.55 0.31 0.6
0.55 0.3 0.59
0.55 0.33 0.58
0.55 0.34 0.59
0.56 0.36 0.59
0.56 0.35 0.6
0.56 0.33 0.59
0.56 0.33 0.61
0.56 0.34 0.59
0.57 0.32 0.59
0.57 0.37 0.62
0.56 0.34 0.61
0.55 0.32 0.6
0.56 0.35 0.61
0.55 0.35 0.6
0.56 0.37 0.58
0.56 0.37 0.58
0.56 0.37 0.57
0.56 0.35 0.58
0.56 0.33 0.58
0.56 0.32 0.58
0.56 0.31 0.58
0.56 0.33 0.57
0.57 0.32 0.57
0.56 0.32 0.58
0.55 0.32 0.58
0.56 0.31 0.57
0.57 0.3 0.58
0.57 0.28 0.58
0.57 0.28 0.58
0.56 0.28 0.57
0.56 0.28 0.58
0.57 0.28 0.58
0.56 0.28 0.58
0.56 0.28 0.57
0.56 0.28 0.57
0.55 0.28 0.57
0.56 0.28 0.58
0.56 0.32 0.61
0.56 0.32 0.61
0.56 0.33 0.59
0.55 0.33 0.59
0.56 0.32 0.58
0.55 0.31 0.58
0.56 0.3 0.58
0.57 0.34 0.62
0.57 0.33 0.61
0.57 0.35 0.6
0.57 0.32 0.6
0.56 0.34 0.59
0.57 0.42 0.65
0.57 0.38 0.63
0.56 0.36 0.62
0.57 0.34 0.61
0.56 0.33 0.61
0.57 0.32 0.61
0.56 0.31 0.6
0.55 0.3 0.6
0.55 0.29 0.59
0.55 0.29 0.59
0.55 0.28 0.58
0.56 0.32 0.58
0.56 0.31 0.58
0.56 0.31 0.58
0.57 0.32 0.59
0.57 0.3 0.6
0.56 0.29 0.59
0.57 0.35 0.63
0.56 0.34 0.61
0.56 0.33 0.61
0.56 0.31 0.6
0.56 0.3 0.59
0.57 0.3 0.59
0.56 0.3 0.58
0.56 0.29 0.58
0.56 0.32 0.59
0.58 0.37 0.64
0.57 0.34 0.62
0.59 0.39 0.67
0.58 0.36 0.65
0.58 0.38 0.64
0.57 0.38 0.62
0.57 0.35 0.6
0.56 0.35 0.6
0.56 0.35 0.6
0.55 0.34 0.58
0.57 0.37 0.61
0.58 0.42 0.66
0.59 0.45 0.69
0.59 0.45 0.69
0.58 0.41 0.66
0.58 0.41 0.64
0.6 0.45 0.68
0.58 0.4 0.65
0.57 0.37 0.63
0.57 0.35 0.62
0.57 0.34 0.62
0.56 0.32 0.61
0.56 0.32 0.61
0.56 0.34 0.59
0.57 0.38 0.63
0.56 0.35 0.62
0.58 0.4 0.66
0.57 0.39 0.64
0.56 0.37 0.62
0.56 0.36 0.61
0.56 0.34 0.61
0.56 0.35 0.6
0.55 0.34 0.59
0.56 0.37 0.6
0.55 0.38 0.58
0.56 0.39 0.59
0.57 0.35 0.6
0.57 0.37 0.6
0.57 0.35 0.59
0.57 0.33 0.59
0.57 0.34 0.6
0.58 0.37 0.62
0.57 0.35 0.61
0.57 0.34 0.61
0.57 0.33 0.61
0.57 0.32 0.61
0.57 0.32 0.6
0.57 0.31 0.6
0.57 0.29 0.6
0.57 0.28 0.59
0.57 0.29 0.59
0.57 0.29 0.59
0.56 0.29 0.59
0.56 0.3 0.58
0.56 0.31 0.58
0.57 0.34 0.59
0.57 0.38 0.63
0.57 0.36 0.61
0.57 0.4 0.65
0.58 0.37 0.68
0.57 0.36 0.66
0.57 0.35 0.65
0.57 0.33 0.64
0.58 0.32 0.64
0.57 0.33 0.63
0.56 0.33 0.61
0.56 0.38 0.64
0.56 0.35 0.62
0.55 0.34 0.61
0.54 0.32 0.6
0.54 0.32 0.6
0.54 0.34 0.6
0.55 0.34 0.6
0.55 0.34 0.61
0.56 0.36 0.61
0.56 0.34 0.6
0.56 0.36 0.6
0.56 0.33 0.6
0.55 0.32 0.59
0.54 0.32 0.57
0.55 0.37 0.61
0.55 0.35 0.6
0.55 0.35 0.59
0.54 0.33 0.59
0.54 0.35 0.59
0.54 0.33 0.59
0.55 0.36 0.59
0.56 0.35 0.59
0.56 0.33 0.58
0.56 0.38 0.62
0.55 0.36 0.6
0.54 0.34 0.59
0.54 0.35 0.59
0.53 0.34 0.58
0.53 0.33 0.58
0.53 0.33 0.58
0.53 0.35 0.61
0.53 0.33 0.59
0.53 0.33 0.59
0.53 0.31 0.58
0.54 0.31 0.58
0.54 0.3 0.57
0.54 0.31 0.58
0.54 0.3 0.59
0.55 0.3 0.58
0.55 0.31 0.6
0.55 0.32 0.6
0.55 0.32 0.59
0.55 0.31 0.58
0.55 0.31 0.58
0.54 0.32 0.59
0.54 0.32 0.59
0.53 0.32 0.59
0.53 0.32 0.58
0.53 0.3 0.58
0.53 0.32 0.57
0.53 0.3 0.57
0.53 0.3 0.57
0.55 0.34 0.59
0.54 0.32 0.59
0.54 0.3 0.58
0.55 0.33 0.59
0.55 0.31 0.58
0.55 0.31 0.58
0.55 0.3 0.58
0.55 0.29 0.58
0.56 0.3 0.59
0.56 0.3 0.59
0.57 0.33 0.6
0.56 0.32 0.59
0.56 0.32 0.59
0.56 0.33 0.59
0.55 0.35 0.59
0.55 0.35 0.59
0.54 0.33 0.59
0.55 0.32 0.58
0.53 0.3 0.57
0.53 0.31 0.57
0.54 0.31 0.57
0.53 0.31 0.57
0.53 0.32 0.58
0.54 0.32 0.59
0.55 0.31 0.59
0.54 0.31 0.58
0.55 0.33 0.59
0.55 0.34 0.6
0.55 0.34 0.59
0.55 0.32 0.59
0.56 0.34 0.58
0.57 0.36 0.58
0.56 0.34 0.58
0.57 0.36 0.59
0.57 0.35 0.57
0.57 0.35 0.58
0.56 0.33 0.57
0.56 0.33 0.58
0.56 0.31 0.57
0.58 0.37 0.63
0.57 0.35 0.62
0.57 0.33 0.61
0.57 0.34 0.62
0.56 0.33 0.61
0.56 0.31 0.61
0.56 0.29 0.6
0.56 0.31 0.58
0.56 0.3 0.58
0.57 0.34 0.61
0.56 0.33 0.6
0.55 0.31 0.59
0.55 0.28 0.59
0.54 0.3 0.6
0.54 0.34 0.64
0.54 0.34 0.63
0.55 0.32 0.63
0.55 0.31 0.63
0.56 0.29 0.62
0.55 0.28 0.61
0.54 0.27 0.6
0.54 0.33 0.63
0.54 0.31 0.61
0.54 0.31 0.61
0.55 0.37 0.64
0.54 0.4 0.65
0.54 0.37 0.63
0.54 0.38 0.61
0.55 0.4 0.62
0.53 0.36 0.6
0.53 0.34 0.59
0.54 0.33 0.59
0.54 0.32 0.58
0.55 0.35 0.57
0.55 0.37 0.58
0.55 0.35 0.58
0.54 0.34 0.58
0.54 0.33 0.58
0.53 0.32 0.58
0.53 0.31 0.57
0.53 0.32 0.58
0.52 0.33 0.58
0.53 0.33 0.58
0.53 0.33 0.57
0.53 0.32 0.58
0.54 0.31 0.58
0.54 0.33 0.58
0.54 0.35 0.57
0.54 0.38 0.57
0.53 0.35 0.56
0.53 0.35 0.56
0.53 0.32 0.56
0.54 0.31 0.56
0.55 0.35 0.6
0.56 0.34 0.59
0.56 0.35 0.57
0.55 0.33 0.57
0.56 0.31 0.57
0.55 0.3 0.57
0.55 0.3 0.58
0.55 0.36 0.62
0.54 0.36 0.6
0.55 0.4 0.64
0.55 0.38 0.63
0.55 0.41 0.66
0.55 0.38 0.64
0.55 0.39 0.63
0.55 0.35 0.62
0.56 0.37 0.6
0.55 0.35 0.6
0.55 0.36 0.59
0.55 0.34 0.58
0.55 0.33 0.59
0.54 0.31 0.58
0.53 0.31 0.59
0.53 0.33 0.6
0.51 0.28 0.57
0.53 0.29 0.58
0.53 0.3 0.59
0.54 0.28 0.59
0.55 0.28 0.6
0.54 0.29 0.59
0.55 0.28 0.59
0.55 0.27 0.58
0.54 0.28 0.58
0.55 0.33 0.6
0.55 0.31 0.59
0.54 0.32 0.59
0.54 0.32 0.59
0.54 0.31 0.59
0.55 0.34 0.59
0.55 0.32 0.58
0.54 0.35 0.58
0.55 0.34 0.58
0.55 0.36 0.58
0.55 0.34 0.58
0.54 0.32 0.57
0.54 0.34 0.57
0.54 0.34 0.58
0.54 0.33 0.57
0.55 0.35 0.57
0.56 0.34 0.57
0.56 0.32 0.57
0.55 0.31 0.58
0.55 0.31 0.58
0.55 0.31 0.57
0.55 0.32 0.58
0.57 0.36 0.58
0.56 0.34 0.58
0.55 0.36 0.58
0.55 0.34 0.58
0.56 0.32 0.57
0.56 0.31 0.57
0.56 0.3 0.57
0.56 0.3 0.58
0.56 0.33 0.58
0.56 0.33 0.59
0.55 0.34 0.61
0.55 0.33 0.6
0.55 0.31 0.6
0.55 0.34 0.61
0.55 0.32 0.6
0.54 0.33 0.6
0.56 0.34 0.59
0.56 0.32 0.59
0.55 0.31 0.58
0.55 0.33 0.58
0.56 0.37 0.59
0.56 0.35 0.58
0.55 0.33 0.58
0.56 0.32 0.58
0.55 0.34 0.57
0.55 0.34 0.58
0.55 0.32 0.58
0.53 0.32 0.58
0.53 0.31 0.57
0.53 0.32 0.57
0.53 0.32 0.58
0.54 0.31 0.57
0.54 0.34 0.56
0.54 0.34 0.57
0.54 0.34 0.57
0.54 0.33 0.57
0.55 0.37 0.61
0.55 0.34 0.6
0.54 0.32 0.58
0.55 0.31 0.59
0.55 0.29 0.59
0.55 0.32 0.59
0.55 0.35 0.59
0.53 0.34 0.59
0.54 0.34 0.59
0.53 0.32 0.58
0.54 0.31 0.58
0.55 0.34 0.58
0.55 0.36 0.59
0.56 0.35 0.6
0.56 0.38 0.62
0.56 0.41 0.64
0.54 0.42 0.65
0.54 0.39 0.63
0.55 0.37 0.62
0.55 0.35 0.61
0.55 0.35 0.59
0.55 0.38 0.59
0.56 0.39 0.59
0.56 0.36 0.59
0.57 0.37 0.61
0.58 0.41 0.66
0.58 0.41 0.66
0.57 0.38 0.64
0.55 0.36 0.61
0.55 0.35 0.6
0.55 0.35 0.6
0.57 0.37 0.61
0.58 0.4 0.65
0.58 0.38 0.63
0.57 0.37 0.62
0.56 0.36 0.62
0.56 0.34 0.61
0.57 0.34 0.61
0.56 0.32 0.61
0.56 0.31 0.61
0.56 0.31 0.6
0.55 0.31 0.6
0.55 0.34 0.59
0.55 0.36 0.59
0.55 0.33 0.58
0.55 0.32 0.59
0.55 0.32 0.59
0.55 0.31 0.59
0.55 0.31 0.58
0.56 0.31 0.58
0.57 0.33 0.58
0.56 0.33 0.59
0.56 0.36 0.59
0.55 0.33 0.58
0.55 0.33 0.59
0.53 0.31 0.58
0.54 0.3 0.57
0.55 0.3 0.58
0.55 0.29 0.58
0.56 0.31 0.6
0.55 0.32 0.61
0.56 0.31 0.61
0.57 0.32 0.62
0.57 0.33 0.62
0.56 0.31 0.6
0.55 0.31 0.6
0.56 0.31 0.59
0.56 0.3 0.59
0.56 0.3 0.59
0.57 0.33 0.6
0.57 0.31 0.6
0.58 0.38 0.64
0.57 0.34 0.63
0.58 0.38 0.6
0.58 0.35 0.6
0.58 0.33 0.6
0.57 0.31 0.59
0.56 0.31 0.59
0.57 0.31 0.6
0.57 0.31 0.6
0.56 0.3 0.59
0.57 0.29 0.6
0.57 0.34 0.62
0.58 0.33 0.6
0.59 0.38 0.65
0.58 0.36 0.64
0.58 0.37 0.62
0.58 0.39 0.64
0.58 0.38 0.61
0.56 0.37 0.61
0.57 0.4 0.65
0.58 0.37 0.64
0.58 0.33 0.63
0.58 0.32 0.62
0.57 0.36 0.64
0.57 0.39 0.63
0.56 0.36 0.61
0.56 0.37 0.61
0.55 0.36 0.6
0.55 0.33 0.6
0.54 0.32 0.59
0.54 0.3 0.59
0.54 0.3 0.58
0.54 0.29 0.57
0.54 0.3 0.57
0.54 0.29 0.57
0.53 0.29 0.57
0.53 0.28 0.57
0.53 0.28 0.57
0.52 0.28 0.58
0.52 0.3 0.57
0.53 0.29 0.57
0.54 0.35 0.61
0.54 0.37 0.6
0.54 0.35 0.6
0.53 0.33 0.58
0.54 0.35 0.58
0.53 0.34 0.57
0.54 0.34 0.58
0.52 0.33 0.57
0.52 0.32 0.57
0.53 0.32 0.56
0.53 0.31 0.56
0.53 0.31 0.57
0.54 0.33 0.57
0.54 0.32 0.57
0.53 0.32 0.58
0.54 0.31 0.56
0.55 0.36 0.6
0.54 0.34 0.59
0.54 0.34 0.58
0.54 0.33 0.59
0.57 0.38 0.63
0.57 0.35 0.62
0.56 0.34 0.6
0.57 0.36 0.58
0.55 0.36 0.57
0.55 0.35 0.57
0.56 0.37 0.58
0.55 0.36 0.56
0.54 0.37 0.57
0.56 0.32 0.6
0.54 0.32 0.59
0.53 0.32 0.58
0.54 0.35 0.59
0.55 0.34 0.59
0.54 0.34 0.6
0.55 0.35 0.59
0.56 0.36 0.61
0.55 0.34 0.6
0.55 0.35 0.58
0.55 0.33 0.59
0.54 0.32 0.58
0.54 0.31 0.58
0.55 0.32 0.58
0.55 0.32 0.59
0.55 0.3 0.59
0.55 0.32 0.58
0.55 0.31 0.58
0.55 0.3 0.58
0.55 0.29 0.58
0.55 0.3 0.59
0.55 0.3 0.59
0.56 0.34 0.59
0.55 0.32 0.59
0.54 0.31 0.58
0.54 0.31 0.59
0.54 0.34 0.61
0.56 0.35 0.61
0.56 0.33 0.6
0.57 0.31 0.6
0.57 0.31 0.6
0.57 0.29 0.59
0.57 0.29 0.59
0.56 0.29 0.58
0.53 0.35 0.63
0.55 0.39 0.67
0.56 0.36 0.65
0.56 0.35 0.64
0.56 0.34 0.63
0.56 0.34 0.62
0.54 0.31 0.6
0.54 0.3 0.59
0.55 0.3 0.59
0.55 0.29 0.59
0.57 0.32 0.58
0.57 0.36 0.58
0.57 0.37 0.58
0.57 0.36 0.58
0.56 0.34 0.58
0.56 0.32 0.58
0.56 0.31 0.58
0.56 0.33 0.59
0.57 0.36 0.6
0.56 0.4 0.64
0.56 0.36 0.62
0.54 0.34 0.61
0.55 0.34 0.62
0.55 0.33 0.61
0.56 0.34 0.59
0.55 0.34 0.59
0.54 0.32 0.58
0.53 0.3 0.57
0.54 0.29 0.57
0.54 0.28 0.58
0.53 0.3 0.58
0.54 0.33 0.57
0.54 0.31 0.57
0.54 0.32 0.58
0.54 0.33 0.59
0.55 0.35 0.59
0.54 0.33 0.59
0.54 0.34 0.58
0.53 0.32 0.57
0.55 0.34 0.59
0.54 0.33 0.59
0.54 0.35 0.59
0.55 0.36 0.59
0.55 0.33 0.58
0.55 0.34 0.59
0.56 0.36 0.59
0.56 0.34 0.59
0.56 0.33 0.6
0.56 0.34 0.59
0.56 0.32 0.59
0.56 0.31 0.59
0.56 0.33 0.58
0.56 0.33 0.59
0.56 0.32 0.59
0.55 0.34 0.58
0.55 0.32 0.58
0.57 0.36 0.62
0.56 0.36 0.62
0.56 0.35 0.62
0.57 0.4 0.66
0.57 0.36 0.63
0.56 0.35 0.63
0.57 0.34 0.61
0.59 0.35 0.6
0.58 0.36 0.62
0.59 0.38 0.61
0.57 0.36 0.6
0.57 0.33 0.6
0.57 0.35 0.6
0.58 0.34 0.6
0.58 0.41 0.66
0.57 0.41 0.65
0.57 0.41 0.63
0.56 0.38 0.62
0.56 0.36 0.62
0.56 0.36 0.62
0.54 0.36 0.62
0.56 0.34 0.62
0.56 0.36 0.62
0.57 0.39 0.65
0.57 0.38 0.61
0.56 0.39 0.61
0.56 0.38 0.62
0.55 0.4 0.6
0.55 0.37 0.59
0.56 0.35 0.59
0.56 0.34 0.59
0.57 0.33 0.6
0.56 0.32 0.59
0.56 0.3 0.6
0.56 0.3 0.6
0.56 0.29 0.6
0.55 0.29 0.59
0.55 0.29 0.58
0.55 0.29 0.59
0.55 0.32 0.61
0.55 0.31 0.6
0.55 0.3 0.6
0.55 0.29 0.59
0.55 0.33 0.6
0.55 0.32 0.6
0.54 0.32 0.59
0.55 0.34 0.57
0.57 0.4 0.62
0.55 0.36 0.61
0.55 0.41 0.65
0.55 0.38 0.64
0.55 0.38 0.64
0.55 0.35 0.63
0.55 0.34 0.62
0.55 0.32 0.61
0.56 0.32 0.62
0.56 0.32 0.63
0.57 0.32 0.62
0.57 0.3 0.66
0.58 0.36 0.69
0.57 0.34 0.66
0.55 0.33 0.64
0.55 0.31 0.62
0.55 0.31 0.61
0.56 0.34 0.62
0.56 0.32 0.61
0.56 0.34 0.61
0.57 0.32 0.61
0.57 0.32 0.61
0.57 0.31 0.6
0.56 0.3 0.6
0.56 0.29 0.6
0.57 0.29 0.61
0.58 0.29 0.61
0.57 0.28 0.6
