0.76 0.32 0.57
0.76 0.33 0.55
0.75 0.34 0.58
0.75 0.33 0.59
0.75 0.32 0.61
0.76 0.32 0.59
0.76 0.31 0.57
0.77 0.33 0.56
0.76 0.33 0.59
0.77 0.34 0.58
0.77 0.34 0.56
0.77 0.33 0.54
0.77 0.31 0.54
0.77 0.31 0.56
0.76 0.32 0.59
0.76 0.33 0.58
0.75 0.31 0.56
0.75 0.34 0.59
0.75 0.36 0.62
0.76 0.35 0.6
0.77 0.34 0.59
0.76 0.33 0.56
0.77 0.33 0.56
0.77 0.32 0.55
0.77 0.33 0.55
0.76 0.32 0.55
0.75 0.28 0.53
0.76 0.29 0.53
0.76 0.28 0.51
0.74 0.29 0.54
0.75 0.3 0.56
0.74 0.28 0.53
0.75 0.29 0.52
0.77 0.32 0.53
0.78 0.32 0.53
0.79 0.33 0.54
0.79 0.34 0.55
0.79 0.33 0.55
0.78 0.33 0.53
0.76 0.3 0.51
0.77 0.32 0.52
0.76 0.32 0.52
0.76 0.31 0.51
0.76 0.31 0.51
0.75 0.34 0.55
0.76 0.34 0.55
0.76 0.35 0.56
0.78 0.4 0.61
0.76 0.39 0.62
0.74 0.33 0.57
0.75 0.32 0.55
0.74 0.36 0.58
0.75 0.35 0.56
0.77 0.37 0.56
0.8 0.39 0.61
0.79 0.39 0.63
0.78 0.4 0.64
0.8 0.42 0.67
0.79 0.4 0.63
0.8 0.4 0.63
0.8 0.39 0.61
0.79 0.41 0.64
0.78 0.41 0.65
0.78 0.4 0.64
0.77 0.4 0.62
0.77 0.37 0.58
0.76 0.34 0.57
0.76 0.34 0.55
0.77 0.36 0.55
0.75 0.37 0.58
0.76 0.4 0.61
0.76 0.37 0.59
0.75 0.36 0.56
0.79 0.4 0.61
0.79 0.42 0.64
0.77 0.38 0.62
0.78 0.39 0.64
0.77 0.35 0.6
0.79 0.4 0.64
0.76 0.41 0.65
0.75 0.4 0.64
0.78 0.43 0.67
0.77 0.39 0.63
0.76 0.4 0.64
0.75 0.37 0.62
0.74 0.34 0.58
0.73 0.36 0.59
0.74 0.34 0.57
0.75 0.34 0.57
0.75 0.34 0.56
0.74 0.34 0.55
0.73 0.35 0.57
0.73 0.34 0.55
0.74 0.33 0.55
0.73 0.36 0.58
0.73 0.37 0.58
0.73 0.37 0.6
0.72 0.35 0.59
0.72 0.37 0.62
0.75 0.41 0.66
0.76 0.39 0.62
0.78 0.43 0.66
0.8 0.42 0.65
0.78 0.38 0.61
0.78 0.39 0.58
0.77 0.37 0.57
0.79 0.38 0.56
0.78 0.37 0.59
0.8 0.41 0.63
0.78 0.41 0.64
0.8 0.44 0.68
0.77 0.43 0.67
0.76 0.44 0.68
0.76 0.41 0.64
0.77 0.39 0.64
0.76 0.38 0.64
0.75 0.37 0.65
0.78 0.42 0.68
0.77 0.35 0.61
0.76 0.32 0.58
0.76 0.31 0.56
0.76 0.3 0.57
0.74 0.24 0.52
0.71 0.2 0.48
0.69 0.15 0.46
0.69 0.14 0.45
0.69 0.14 0.45
0.7 0.16 0.47
0.71 0.18 0.46
0.71 0.18 0.46
0.71 0.21 0.5
0.72 0.23 0.5
0.7 0.22 0.48
0.7 0.2 0.46
0.7 0.21 0.49
0.7 0.23 0.49
0.72 0.24 0.49
0.71 0.21 0.48
0.71 0.22 0.47
0.71 0.21 0.45
0.7 0.21 0.44
0.71 0.21 0.44
0.7 0.21 0.44
0.71 0.21 0.44
0.71 0.2 0.46
0.71 0.21 0.46
0.71 0.21 0.45
0.72 0.23 0.46
0.72 0.27 0.52
0.7 0.22 0.5
0.7 0.22 0.48
0.71 0.25 0.52
0.7 0.27 0.54
0.7 0.24 0.52
0.7 0.23 0.51
0.7 0.24 0.5
0.7 0.25 0.53
0.73 0.3 0.55
0.72 0.25 0.53
0.73 0.27 0.56
0.73 0.25 0.54
0.74 0.26 0.53
0.75 0.27 0.56
0.76 0.29 0.55
0.75 0.28 0.53
0.77 0.22 0.56
0.76 0.23 0.54
0.76 0.24 0.52
0.74 0.27 0.54
0.74 0.29 0.53
0.74 0.31 0.57
0.77 0.36 0.63
0.76 0.35 0.6
0.79 0.4 0.65
0.78 0.38 0.62
0.77 0.39 0.63
0.75 0.41 0.64
0.76 0.42 0.65
0.78 0.45 0.66
0.79 0.47 0.68
0.8 0.48 0.69
0.79 0.43 0.64
0.77 0.41 0.62
0.76 0.37 0.58
0.77 0.37 0.6
0.76 0.37 0.62
0.77 0.38 0.61
0.75 0.39 0.63
0.75 0.39 0.61
0.76 0.38 0.59
0.76 0.37 0.57
0.78 0.41 0.64
0.78 0.39 0.64
0.76 0.38 0.64
0.74 0.34 0.59
0.75 0.33 0.57
0.77 0.35 0.57
0.76 0.35 0.56
0.77 0.34 0.55
0.77 0.35 0.57
0.79 0.35 0.58
0.77 0.36 0.6
0.75 0.37 0.61
0.75 0.34 0.58
0.74 0.33 0.56
0.76 0.35 0.56
0.77 0.39 0.61
0.77 0.36 0.57
0.75 0.37 0.58
0.76 0.37 0.58
0.74 0.39 0.61
0.73 0.38 0.62
0.72 0.4 0.64
0.75 0.4 0.63
0.74 0.4 0.64
0.76 0.43 0.68
0.75 0.39 0.63
0.77 0.4 0.6
0.77 0.39 0.59
0.77 0.37 0.6
0.77 0.36 0.6
0.76 0.38 0.63
0.75 0.37 0.62
0.76 0.38 0.61
0.79 0.41 0.65
0.79 0.39 0.63
0.8 0.44 0.69
0.81 0.44 0.65
0.82 0.47 0.68
0.81 0.44 0.67
0.83 0.46 0.7
0.81 0.41 0.65
0.81 0.41 0.63
0.8 0.38 0.63
0.79 0.36 0.59
0.77 0.38 0.62
0.77 0.37 0.59
0.77 0.37 0.63
0.77 0.37 0.6
0.77 0.37 0.62
0.76 0.36 0.63
0.76 0.35 0.6
0.77 0.35 0.58
0.77 0.34 0.57
0.76 0.33 0.54
0.77 0.35 0.55
0.77 0.36 0.58
0.79 0.41 0.63
0.8 0.41 0.62
0.8 0.41 0.6
0.79 0.38 0.58
0.8 0.4 0.57
0.79 0.37 0.57
0.8 0.41 0.62
0.78 0.4 0.63
0.78 0.41 0.64
0.8 0.44 0.68
0.8 0.46 0.71
0.77 0.44 0.7
0.79 0.43 0.67
0.78 0.4 0.62
0.78 0.38 0.6
0.76 0.39 0.63
0.78 0.4 0.63
0.77 0.39 0.61
0.77 0.39 0.63
0.76 0.36 0.6
0.77 0.37 0.6
0.77 0.37 0.59
0.78 0.37 0.57
0.77 0.37 0.6
0.78 0.39 0.6
0.8 0.43 0.65
0.78 0.41 0.65
0.79 0.39 0.63
0.78 0.38 0.61
0.79 0.42 0.67
0.79 0.41 0.65
0.78 0.39 0.61
0.78 0.4 0.64
0.78 0.39 0.62
0.77 0.39 0.62
0.76 0.38 0.63
0.77 0.38 0.61
0.76 0.38 0.62
0.78 0.39 0.61
0.78 0.38 0.6
0.78 0.37 0.59
0.78 0.35 0.57
0.78 0.35 0.56
0.79 0.36 0.57
0.79 0.38 0.59
0.78 0.36 0.57
0.78 0.36 0.59
0.79 0.37 0.59
0.8 0.39 0.58
0.78 0.38 0.57
0.77 0.34 0.55
0.78 0.35 0.56
0.78 0.36 0.57
0.79 0.38 0.6
0.78 0.39 0.6
0.79 0.39 0.59
0.76 0.32 0.57
0.74 0.28 0.55
0.75 0.29 0.54
0.78 0.35 0.59
0.79 0.36 0.59
0.77 0.36 0.6
0.76 0.33 0.56
0.76 0.34 0.59
0.74 0.36 0.61
0.75 0.35 0.58
0.74 0.34 0.59
0.74 0.31 0.55
0.73 0.34 0.57
0.74 0.34 0.56
0.73 0.31 0.53
0.73 0.3 0.51
0.72 0.3 0.55
0.73 0.3 0.53
0.74 0.32 0.57
0.75 0.29 0.55
0.74 0.28 0.52
0.73 0.3 0.55
0.73 0.32 0.58
0.71 0.34 0.59
0.73 0.34 0.59
0.76 0.35 0.58
0.75 0.36 0.57
0.77 0.4 0.62
0.77 0.38 0.6
0.76 0.35 0.57
0.75 0.36 0.59
0.75 0.36 0.61
0.75 0.35 0.59
0.75 0.35 0.57
0.77 0.35 0.6
0.76 0.33 0.57
0.75 0.35 0.6
0.76 0.4 0.65
0.78 0.4 0.63
0.78 0.38 0.6
0.79 0.41 0.64
0.8 0.35 0.65
0.78 0.35 0.64
0.77 0.34 0.6
0.78 0.35 0.59
0.76 0.37 0.61
0.76 0.37 0.6
0.76 0.37 0.62
0.74 0.38 0.63
0.77 0.42 0.67
0.77 0.41 0.65
0.75 0.41 0.65
0.76 0.39 0.62
0.78 0.42 0.65
0.77 0.4 0.63
0.76 0.41 0.64
0.74 0.39 0.62
0.74 0.4 0.64
0.73 0.36 0.6
0.73 0.38 0.62
0.74 0.37 0.61
0.76 0.4 0.61
0.78 0.43 0.64
0.8 0.45 0.67
0.8 0.47 0.69
0.78 0.44 0.66
0.78 0.41 0.62
0.79 0.44 0.64
0.76 0.39 0.6
0.76 0.38 0.61
0.75 0.36 0.58
0.78 0.41 0.64
0.8 0.43 0.67
0.79 0.41 0.64
0.8 0.45 0.68
0.78 0.44 0.68
0.76 0.41 0.67
0.74 0.42 0.66
0.75 0.42 0.64
0.73 0.41 0.63
0.74 0.39 0.6
0.73 0.4 0.62
0.74 0.37 0.59
0.76 0.37 0.61
0.75 0.34 0.58
0.75 0.34 0.57
0.77 0.37 0.57
0.74 0.39 0.59
0.74 0.36 0.58
0.74 0.33 0.55
0.75 0.33 0.58
0.75 0.34 0.62
0.75 0.32 0.58
0.75 0.33 0.61
0.75 0.31 0.57
0.75 0.31 0.55
0.76 0.31 0.58
0.8 0.36 0.64
0.79 0.36 0.61
0.79 0.36 0.59
0.76 0.34 0.56
0.77 0.33 0.6
0.79 0.38 0.63
0.8 0.38 0.61
0.78 0.36 0.57
0.79 0.35 0.57
0.77 0.36 0.6
0.76 0.36 0.62
0.75 0.35 0.6
0.75 0.34 0.58
0.76 0.34 0.6
0.74 0.34 0.62
0.73 0.3 0.58
0.72 0.32 0.6
0.73 0.3 0.57
0.74 0.3 0.56
0.74 0.3 0.55
0.75 0.31 0.55
0.76 0.31 0.55
0.77 0.3 0.57
0.77 0.29 0.56
0.75 0.28 0.54
0.76 0.29 0.53
0.78 0.35 0.6
0.77 0.35 0.62
0.75 0.37 0.63
0.75 0.38 0.64
0.75 0.36 0.6
0.74 0.34 0.57
0.73 0.33 0.58
0.72 0.33 0.6
0.73 0.32 0.57
0.72 0.35 0.6
0.73 0.33 0.57
0.73 0.32 0.55
0.73 0.3 0.53
0.74 0.31 0.53
0.73 0.32 0.56
0.71 0.31 0.56
0.72 0.3 0.54
0.73 0.31 0.54
0.72 0.28 0.53
0.72 0.31 0.57
0.72 0.32 0.57
0.73 0.32 0.56
0.74 0.34 0.56
0.74 0.35 0.57
0.76 0.4 0.61
0.75 0.38 0.59
0.74 0.36 0.56
0.73 0.36 0.58
0.73 0.33 0.55
0.72 0.3 0.53
0.71 0.29 0.52
0.74 0.34 0.57
0.74 0.33 0.55
0.72 0.33 0.56
0.72 0.34 0.57
0.71 0.3 0.55
0.71 0.33 0.59
0.72 0.32 0.56
0.72 0.33 0.55
0.74 0.34 0.55
0.74 0.33 0.55
0.74 0.33 0.54
0.74 0.31 0.52
0.77 0.37 0.59
0.76 0.34 0.56
0.74 0.36 0.59
0.74 0.34 0.57
0.74 0.35 0.59
0.75 0.35 0.61
0.78 0.4 0.67
0.78 0.39 0.68
0.79 0.36 0.68
0.79 0.34 0.69
0.79 0.34 0.65
0.79 0.32 0.64
0.78 0.31 0.61
0.77 0.33 0.63
0.76 0.31 0.6
0.75 0.33 0.59
0.75 0.33 0.58
0.73 0.34 0.59
0.73 0.31 0.56
0.74 0.31 0.58
0.74 0.3 0.56
0.75 0.3 0.58
0.76 0.32 0.56
0.75 0.33 0.6
0.75 0.33 0.57
0.76 0.31 0.55
0.75 0.3 0.54
0.74 0.29 0.52
0.75 0.31 0.56
0.76 0.32 0.55
0.75 0.3 0.54
0.76 0.3 0.53
0.76 0.3 0.56
0.76 0.31 0.59
0.76 0.3 0.6
0.77 0.31 0.63
0.76 0.29 0.61
0.76 0.28 0.58
0.75 0.27 0.56
0.76 0.28 0.55
0.75 0.28 0.53
0.75 0.28 0.52
0.78 0.31 0.54
0.77 0.31 0.55
0.75 0.32 0.58
0.75 0.34 0.61
0.76 0.34 0.62
0.75 0.31 0.58
0.76 0.31 0.57
0.75 0.3 0.55
0.77 0.32 0.56
0.77 0.33 0.56
0.77 0.31 0.54
0.77 0.34 0.55
0.75 0.35 0.58
0.75 0.35 0.57
0.77 0.33 0.55
0.75 0.31 0.53
0.75 0.3 0.51
0.75 0.31 0.55
0.75 0.32 0.59
0.76 0.32 0.57
0.76 0.33 0.56
0.75 0.32 0.56
0.78 0.33 0.53
0.76 0.34 0.56
0.76 0.33 0.54
0.76 0.37 0.58
0.75 0.37 0.61
0.77 0.37 0.6
0.77 0.37 0.63
0.78 0.36 0.61
0.78 0.36 0.6
0.79 0.36 0.6
0.78 0.34 0.6
0.78 0.32 0.61
0.77 0.34 0.64
0.78 0.32 0.65
0.78 0.32 0.61
0.78 0.32 0.63
0.78 0.32 0.64
0.78 0.32 0.65
0.78 0.3 0.62
0.79 0.32 0.61
0.79 0.31 0.63
0.79 0.31 0.65
0.78 0.31 0.63
0.78 0.32 0.64
0.77 0.3 0.65
0.77 0.32 0.66
0.77 0.31 0.66
0.77 0.31 0.62
0.76 0.3 0.59
0.75 0.3 0.58
0.75 0.29 0.55
0.74 0.3 0.54
0.73 0.32 0.55
0.73 0.3 0.53
0.72 0.3 0.52
0.72 0.32 0.52
0.72 0.35 0.56
0.72 0.37 0.58
0.74 0.4 0.62
0.73 0.41 0.63
0.76 0.45 0.67
0.74 0.44 0.66
0.75 0.45 0.67
0.76 0.47 0.68
0.75 0.43 0.63
0.74 0.41 0.65
0.73 0.37 0.61
0.72 0.36 0.58
0.73 0.35 0.56
0.7 0.36 0.58
0.7 0.3 0.54
0.7 0.33 0.57
0.69 0.36 0.6
0.73 0.41 0.64
0.71 0.4 0.63
0.71 0.38 0.61
0.71 0.36 0.58
0.7 0.37 0.58
0.7 0.38 0.6
0.72 0.38 0.61
0.72 0.37 0.62
0.71 0.36 0.61
0.73 0.36 0.59
0.71 0.32 0.55
0.71 0.34 0.58
0.72 0.33 0.56
0.72 0.32 0.55
0.72 0.33 0.55
0.75 0.38 0.6
0.74 0.37 0.58
0.75 0.39 0.57
0.75 0.36 0.55
0.77 0.4 0.6
0.78 0.42 0.63
0.8 0.45 0.65
0.78 0.44 0.65
0.79 0.46 0.68
0.8 0.48 0.69
0.76 0.42 0.63
0.75 0.38 0.6
0.73 0.35 0.57
0.77 0.39 0.61
0.76 0.38 0.59
0.77 0.41 0.62
0.78 0.43 0.64
0.77 0.4 0.6
0.78 0.43 0.63
0.74 0.42 0.62
0.75 0.41 0.6
0.74 0.42 0.62
0.73 0.38 0.58
0.72 0.35 0.56
0.75 0.39 0.6
0.73 0.4 0.62
0.72 0.37 0.59
0.72 0.31 0.56
0.75 0.37 0.59
0.73 0.33 0.57
0.72 0.33 0.56
0.72 0.33 0.55
0.73 0.3 0.54
0.75 0.35 0.58
0.74 0.33 0.55
0.73 0.32 0.54
0.72 0.35 0.57
0.71 0.33 0.55
0.74 0.37 0.6
0.76 0.41 0.64
0.78 0.43 0.66
0.79 0.45 0.68
0.8 0.44 0.64
0.78 0.44 0.66
0.77 0.41 0.63
0.75 0.39 0.6
0.78 0.43 0.64
0.79 0.45 0.65
0.78 0.41 0.62
0.78 0.42 0.63
0.76 0.39 0.59
0.76 0.36 0.57
0.77 0.39 0.61
0.78 0.42 0.63
0.79 0.43 0.64
0.78 0.41 0.63
0.77 0.41 0.63
0.77 0.4 0.63
0.76 0.38 0.6
0.74 0.36 0.57
0.76 0.4 0.6
0.75 0.39 0.58
0.73 0.38 0.58
0.75 0.4 0.6
0.77 0.44 0.62
0.74 0.43 0.63
0.76 0.45 0.65
0.76 0.43 0.65
0.74 0.43 0.64
0.73 0.41 0.64
0.7 0.41 0.63
0.7 0.38 0.59
0.7 0.36 0.56
0.69 0.36 0.57
0.73 0.41 0.62
0.74 0.4 0.6
0.74 0.39 0.58
0.73 0.38 0.59
0.72 0.38 0.6
0.72 0.37 0.58
0.74 0.38 0.58
0.75 0.37 0.58
0.77 0.41 0.63
0.76 0.41 0.63
0.76 0.4 0.61
0.75 0.36 0.59
0.77 0.41 0.62
0.76 0.38 0.58
0.77 0.36 0.57
0.78 0.4 0.62
0.78 0.39 0.59
0.77 0.39 0.61
0.76 0.36 0.61
0.75 0.36 0.59
0.74 0.35 0.56
0.77 0.36 0.56
0.75 0.37 0.59
0.78 0.41 0.64
0.78 0.41 0.63
0.78 0.43 0.67
0.78 0.43 0.67
0.76 0.4 0.63
0.77 0.41 0.61
0.76 0.38 0.58
0.76 0.38 0.6
0.74 0.36 0.58
0.75 0.36 0.56
0.73 0.35 0.58
0.73 0.33 0.56
0.75 0.33 0.56
0.74 0.28 0.53
0.77 0.33 0.54
0.75 0.29 0.51
0.75 0.29 0.5
0.74 0.29 0.5
0.74 0.3 0.51
0.74 0.3 0.5
0.73 0.31 0.54
0.73 0.33 0.57
0.77 0.39 0.63
0.76 0.36 0.63
0.75 0.37 0.65
0.75 0.36 0.62
0.74 0.37 0.64
0.74 0.34 0.59
0.73 0.36 0.61
0.72 0.4 0.64
0.73 0.39 0.63
0.74 0.39 0.62
0.75 0.37 0.6
0.74 0.35 0.58
0.74 0.33 0.56
0.73 0.33 0.58
0.76 0.39 0.63
0.76 0.38 0.61
0.76 0.38 0.6
0.76 0.38 0.59
0.75 0.36 0.58
0.76 0.36 0.57
0.76 0.36 0.6
0.79 0.41 0.65
0.8 0.4 0.63
0.81 0.4 0.62
0.81 0.39 0.6
0.81 0.43 0.65
0.8 0.42 0.65
0.79 0.41 0.63
0.78 0.4 0.64
0.77 0.4 0.66
0.79 0.4 0.67
0.78 0.39 0.65
0.77 0.4 0.65
0.77 0.38 0.62
0.77 0.37 0.58
0.77 0.37 0.62
0.76 0.37 0.64
0.74 0.36 0.64
0.73 0.33 0.59
0.71 0.33 0.6
0.72 0.32 0.57
0.75 0.33 0.58
0.76 0.34 0.57
0.76 0.34 0.57
0.77 0.34 0.57
0.76 0.33 0.56
0.76 0.34 0.56
0.75 0.34 0.58
0.78 0.38 0.62
0.77 0.37 0.63
0.76 0.39 0.64
0.76 0.37 0.61
0.77 0.38 0.61
0.78 0.39 0.59
0.78 0.38 0.59
0.8 0.39 0.58
0.81 0.43 0.63
0.81 0.42 0.61
0.83 0.44 0.66
0.8 0.44 0.66
0.81 0.46 0.68
0.78 0.44 0.69
0.77 0.4 0.64
0.79 0.43 0.67
0.78 0.41 0.65
0.77 0.41 0.64
0.77 0.39 0.62
0.78 0.38 0.6
0.76 0.37 0.61
0.77 0.41 0.64
0.75 0.41 0.66
0.77 0.45 0.69
0.8 0.38 0.72
0.81 0.42 0.74
0.79 0.43 0.72
0.78 0.43 0.72
0.8 0.43 0.68
0.79 0.4 0.63
0.79 0.41 0.65
0.78 0.39 0.61
0.77 0.37 0.59
0.79 0.38 0.58
0.8 0.39 0.61
0.79 0.37 0.59
0.8 0.41 0.63
0.79 0.39 0.6
0.8 0.42 0.63
0.81 0.45 0.66
0.79 0.42 0.62
0.78 0.4 0.6
0.78 0.39 0.59
0.79 0.42 0.64
0.78 0.4 0.61
0.78 0.39 0.59
0.79 0.39 0.58
0.78 0.38 0.57
0.78 0.38 0.59
0.77 0.39 0.62
0.78 0.4 0.61
0.77 0.36 0.58
0.75 0.38 0.61
0.78 0.42 0.66
0.8 0.45 0.7
0.79 0.4 0.66
0.77 0.4 0.66
0.75 0.41 0.67
0.73 0.37 0.62
0.75 0.37 0.61
0.76 0.35 0.59
0.75 0.34 0.56
0.74 0.35 0.59
0.73 0.34 0.6
0.73 0.36 0.62
0.72 0.35 0.59
0.75 0.39 0.63
0.73 0.38 0.62
0.73 0.39 0.64
0.76 0.42 0.67
0.77 0.4 0.64
0.77 0.41 0.64
0.78 0.4 0.61
0.77 0.38 0.59
0.77 0.36 0.6
0.77 0.34 0.61
0.77 0.34 0.59
0.78 0.34 0.58
0.77 0.35 0.6
0.78 0.35 0.6
0.78 0.36 0.58
0.77 0.37 0.61
0.76 0.37 0.63
0.78 0.38 0.61
0.78 0.36 0.61
0.78 0.34 0.59
0.79 0.36 0.58
0.79 0.36 0.58
0.78 0.35 0.58
0.78 0.36 0.58
0.8 0.4 0.63
0.8 0.39 0.61
0.8 0.38 0.6
0.8 0.37 0.59
0.81 0.41 0.64
0.81 0.4 0.62
0.82 0.43 0.64
0.81 0.42 0.63
0.8 0.39 0.63
0.79 0.4 0.63
0.78 0.36 0.59
0.76 0.35 0.6
0.74 0.31 0.56
0.73 0.34 0.59
0.74 0.36 0.61
0.76 0.35 0.6
0.77 0.35 0.59
0.76 0.36 0.62
0.78 0.4 0.66
0.76 0.41 0.67
0.75 0.4 0.67
0.76 0.41 0.65
0.77 0.4 0.63
0.77 0.39 0.64
0.78 0.38 0.62
0.8 0.39 0.6
0.77 0.35 0.58
0.79 0.39 0.62
0.78 0.37 0.59
0.79 0.39 0.59
0.77 0.39 0.58
0.78 0.38 0.57
0.76 0.34 0.54
0.76 0.32 0.54
0.77 0.38 0.61
0.79 0.4 0.6
0.76 0.37 0.6
0.78 0.41 0.65
0.8 0.42 0.63
0.78 0.42 0.65
0.79 0.45 0.69
0.77 0.41 0.66
0.78 0.44 0.67
0.77 0.39 0.64
0.76 0.39 0.62
0.76 0.37 0.59
0.77 0.37 0.58
0.75 0.37 0.6
0.73 0.36 0.58
0.77 0.41 0.63
0.77 0.39 0.62
0.76 0.38 0.59
0.77 0.4 0.58
0.76 0.39 0.57
0.78 0.42 0.61
0.77 0.42 0.6
0.79 0.41 0.59
0.79 0.39 0.56
0.79 0.38 0.56
0.79 0.39 0.59
0.78 0.37 0.57
0.79 0.37 0.56
0.79 0.38 0.56
0.79 0.37 0.55
0.79 0.36 0.55
0.8 0.36 0.56
0.8 0.36 0.55
0.78 0.34 0.54
0.76 0.36 0.57
0.76 0.34 0.56
0.76 0.32 0.54
0.75 0.35 0.57
0.75 0.32 0.55
0.76 0.35 0.55
0.76 0.34 0.55
0.75 0.37 0.58
0.74 0.39 0.61
0.72 0.4 0.63
0.76 0.44 0.67
0.76 0.39 0.63
0.79 0.45 0.67
0.79 0.41 0.63
0.78 0.38 0.6
0.79 0.39 0.6
0.79 0.43 0.64
0.76 0.38 0.59
0.78 0.42 0.62
0.77 0.39 0.61
0.79 0.42 0.65
0.8 0.42 0.63
0.81 0.44 0.66
0.79 0.45 0.66
0.78 0.42 0.63
0.8 0.45 0.66
0.78 0.42 0.64
0.76 0.43 0.64
0.76 0.41 0.61
0.76 0.42 0.63
0.76 0.41 0.63
0.75 0.39 0.6
0.74 0.4 0.62
0.73 0.39 0.61
0.75 0.43 0.64
0.76 0.42 0.62
0.76 0.42 0.61
0.74 0.4 0.62
0.76 0.42 0.64
0.78 0.45 0.65
0.76 0.4 0.61
0.74 0.37 0.57
0.77 0.42 0.63
0.77 0.39 0.6
0.79 0.43 0.64
0.8 0.41 0.62
0.82 0.42 0.61
0.79 0.4 0.59
0.8 0.44 0.63
0.81 0.46 0.65
0.81 0.48 0.67
0.83 0.49 0.69
0.82 0.47 0.67
0.81 0.46 0.67
0.82 0.47 0.7
0.82 0.48 0.71
0.81 0.46 0.67
0.8 0.43 0.63
0.78 0.4 0.61
0.8 0.44 0.64
0.79 0.42 0.61
0.81 0.45 0.64
0.79 0.45 0.66
0.78 0.43 0.63
0.79 0.41 0.62
0.8 0.41 0.61
0.79 0.4 0.64
0.79 0.39 0.62
0.79 0.38 0.61
0.8 0.39 0.6
0.8 0.39 0.59
0.79 0.39 0.61
0.81 0.43 0.66
0.79 0.43 0.67
0.79 0.41 0.64
0.79 0.4 0.65
0.78 0.38 0.61
0.78 0.37 0.6
0.78 0.38 0.6
0.79 0.39 0.6
0.81 0.42 0.63
0.81 0.39 0.61
0.8 0.39 0.61
0.82 0.43 0.65
0.81 0.41 0.62
0.82 0.44 0.65
0.81 0.41 0.61
0.8 0.39 0.59
0.78 0.39 0.61
0.79 0.38 0.61
0.77 0.38 0.59
0.79 0.39 0.6
0.81 0.43 0.65
0.79 0.41 0.63
0.78 0.4 0.62
0.79 0.42 0.62
0.79 0.41 0.62
0.79 0.39 0.6
0.78 0.39 0.6
0.79 0.39 0.59
0.76 0.38 0.6
0.75 0.37 0.61
0.74 0.35 0.58
0.74 0.34 0.59
0.72 0.28 0.55
0.73 0.26 0.53
0.73 0.26 0.52
0.75 0.27 0.53
0.75 0.26 0.5
0.75 0.28 0.55
0.76 0.3 0.55
0.79 0.35 0.61
0.78 0.34 0.61
0.78 0.35 0.61
0.76 0.37 0.63
0.77 0.38 0.62
0.76 0.38 0.63
0.77 0.37 0.61
0.79 0.41 0.66
0.79 0.39 0.64
0.77 0.39 0.65
0.8 0.44 0.69
0.8 0.41 0.68
0.79 0.39 0.63
0.77 0.41 0.65
0.76 0.37 0.61
0.76 0.34 0.58
0.76 0.32 0.56
0.75 0.35 0.6
0.75 0.35 0.63
0.77 0.36 0.61
0.76 0.35 0.59
0.77 0.36 0.59
0.78 0.36 0.58
0.78 0.37 0.58
0.77 0.37 0.61
0.77 0.36 0.58
0.77 0.36 0.58
0.76 0.36 0.6
0.77 0.37 0.6
0.76 0.36 0.63
0.76 0.36 0.63
0.75 0.38 0.65
0.77 0.38 0.63
0.76 0.39 0.66
0.76 0.38 0.66
0.75 0.38 0.68
0.75 0.39 0.69
0.76 0.36 0.65
0.75 0.37 0.67
0.74 0.38 0.68
0.75 0.36 0.63
0.75 0.35 0.61
0.76 0.36 0.6
0.77 0.36 0.58
0.77 0.34 0.57
0.78 0.36 0.57
0.79 0.35 0.56
0.77 0.37 0.59
0.77 0.37 0.61
0.79 0.37 0.61
0.77 0.37 0.63
0.76 0.36 0.61
0.76 0.33 0.58
0.77 0.32 0.56
0.77 0.31 0.54
0.77 0.31 0.53
0.75 0.31 0.56
0.74 0.29 0.54
0.74 0.29 0.53
0.75 0.31 0.54
0.75 0.33 0.57
0.76 0.34 0.57
0.76 0.33 0.56
0.76 0.34 0.59
0.77 0.34 0.59
0.76 0.36 0.62
0.77 0.36 0.6
0.78 0.37 0.6
0.76 0.38 0.63
0.76 0.37 0.62
0.76 0.37 0.63
0.76 0.35 0.61
0.77 0.35 0.59
0.78 0.36 0.58
0.78 0.36 0.61
0.79 0.37 0.59
0.79 0.36 0.58
0.77 0.33 0.56
0.76 0.35 0.6
0.76 0.35 0.58
0.77 0.34 0.58
0.79 0.37 0.57
0.79 0.37 0.57
0.79 0.37 0.58
0.78 0.37 0.6
0.77 0.37 0.62
0.77 0.36 0.6
0.78 0.36 0.59
0.79 0.38 0.59
0.79 0.37 0.57
0.78 0.36 0.59
0.77 0.37 0.62
0.78 0.38 0.6
0.78 0.36 0.59
0.78 0.35 0.56
0.76 0.36 0.59
0.76 0.36 0.61
0.75 0.36 0.63
0.74 0.38 0.64
0.76 0.39 0.63
0.75 0.37 0.64
0.77 0.37 0.62
0.76 0.34 0.59
0.78 0.39 0.63
0.78 0.37 0.61
0.77 0.39 0.63
0.78 0.39 0.62
0.77 0.4 0.64
0.76 0.41 0.66
0.76 0.39 0.62
0.76 0.37 0.63
0.75 0.36 0.63
0.74 0.37 0.65
0.78 0.41 0.68
0.79 0.41 0.66
0.79 0.39 0.62
0.78 0.38 0.63
0.79 0.38 0.62
0.79 0.39 0.61
0.77 0.39 0.64
0.77 0.39 0.63
0.77 0.37 0.61
0.77 0.37 0.59
0.77 0.36 0.61
0.77 0.36 0.62
0.77 0.36 0.64
0.76 0.37 0.66
0.76 0.37 0.67
0.76 0.35 0.63
0.76 0.35 0.6
0.76 0.36 0.62
0.76 0.38 0.64
0.76 0.38 0.65
0.77 0.39 0.63
0.76 0.38 0.64
0.76 0.38 0.65
0.77 0.39 0.63
0.77 0.36 0.6
0.77 0.37 0.6
0.77 0.38 0.59
0.77 0.39 0.61
0.76 0.38 0.62
0.77 0.42 0.68
0.78 0.42 0.65
0.8 0.44 0.67
0.82 0.47 0.7
0.82 0.48 0.72
0.84 0.5 0.73
0.84 0.5 0.74
0.85 0.5 0.74
0.81 0.45 0.68
0.82 0.47 0.7
0.79 0.46 0.69
0.8 0.47 0.69
0.79 0.44 0.65
0.78 0.44 0.66
0.77 0.42 0.65
0.79 0.44 0.68
0.76 0.43 0.67
0.75 0.42 0.64
0.77 0.42 0.62
0.77 0.4 0.6
0.76 0.38 0.59
0.78 0.41 0.62
0.76 0.39 0.61
0.78 0.43 0.64
0.76 0.43 0.65
0.75 0.39 0.62
0.78 0.42 0.65
0.77 0.4 0.63
0.77 0.4 0.64
0.75 0.41 0.64
0.77 0.41 0.62
0.75 0.37 0.59
0.74 0.39 0.6
0.76 0.4 0.59
0.77 0.43 0.62
0.77 0.4 0.61
0.75 0.4 0.62
0.75 0.41 0.64
0.76 0.41 0.62
0.77 0.41 0.63
0.75 0.42 0.64
0.76 0.39 0.59
0.75 0.34 0.56
0.75 0.37 0.59
0.74 0.38 0.61
0.73 0.35 0.59
0.76 0.4 0.64
0.78 0.44 0.67
0.79 0.4 0.63
0.75 0.39 0.62
0.75 0.37 0.59
0.74 0.37 0.58
0.75 0.36 0.57
0.75 0.37 0.6
0.77 0.38 0.58
0.77 0.39 0.59
0.76 0.34 0.56
0.76 0.33 0.58
0.79 0.35 0.58
0.77 0.34 0.56
0.78 0.34 0.56
0.78 0.35 0.59
0.75 0.36 0.59
0.74 0.37 0.62
0.73 0.39 0.64
0.74 0.38 0.62
0.73 0.38 0.63
0.75 0.38 0.61
0.75 0.38 0.6
0.76 0.36 0.58
0.75 0.37 0.6
0.76 0.37 0.59
0.75 0.39 0.62
0.75 0.37 0.59
0.76 0.36 0.57
0.78 0.37 0.57
0.77 0.36 0.54
0.78 0.36 0.55
0.78 0.35 0.54
0.8 0.37 0.55
0.81 0.41 0.61
0.78 0.41 0.62
0.77 0.4 0.63
0.77 0.39 0.63
0.77 0.38 0.65
0.77 0.36 0.6
0.8 0.4 0.64
0.79 0.4 0.63
0.78 0.38 0.63
0.77 0.38 0.63
0.76 0.35 0.62
0.76 0.35 0.62
0.75 0.35 0.6
0.75 0.35 0.63
0.74 0.38 0.64
0.74 0.38 0.65
0.77 0.41 0.68
0.79 0.44 0.7
0.77 0.43 0.68
0.76 0.43 0.68
0.77 0.43 0.65
0.79 0.45 0.68
0.78 0.43 0.64
0.77 0.41 0.65
0.77 0.39 0.62
0.81 0.31 0.67
0.8 0.31 0.63
0.78 0.31 0.62
0.76 0.33 0.62
0.76 0.33 0.59
0.77 0.33 0.58
0.76 0.37 0.61
0.74 0.38 0.63
0.75 0.37 0.61
0.74 0.38 0.63
0.74 0.39 0.64
0.73 0.41 0.66
0.72 0.42 0.65
0.72 0.41 0.66
0.74 0.39 0.63
0.72 0.41 0.64
0.7 0.35 0.59
0.74 0.4 0.64
0.74 0.41 0.66
0.74 0.4 0.63
0.77 0.43 0.66
0.74 0.42 0.66
0.74 0.41 0.62
0.76 0.4 0.61
0.78 0.44 0.65
0.78 0.41 0.62
0.78 0.39 0.6
0.77 0.37 0.59
0.78 0.36 0.6
0.79 0.38 0.58
0.79 0.39 0.59
0.79 0.4 0.6
0.78 0.38 0.57
0.79 0.38 0.57
0.79 0.38 0.56
0.79 0.36 0.55
0.77 0.36 0.57
0.76 0.34 0.55
0.78 0.36 0.56
0.75 0.35 0.57
0.76 0.37 0.57
0.74 0.37 0.59
0.77 0.39 0.59
0.78 0.39 0.59
0.77 0.38 0.6
0.77 0.37 0.58
0.77 0.36 0.6
0.76 0.33 0.56
0.76 0.32 0.55
0.75 0.35 0.58
0.75 0.35 0.59
0.75 0.36 0.58
0.77 0.36 0.58
0.76 0.37 0.6
0.77 0.36 0.58
0.76 0.37 0.62
0.76 0.37 0.64
0.77 0.37 0.63
0.76 0.34 0.61
0.75 0.35 0.63
0.75 0.34 0.6
0.75 0.36 0.63
0.74 0.33 0.62
0.73 0.32 0.62
0.72 0.33 0.62
0.73 0.32 0.59
0.72 0.28 0.56
0.72 0.27 0.54
0.75 0.3 0.54
0.75 0.28 0.53
0.75 0.29 0.52
0.77 0.34 0.58
0.79 0.37 0.59
0.8 0.37 0.59
0.79 0.36 0.57
0.78 0.37 0.61
0.76 0.35 0.62
0.75 0.37 0.62
0.74 0.39 0.63
0.74 0.34 0.59
0.74 0.34 0.61
0.74 0.31 0.57
0.74 0.33 0.6
0.78 0.39 0.64
0.79 0.39 0.62
0.79 0.39 0.61
0.76 0.33 0.57
0.76 0.33 0.55
0.77 0.36 0.57
0.77 0.36 0.56
0.79 0.4 0.62
0.76 0.35 0.58
0.76 0.34 0.56
0.76 0.34 0.57
0.75 0.33 0.55
0.74 0.35 0.57
0.77 0.39 0.62
0.74 0.39 0.62
0.78 0.43 0.66
0.78 0.41 0.63
0.76 0.36 0.58
0.76 0.36 0.58
0.77 0.34 0.56
0.77 0.36 0.56
0.79 0.38 0.56
0.78 0.38 0.56
0.77 0.37 0.56
0.77 0.36 0.58
0.75 0.35 0.59
0.74 0.36 0.61
0.74 0.38 0.63
0.75 0.37 0.64
0.77 0.42 0.68
0.79 0.42 0.65
0.81 0.44 0.67
0.8 0.43 0.68
0.79 0.41 0.64
0.77 0.38 0.63
0.76 0.37 0.64
0.76 0.36 0.62
0.76 0.37 0.64
0.76 0.36 0.61
0.75 0.34 0.61
0.74 0.34 0.62
0.75 0.32 0.58
0.73 0.32 0.59
0.73 0.34 0.61
0.72 0.31 0.59
0.72 0.34 0.6
0.74 0.39 0.65
0.77 0.42 0.67
0.77 0.41 0.65
0.76 0.42 0.66
0.78 0.46 0.7
0.79 0.44 0.67
0.77 0.43 0.67
0.76 0.41 0.64
0.75 0.41 0.64
0.75 0.4 0.65
0.76 0.38 0.63
0.74 0.36 0.62
0.75 0.36 0.6
0.75 0.33 0.58
0.76 0.34 0.57
0.76 0.34 0.56
0.77 0.34 0.55
0.75 0.35 0.58
0.75 0.33 0.56
0.75 0.3 0.53
0.72 0.25 0.51
0.73 0.24 0.48
0.74 0.23 0.48
0.74 0.24 0.48
0.74 0.24 0.46
