1.09 0.46 0.65
1.08 0.47 0.66
1.09 0.47 0.67
1.1 0.46 0.63
1.09 0.46 0.63
1.09 0.44 0.65
1.09 0.44 0.65
1.08 0.44 0.65
1.09 0.44 0.63
1.07 0.47 0.62
1.07 0.47 0.6
1.07 0.5 0.64
1.06 0.49 0.62
1.05 0.49 0.59
1.06 0.5 0.58
1.06 0.5 0.59
1.06 0.5 0.58
1.06 0.5 0.6
1.06 0.48 0.6
1.08 0.46 0.63
1.09 0.42 0.64
1.1 0.4 0.66
1.1 0.4 0.67
1.11 0.4 0.68
1.1 0.36 0.67
1.09 0.32 0.65
1.1 0.32 0.67
1.09 0.31 0.67
1.09 0.3 0.7
1.1 0.31 0.69
1.11 0.32 0.7
1.11 0.31 0.7
1.12 0.3 0.7
1.12 0.28 0.72
1.12 0.3 0.72
1.11 0.3 0.73
1.11 0.32 0.74
1.1 0.33 0.73
1.11 0.33 0.72
1.11 0.31 0.74
1.12 0.33 0.74
1.13 0.33 0.74
1.13 0.35 0.74
1.12 0.35 0.76
1.12 0.38 0.74
1.13 0.38 0.75
1.12 0.37 0.73
1.13 0.37 0.74
1.12 0.35 0.76
1.13 0.37 0.74
1.12 0.36 0.73
1.11 0.34 0.73
1.11 0.34 0.75
1.11 0.34 0.74
1.11 0.31 0.73
1.1 0.27 0.71
1.09 0.26 0.7
1.1 0.29 0.69
1.11 0.31 0.7
1.12 0.32 0.72
1.12 0.34 0.72
1.11 0.31 0.71
1.12 0.32 0.71
1.12 0.31 0.7
1.12 0.32 0.73
1.12 0.32 0.73
1.14 0.29 0.76
1.12 0.3 0.75
1.12 0.29 0.73
1.13 0.28 0.75
1.14 0.29 0.75
1.12 0.32 0.73
1.11 0.37 0.72
1.08 0.41 0.71
1.08 0.43 0.71
1.08 0.44 0.7
1.09 0.46 0.69
1.1 0.48 0.67
1.09 0.47 0.68
1.09 0.46 0.69
1.1 0.45 0.69
1.11 0.45 0.7
1.11 0.45 0.7
1.1 0.41 0.69
1.11 0.4 0.71
1.12 0.37 0.71
1.12 0.35 0.74
1.13 0.36 0.74
1.13 0.35 0.74
1.13 0.35 0.76
1.12 0.36 0.74
1.1 0.42 0.72
1.09 0.46 0.7
1.09 0.5 0.7
1.1 0.46 0.69
1.1 0.47 0.7
1.11 0.45 0.7
1.1 0.46 0.69
1.09 0.46 0.66
1.09 0.48 0.64
1.08 0.52 0.68
1.07 0.53 0.66
1.06 0.53 0.64
1.09 0.47 0.69
1.11 0.42 0.72
1.12 0.42 0.7
1.12 0.4 0.72
1.12 0.36 0.75
1.13 0.34 0.76
1.14 0.32 0.77
1.13 0.34 0.76
1.14 0.32 0.76
1.15 0.3 0.79
1.14 0.35 0.72
1.13 0.42 0.71
1.1 0.45 0.67
1.08 0.46 0.64
1.07 0.48 0.63
1.07 0.49 0.62
1.07 0.51 0.61
1.07 0.49 0.63
1.1 0.41 0.66
1.11 0.37 0.69
1.12 0.32 0.73
1.13 0.31 0.75
1.14 0.29 0.76
1.15 0.28 0.76
1.15 0.26 0.78
1.15 0.25 0.8
1.14 0.32 0.73
1.13 0.39 0.7
1.11 0.4 0.69
1.11 0.41 0.69
1.08 0.48 0.69
1.06 0.51 0.67
1.09 0.48 0.67
1.07 0.49 0.66
1.06 0.5 0.64
1.05 0.5 0.64
1.05 0.5 0.61
1.04 0.51 0.59
1.04 0.53 0.61
1.03 0.55 0.61
1.03 0.57 0.62
1.07 0.54 0.63
1.09 0.47 0.69
1.1 0.39 0.71
1.12 0.35 0.72
1.13 0.32 0.76
1.14 0.3 0.77
1.14 0.28 0.77
1.14 0.28 0.77
1.15 0.27 0.78
1.15 0.27 0.79
1.16 0.27 0.78
1.15 0.28 0.78
1.15 0.29 0.78
1.14 0.3 0.78
1.16 0.28 0.8
1.15 0.29 0.78
1.15 0.28 0.78
1.15 0.28 0.8
1.15 0.29 0.8
1.15 0.3 0.77
1.15 0.28 0.77
1.15 0.28 0.78
1.15 0.27 0.8
1.15 0.29 0.78
1.15 0.29 0.78
1.15 0.26 0.77
1.14 0.26 0.78
1.15 0.28 0.78
1.15 0.28 0.8
1.15 0.28 0.79
1.15 0.28 0.79
1.15 0.27 0.78
1.15 0.3 0.77
1.15 0.32 0.75
1.15 0.32 0.75
1.14 0.34 0.75
1.14 0.31 0.75
1.15 0.3 0.75
1.14 0.29 0.74
1.14 0.29 0.75
1.14 0.3 0.76
1.14 0.29 0.76
1.14 0.29 0.77
1.14 0.28 0.78
1.14 0.27 0.76
1.14 0.28 0.77
1.14 0.27 0.79
1.13 0.28 0.77
1.13 0.3 0.77
1.13 0.29 0.75
1.13 0.29 0.76
1.14 0.28 0.77
1.14 0.29 0.77
1.14 0.33 0.76
1.14 0.3 0.76
1.13 0.32 0.73
1.14 0.29 0.76
1.14 0.31 0.75
1.14 0.31 0.76
1.13 0.31 0.76
1.12 0.31 0.77
1.14 0.3 0.78
1.14 0.3 0.77
1.15 0.31 0.76
1.15 0.28 0.76
1.15 0.27 0.77
1.15 0.26 0.78
1.14 0.35 0.74
1.14 0.32 0.76
1.14 0.29 0.74
1.15 0.27 0.77
1.12 0.33 0.76
1.1 0.37 0.72
1.12 0.35 0.74
1.13 0.3 0.77
1.14 0.27 0.77
1.14 0.28 0.78
1.14 0.28 0.78
1.14 0.25 0.77
1.15 0.24 0.78
1.15 0.23 0.79
1.13 0.28 0.76
1.11 0.33 0.74
1.12 0.31 0.76
1.13 0.3 0.78
1.14 0.28 0.78
1.12 0.33 0.76
1.13 0.32 0.76
1.14 0.31 0.77
1.13 0.34 0.74
1.14 0.32 0.77
1.14 0.29 0.79
1.14 0.27 0.79
1.15 0.27 0.79
1.15 0.26 0.79
1.13 0.29 0.76
1.1 0.37 0.71
1.07 0.44 0.7
1.06 0.47 0.68
1.05 0.5 0.65
1.04 0.5 0.63
1.04 0.48 0.61
1.04 0.49 0.6
1.05 0.47 0.62
1.06 0.46 0.6
1.07 0.43 0.62
1.08 0.46 0.61
1.08 0.48 0.61
1.08 0.51 0.66
1.07 0.53 0.65
1.07 0.52 0.64
1.06 0.53 0.62
1.07 0.51 0.59
1.06 0.5 0.62
1.06 0.49 0.6
1.07 0.48 0.58
1.1 0.49 0.63
1.1 0.5 0.62
1.1 0.5 0.63
1.1 0.49 0.63
1.1 0.46 0.63
1.09 0.47 0.65
1.09 0.48 0.66
1.08 0.51 0.68
1.09 0.47 0.69
1.09 0.48 0.66
1.09 0.47 0.67
1.1 0.46 0.65
1.09 0.45 0.66
1.09 0.46 0.67
1.09 0.46 0.63
1.09 0.5 0.66
1.09 0.45 0.66
1.08 0.45 0.65
1.08 0.46 0.66
1.07 0.47 0.68
1.06 0.48 0.68
1.07 0.5 0.65
1.08 0.51 0.63
1.08 0.51 0.61
1.08 0.47 0.63
1.08 0.47 0.59
1.08 0.49 0.59
1.08 0.52 0.64
1.08 0.5 0.65
1.09 0.48 0.66
1.09 0.47 0.66
1.1 0.49 0.71
1.09 0.5 0.72
1.09 0.48 0.7
1.09 0.48 0.68
1.1 0.48 0.7
1.1 0.47 0.69
1.1 0.46 0.68
1.1 0.49 0.67
1.11 0.47 0.66
1.09 0.46 0.67
1.1 0.47 0.64
1.09 0.47 0.65
1.1 0.48 0.64
1.1 0.46 0.65
1.1 0.5 0.7
1.09 0.48 0.69
1.09 0.48 0.68
1.09 0.48 0.68
1.09 0.46 0.68
1.09 0.42 0.66
1.08 0.46 0.67
1.08 0.45 0.68
1.09 0.43 0.68
1.08 0.44 0.64
1.07 0.46 0.65
1.07 0.44 0.65
1.08 0.45 0.61
1.09 0.46 0.61
1.1 0.45 0.63
1.09 0.47 0.65
1.09 0.51 0.68
1.09 0.51 0.64
1.09 0.46 0.65
1.09 0.45 0.65
1.08 0.49 0.69
1.09 0.46 0.68
1.09 0.46 0.67
1.08 0.46 0.68
1.1 0.44 0.67
1.1 0.44 0.67
1.1 0.44 0.68
1.1 0.44 0.66
1.1 0.45 0.63
1.1 0.43 0.64
1.1 0.46 0.63
1.08 0.48 0.62
1.07 0.5 0.65
1.08 0.53 0.65
1.09 0.54 0.65
1.1 0.49 0.67
1.1 0.48 0.67
1.08 0.48 0.68
1.09 0.5 0.66
1.12 0.5 0.69
1.13 0.45 0.71
1.13 0.42 0.71
1.13 0.41 0.71
1.13 0.41 0.71
1.13 0.39 0.7
1.13 0.4 0.71
1.12 0.39 0.72
1.12 0.4 0.72
1.11 0.38 0.74
1.12 0.36 0.73
1.12 0.36 0.74
1.12 0.36 0.74
1.13 0.36 0.75
1.13 0.35 0.73
1.13 0.37 0.73
1.14 0.39 0.72
1.14 0.38 0.73
1.14 0.38 0.72
1.14 0.36 0.71
1.14 0.37 0.73
1.14 0.37 0.73
1.14 0.39 0.74
1.13 0.39 0.73
1.12 0.39 0.75
1.13 0.39 0.74
1.12 0.37 0.75
1.13 0.35 0.74
1.13 0.37 0.75
1.12 0.38 0.74
1.12 0.37 0.74
1.13 0.37 0.73
1.12 0.37 0.73
1.13 0.37 0.73
1.13 0.38 0.72
1.12 0.44 0.75
1.12 0.43 0.77
1.11 0.42 0.74
1.11 0.43 0.73
1.11 0.41 0.73
1.12 0.41 0.74
1.11 0.39 0.73
1.11 0.36 0.72
1.11 0.4 0.73
1.12 0.37 0.73
1.12 0.39 0.75
1.12 0.36 0.75
1.13 0.38 0.75
1.14 0.38 0.75
1.13 0.35 0.75
1.13 0.33 0.76
1.12 0.34 0.74
1.13 0.33 0.74
1.13 0.32 0.74
1.14 0.31 0.74
1.13 0.32 0.74
1.13 0.31 0.76
1.13 0.32 0.76
1.12 0.32 0.76
1.13 0.32 0.76
1.13 0.3 0.78
1.14 0.28 0.79
1.13 0.33 0.77
1.09 0.41 0.71
1.07 0.46 0.69
1.06 0.48 0.67
1.04 0.46 0.61
1.04 0.46 0.59
1.04 0.5 0.6
1.05 0.51 0.63
1.05 0.5 0.61
1.06 0.5 0.6
1.06 0.49 0.62
1.07 0.48 0.61
1.08 0.5 0.6
1.09 0.5 0.68
1.09 0.5 0.67
1.1 0.47 0.7
1.11 0.47 0.71
1.1 0.42 0.72
1.1 0.41 0.72
1.11 0.41 0.71
1.11 0.4 0.7
1.12 0.42 0.75
1.12 0.42 0.73
1.09 0.42 0.7
1.08 0.44 0.68
1.09 0.49 0.71
1.09 0.51 0.74
1.07 0.52 0.71
1.07 0.51 0.66
1.06 0.52 0.65
1.05 0.54 0.65
1.05 0.55 0.65
1.04 0.55 0.66
1.03 0.52 0.65
1.03 0.53 0.63
1.03 0.53 0.62
1.03 0.53 0.64
1.05 0.52 0.64
1.06 0.5 0.65
1.07 0.52 0.69
1.07 0.5 0.67
1.07 0.49 0.68
1.08 0.51 0.67
1.09 0.51 0.64
1.09 0.53 0.67
1.08 0.53 0.65
1.07 0.53 0.65
1.08 0.57 0.68
1.06 0.56 0.67
1.06 0.54 0.66
1.05 0.52 0.65
1.05 0.51 0.64
1.05 0.5 0.63
1.04 0.51 0.63
1.05 0.48 0.65
1.06 0.51 0.63
1.07 0.53 0.67
1.06 0.54 0.65
1.06 0.54 0.67
1.08 0.55 0.73
1.08 0.53 0.7
1.07 0.54 0.67
1.09 0.54 0.66
1.07 0.53 0.63
1.09 0.47 0.68
1.11 0.46 0.69
1.12 0.44 0.7
1.12 0.48 0.68
1.13 0.48 0.74
1.12 0.5 0.69
1.11 0.49 0.7
1.1 0.5 0.72
1.11 0.48 0.74
1.12 0.45 0.74
1.1 0.5 0.74
1.1 0.51 0.69
1.1 0.51 0.66
1.11 0.53 0.7
1.1 0.53 0.68
1.1 0.5 0.64
1.11 0.51 0.7
1.12 0.51 0.67
1.11 0.48 0.68
1.1 0.49 0.69
1.09 0.49 0.7
1.09 0.5 0.66
1.1 0.49 0.68
1.1 0.47 0.69
1.1 0.47 0.7
1.09 0.5 0.7
1.09 0.53 0.72
1.09 0.5 0.72
1.08 0.49 0.7
1.07 0.5 0.67
1.09 0.51 0.64
1.09 0.5 0.61
1.11 0.5 0.67
1.11 0.5 0.64
1.1 0.48 0.65
1.1 0.48 0.65
1.1 0.49 0.67
1.1 0.47 0.68
1.1 0.49 0.65
1.08 0.54 0.66
1.07 0.54 0.67
1.07 0.55 0.67
1.07 0.56 0.65
1.06 0.55 0.62
1.07 0.55 0.61
1.08 0.5 0.65
1.1 0.46 0.68
1.07 0.49 0.69
1.08 0.53 0.71
1.08 0.51 0.65
1.09 0.54 0.68
1.07 0.52 0.68
1.04 0.53 0.69
1.05 0.56 0.7
1.05 0.54 0.67
1.05 0.57 0.7
1.04 0.56 0.69
1.04 0.56 0.7
1.02 0.55 0.65
1.04 0.56 0.66
1.04 0.56 0.67
1.04 0.56 0.64
1.03 0.53 0.64
1.03 0.5 0.61
1.02 0.51 0.6
1.03 0.53 0.63
1.04 0.51 0.63
1.04 0.51 0.61
1.04 0.52 0.63
1.04 0.51 0.65
1.05 0.49 0.64
1.06 0.52 0.66
1.05 0.53 0.64
1.07 0.56 0.62
1.06 0.53 0.63
1.06 0.56 0.66
1.06 0.55 0.64
1.05 0.57 0.67
1.07 0.54 0.65
1.06 0.54 0.63
1.06 0.51 0.63
1.05 0.5 0.61
1.05 0.51 0.62
1.06 0.53 0.58
1.05 0.54 0.58
1.05 0.56 0.63
1.05 0.52 0.62
1.04 0.51 0.59
1.03 0.53 0.63
1.05 0.55 0.64
1.04 0.55 0.65
1.05 0.55 0.63
1.07 0.51 0.64
1.07 0.51 0.63
1.08 0.52 0.62
1.08 0.52 0.62
1.09 0.53 0.63
1.07 0.51 0.63
1.07 0.51 0.62
1.08 0.5 0.65
1.07 0.51 0.63
1.08 0.52 0.69
1.08 0.54 0.7
1.07 0.55 0.67
1.08 0.57 0.7
1.09 0.53 0.69
1.1 0.55 0.67
1.09 0.56 0.65
1.08 0.54 0.63
1.08 0.51 0.63
1.08 0.49 0.65
1.09 0.47 0.64
1.08 0.47 0.66
1.08 0.48 0.67
1.07 0.51 0.69
1.06 0.53 0.69
1.05 0.51 0.67
1.05 0.51 0.67
1.05 0.51 0.66
1.06 0.51 0.65
1.06 0.5 0.63
1.07 0.49 0.62
1.07 0.47 0.6
1.09 0.43 0.65
1.08 0.45 0.67
1.07 0.45 0.67
1.06 0.46 0.68
1.07 0.45 0.68
1.08 0.43 0.69
1.08 0.45 0.67
1.05 0.47 0.66
1.04 0.47 0.65
1.06 0.4 0.66
1.07 0.43 0.64
1.08 0.45 0.66
1.08 0.45 0.6
1.09 0.45 0.6
1.09 0.44 0.61
1.09 0.46 0.61
1.07 0.46 0.64
1.09 0.49 0.64
1.08 0.48 0.63
1.08 0.5 0.67
1.07 0.49 0.66
1.08 0.5 0.64
1.09 0.52 0.69
1.1 0.5 0.68
1.11 0.52 0.71
1.09 0.54 0.73
1.08 0.53 0.73
1.08 0.52 0.68
1.08 0.51 0.67
1.08 0.5 0.68
1.1 0.51 0.66
1.09 0.54 0.7
1.11 0.52 0.68
1.12 0.55 0.71
1.11 0.56 0.69
1.12 0.55 0.66
1.11 0.52 0.65
1.1 0.5 0.62
1.11 0.51 0.63
1.11 0.51 0.61
1.11 0.5 0.62
1.12 0.51 0.62
1.11 0.5 0.62
1.11 0.49 0.63
1.09 0.49 0.62
1.08 0.48 0.61
1.08 0.48 0.64
1.08 0.5 0.63
1.09 0.5 0.64
1.09 0.5 0.62
1.09 0.51 0.62
1.09 0.51 0.62
1.08 0.52 0.66
1.08 0.51 0.67
1.1 0.53 0.68
1.09 0.52 0.68
1.09 0.51 0.64
1.08 0.52 0.67
1.08 0.5 0.68
1.08 0.5 0.64
1.07 0.5 0.62
1.07 0.53 0.63
1.08 0.53 0.61
1.08 0.53 0.6
1.09 0.53 0.61
1.08 0.51 0.61
1.09 0.53 0.61
1.1 0.51 0.64
1.09 0.5 0.61
1.09 0.47 0.63
1.09 0.47 0.64
1.07 0.5 0.64
1.07 0.53 0.65
1.06 0.54 0.65
1.05 0.53 0.65
1.05 0.51 0.65
1.05 0.51 0.64
1.05 0.52 0.62
1.06 0.55 0.66
1.07 0.53 0.64
1.07 0.51 0.66
1.07 0.5 0.63
1.07 0.48 0.65
1.07 0.5 0.66
1.06 0.5 0.68
1.06 0.51 0.65
1.06 0.54 0.68
1.07 0.53 0.64
1.06 0.52 0.66
1.07 0.53 0.67
1.06 0.51 0.68
1.07 0.54 0.7
1.08 0.56 0.72
1.07 0.55 0.67
1.07 0.53 0.65
1.08 0.51 0.64
1.08 0.51 0.66
1.08 0.51 0.63
1.06 0.52 0.65
1.06 0.54 0.64
1.07 0.52 0.64
1.07 0.48 0.65
1.08 0.5 0.7
1.09 0.48 0.68
1.09 0.49 0.66
1.09 0.49 0.65
1.08 0.5 0.66
1.08 0.53 0.69
1.08 0.55 0.72
1.07 0.56 0.71
1.09 0.59 0.71
1.07 0.58 0.68
1.07 0.58 0.67
1.06 0.56 0.64
1.06 0.54 0.64
1.06 0.55 0.64
1.06 0.52 0.62
1.04 0.5 0.62
1.03 0.52 0.64
1.05 0.51 0.64
1.04 0.51 0.61
1.05 0.5 0.59
1.05 0.51 0.6
1.05 0.51 0.59
1.05 0.54 0.63
1.05 0.51 0.62
1.07 0.55 0.65
1.06 0.52 0.61
1.07 0.51 0.61
1.08 0.51 0.6
1.08 0.52 0.61
1.07 0.51 0.6
1.06 0.5 0.62
1.07 0.5 0.65
1.08 0.49 0.65
1.06 0.49 0.65
1.08 0.47 0.65
1.09 0.47 0.68
1.09 0.45 0.69
1.09 0.44 0.68
1.09 0.42 0.68
1.1 0.42 0.67
1.1 0.44 0.68
1.1 0.43 0.68
1.09 0.46 0.71
1.1 0.45 0.71
1.08 0.46 0.7
1.07 0.5 0.69
1.07 0.49 0.67
1.06 0.52 0.67
1.05 0.5 0.67
1.06 0.53 0.69
1.07 0.51 0.68
1.09 0.48 0.68
1.1 0.47 0.69
1.1 0.45 0.69
1.1 0.44 0.67
1.1 0.47 0.71
1.11 0.46 0.7
1.12 0.43 0.72
1.11 0.4 0.72
1.12 0.37 0.74
1.12 0.39 0.74
1.11 0.42 0.72
1.11 0.41 0.71
1.12 0.44 0.76
1.12 0.4 0.76
1.12 0.41 0.73
1.11 0.43 0.73
1.11 0.43 0.72
1.11 0.43 0.73
1.12 0.41 0.71
1.12 0.42 0.71
1.11 0.42 0.71
1.11 0.41 0.72
1.09 0.45 0.71
1.08 0.45 0.66
1.06 0.48 0.64
1.06 0.48 0.64
1.06 0.49 0.64
1.07 0.53 0.64
1.06 0.5 0.61
1.07 0.53 0.64
1.08 0.55 0.66
1.08 0.55 0.64
1.09 0.53 0.69
1.1 0.52 0.69
1.08 0.51 0.66
1.08 0.51 0.67
1.07 0.52 0.64
1.07 0.52 0.62
1.08 0.5 0.63
1.09 0.52 0.68
1.09 0.51 0.64
1.08 0.49 0.66
1.09 0.49 0.66
1.09 0.5 0.64
1.09 0.5 0.63
1.08 0.49 0.63
1.08 0.49 0.65
1.09 0.47 0.65
1.09 0.48 0.62
1.08 0.5 0.61
1.07 0.5 0.62
1.09 0.49 0.68
1.07 0.5 0.64
1.07 0.51 0.65
1.07 0.5 0.61
1.07 0.5 0.6
1.07 0.48 0.6
1.06 0.45 0.63
1.09 0.46 0.68
1.08 0.43 0.67
1.09 0.42 0.68
1.09 0.47 0.71
1.09 0.46 0.71
1.09 0.47 0.66
1.08 0.48 0.66
1.08 0.48 0.66
1.09 0.45 0.66
1.09 0.45 0.68
1.09 0.45 0.69
1.09 0.45 0.69
1.09 0.49 0.67
1.09 0.47 0.66
1.09 0.47 0.66
1.09 0.5 0.68
1.08 0.52 0.71
1.08 0.54 0.73
1.08 0.51 0.72
1.08 0.49 0.71
1.06 0.52 0.71
1.07 0.52 0.68
1.07 0.53 0.68
1.07 0.55 0.71
1.06 0.56 0.71
1.07 0.54 0.71
1.06 0.54 0.72
1.06 0.52 0.66
1.06 0.55 0.69
1.07 0.57 0.71
1.07 0.55 0.67
1.06 0.57 0.7
1.08 0.58 0.72
1.09 0.56 0.7
1.09 0.57 0.7
1.07 0.55 0.66
1.05 0.53 0.68
1.06 0.55 0.68
1.07 0.52 0.68
1.08 0.54 0.71
1.06 0.52 0.66
1.05 0.53 0.64
1.05 0.52 0.62
1.05 0.52 0.65
1.05 0.51 0.66
1.05 0.52 0.63
1.06 0.55 0.67
1.05 0.57 0.7
1.07 0.53 0.69
1.08 0.56 0.72
1.08 0.56 0.72
1.07 0.53 0.71
1.09 0.55 0.71
1.09 0.56 0.68
1.09 0.55 0.7
1.08 0.53 0.68
1.08 0.56 0.7
1.09 0.58 0.73
1.09 0.56 0.68
1.09 0.56 0.66
1.07 0.54 0.64
1.06 0.52 0.65
1.06 0.51 0.62
1.06 0.5 0.61
1.06 0.5 0.61
1.06 0.53 0.66
1.05 0.53 0.64
1.06 0.55 0.69
1.04 0.54 0.7
1.05 0.55 0.66
1.05 0.52 0.67
1.05 0.53 0.67
1.06 0.54 0.71
1.07 0.54 0.68
1.07 0.55 0.66
1.09 0.55 0.66
1.07 0.53 0.63
1.07 0.5 0.65
1.07 0.5 0.64
1.07 0.49 0.64
1.06 0.52 0.67
1.07 0.54 0.65
1.07 0.52 0.66
1.05 0.55 0.69
1.08 0.55 0.65
1.08 0.51 0.62
1.09 0.5 0.63
1.08 0.51 0.62
1.09 0.5 0.6
1.09 0.51 0.6
1.09 0.52 0.6
1.1 0.52 0.59
1.09 0.54 0.64
1.09 0.52 0.66
1.1 0.52 0.64
1.1 0.53 0.65
1.1 0.53 0.68
1.1 0.51 0.7
1.09 0.51 0.66
1.08 0.54 0.68
1.08 0.55 0.69
1.08 0.56 0.67
1.08 0.54 0.68
1.08 0.51 0.65
1.08 0.5 0.64
1.08 0.49 0.62
1.08 0.51 0.61
1.1 0.5 0.63
1.1 0.48 0.63
1.09 0.49 0.64
1.08 0.5 0.63
1.07 0.52 0.65
1.07 0.51 0.62
1.08 0.52 0.61
1.09 0.51 0.61
1.08 0.53 0.65
1.1 0.52 0.65
1.11 0.53 0.69
1.11 0.55 0.71
1.09 0.54 0.71
1.09 0.53 0.68
1.09 0.52 0.68
1.09 0.54 0.72
1.09 0.52 0.69
1.09 0.51 0.67
1.1 0.5 0.72
1.11 0.54 0.7
1.11 0.54 0.71
1.1 0.5 0.7
1.1 0.5 0.69
1.09 0.53 0.71
1.09 0.53 0.67
1.1 0.52 0.68
1.09 0.55 0.7
1.08 0.56 0.73
1.09 0.54 0.68
1.09 0.54 0.66
1.08 0.52 0.65
1.08 0.54 0.67
1.08 0.56 0.71
1.09 0.56 0.71
1.07 0.55 0.71
1.08 0.57 0.72
1.1 0.58 0.73
1.09 0.55 0.71
1.09 0.54 0.67
1.09 0.54 0.65
1.09 0.53 0.63
1.09 0.52 0.61
1.09 0.5 0.62
1.1 0.5 0.68
1.08 0.51 0.65
1.1 0.5 0.65
1.07 0.5 0.66
1.08 0.53 0.65
1.08 0.52 0.64
1.09 0.49 0.66
1.1 0.52 0.71
1.09 0.54 0.7
1.09 0.52 0.7
1.09 0.51 0.71
1.1 0.54 0.68
1.09 0.51 0.69
1.09 0.47 0.69
1.09 0.45 0.7
1.08 0.47 0.7
1.08 0.48 0.71
1.08 0.48 0.7
1.08 0.53 0.73
1.08 0.51 0.67
1.08 0.5 0.68
1.08 0.53 0.71
1.08 0.52 0.71
1.07 0.51 0.67
1.07 0.53 0.7
1.08 0.55 0.73
1.08 0.52 0.67
1.09 0.49 0.67
1.09 0.47 0.68
1.07 0.48 0.65
1.08 0.45 0.65
1.06 0.48 0.63
1.07 0.51 0.67
1.09 0.48 0.68
1.09 0.48 0.69
1.09 0.49 0.65
1.09 0.46 0.67
1.09 0.45 0.67
1.09 0.48 0.69
1.1 0.48 0.68
1.09 0.5 0.7
1.09 0.51 0.7
1.09 0.52 0.66
1.08 0.52 0.68
1.09 0.53 0.72
1.1 0.53 0.75
1.1 0.54 0.7
1.09 0.51 0.7
1.1 0.46 0.69
1.09 0.48 0.65
1.1 0.5 0.68
1.11 0.47 0.69
1.11 0.48 0.7
1.09 0.48 0.65
1.09 0.49 0.63
1.09 0.47 0.65
1.09 0.45 0.64
1.09 0.45 0.65
1.09 0.47 0.65
1.09 0.46 0.66
1.1 0.47 0.64
1.09 0.5 0.63
1.09 0.48 0.63
1.08 0.48 0.65
1.09 0.49 0.68
1.09 0.49 0.68
1.09 0.49 0.68
1.09 0.49 0.64
1.11 0.48 0.7
1.11 0.45 0.7
1.1 0.43 0.69
1.1 0.46 0.65
1.1 0.49 0.68
1.1 0.48 0.67
1.09 0.48 0.63
1.09 0.47 0.63
1.1 0.49 0.61
1.1 0.48 0.63
1.09 0.46 0.64
1.1 0.46 0.61
1.1 0.48 0.67
1.09 0.48 0.67
1.1 0.52 0.66
1.1 0.49 0.67
1.11 0.51 0.71
1.1 0.5 0.67
1.1 0.51 0.66
1.09 0.5 0.67
1.11 0.49 0.68
1.11 0.5 0.68
1.11 0.5 0.66
1.11 0.48 0.66
1.11 0.49 0.64
1.11 0.47 0.65
1.09 0.47 0.66
1.1 0.5 0.7
1.1 0.46 0.69
1.1 0.48 0.7
1.09 0.5 0.7
1.08 0.5 0.7
1.08 0.5 0.66
1.07 0.52 0.65
1.07 0.51 0.65
1.09 0.51 0.64
1.08 0.49 0.65
1.08 0.48 0.65
1.09 0.49 0.64
1.08 0.5 0.62
1.08 0.5 0.6
1.08 0.5 0.6
1.1 0.46 0.62
1.1 0.48 0.6
1.1 0.49 0.59
1.12 0.47 0.6
1.11 0.46 0.63
1.11 0.48 0.62
1.12 0.47 0.64
1.11 0.45 0.64
1.11 0.44 0.61
1.11 0.45 0.62
1.09 0.46 0.65
1.1 0.46 0.65
1.1 0.45 0.63
1.1 0.44 0.64
1.11 0.46 0.63
1.1 0.44 0.64
1.1 0.44 0.64
1.1 0.43 0.65
1.1 0.42 0.66
1.1 0.42 0.67
1.1 0.44 0.66
1.1 0.45 0.66
1.1 0.44 0.68
1.1 0.45 0.67
1.09 0.46 0.68
1.1 0.45 0.69
1.11 0.46 0.67
1.11 0.48 0.64
1.1 0.45 0.65
1.1 0.43 0.64
1.1 0.44 0.66
1.09 0.45 0.68
1.1 0.47 0.66
1.09 0.47 0.67
1.1 0.43 0.68
1.11 0.48 0.71
1.1 0.45 0.71
1.11 0.43 0.7
1.11 0.44 0.7
1.11 0.43 0.67
1.11 0.41 0.67
1.11 0.41 0.68
1.1 0.42 0.69
1.1 0.42 0.69
1.1 0.44 0.65
1.1 0.44 0.66
1.09 0.47 0.65
1.09 0.46 0.62
1.09 0.47 0.59
1.1 0.44 0.62
1.09 0.49 0.66
1.1 0.49 0.63
1.1 0.49 0.63
1.1 0.48 0.68
1.09 0.49 0.64
1.09 0.47 0.65
1.08 0.48 0.67
1.08 0.5 0.71
1.08 0.49 0.7
1.08 0.48 0.7
1.08 0.49 0.67
1.08 0.46 0.66
1.08 0.48 0.67
1.08 0.5 0.68
1.08 0.54 0.71
1.08 0.53 0.66
1.07 0.53 0.67
1.08 0.5 0.67
1.08 0.47 0.66
1.06 0.47 0.64
1.07 0.44 0.66
1.07 0.45 0.67
1.06 0.47 0.69
1.07 0.46 0.69
1.05 0.46 0.68
1.06 0.44 0.68
1.06 0.43 0.68
1.08 0.48 0.69
1.08 0.47 0.68
1.07 0.5 0.69
1.07 0.49 0.69
1.08 0.47 0.69
1.07 0.52 0.7
1.05 0.52 0.69
1.05 0.48 0.69
1.06 0.5 0.69
1.08 0.45 0.68
1.08 0.46 0.64
1.08 0.48 0.62
1.09 0.49 0.67
1.09 0.52 0.7
1.09 0.49 0.7
1.08 0.49 0.7
1.08 0.48 0.69
1.09 0.47 0.69
1.08 0.47 0.68
1.08 0.5 0.71
1.1 0.52 0.71
1.09 0.51 0.71
1.08 0.51 0.68
1.09 0.49 0.68
1.08 0.5 0.67
1.07 0.5 0.64
1.08 0.46 0.68
1.09 0.42 0.69
1.09 0.41 0.69
1.1 0.45 0.73
1.11 0.45 0.72
1.11 0.42 0.71
1.12 0.38 0.74
1.14 0.38 0.75
1.13 0.37 0.76
1.13 0.35 0.76
1.13 0.32 0.74
1.13 0.33 0.72
1.12 0.35 0.72
1.14 0.38 0.77
1.14 0.36 0.78
1.12 0.37 0.77
1.12 0.38 0.74
1.12 0.35 0.74
1.12 0.35 0.75
1.12 0.36 0.75
1.11 0.37 0.74
1.11 0.4 0.73
1.11 0.39 0.74
1.11 0.4 0.75
1.11 0.38 0.75
1.12 0.39 0.74
1.12 0.39 0.75
1.13 0.39 0.73
1.13 0.37 0.74
1.13 0.38 0.73
1.14 0.38 0.73
1.14 0.38 0.73
1.13 0.35 0.73
1.13 0.35 0.71
1.13 0.37 0.72
1.12 0.35 0.72
1.12 0.36 0.73
1.11 0.37 0.7
1.12 0.38 0.71
1.12 0.37 0.71
1.13 0.41 0.69
1.13 0.38 0.7
1.11 0.41 0.68
1.11 0.43 0.69
1.11 0.43 0.69
1.1 0.45 0.68
1.1 0.45 0.69
