1.27 0.45 0.76
1.27 0.45 0.78
1.28 0.45 0.75
1.28 0.44 0.74
1.27 0.45 0.75
1.28 0.43 0.74
1.28 0.44 0.73
1.28 0.46 0.75
1.29 0.47 0.75
1.29 0.45 0.75
1.28 0.47 0.73
1.28 0.48 0.74
1.28 0.49 0.69
1.28 0.45 0.69
1.28 0.46 0.7
1.28 0.44 0.71
1.28 0.48 0.66
1.28 0.47 0.68
1.28 0.48 0.7
1.29 0.47 0.71
1.29 0.47 0.73
1.29 0.47 0.75
1.29 0.45 0.73
1.29 0.46 0.75
1.28 0.47 0.7
1.28 0.45 0.69
1.29 0.47 0.72
1.29 0.47 0.75
1.28 0.48 0.76
1.28 0.47 0.78
1.29 0.48 0.78
1.28 0.45 0.77
1.28 0.48 0.71
1.27 0.47 0.72
1.27 0.47 0.71
1.27 0.47 0.71
1.27 0.46 0.7
1.28 0.46 0.74
1.27 0.46 0.75
1.26 0.48 0.69
1.27 0.46 0.7
1.27 0.47 0.73
1.27 0.47 0.74
1.27 0.48 0.77
1.27 0.47 0.77
1.27 0.47 0.76
1.26 0.46 0.76
1.27 0.46 0.77
1.26 0.48 0.7
1.27 0.46 0.73
1.27 0.48 0.75
1.27 0.46 0.77
1.27 0.47 0.7
1.26 0.47 0.7
1.26 0.46 0.7
1.27 0.48 0.73
1.26 0.49 0.68
1.27 0.48 0.71
1.27 0.49 0.73
1.27 0.46 0.71
1.27 0.44 0.72
1.27 0.44 0.73
1.26 0.43 0.72
1.26 0.44 0.74
1.27 0.44 0.72
1.27 0.44 0.72
1.27 0.44 0.71
1.27 0.44 0.71
1.28 0.46 0.73
1.29 0.46 0.76
1.28 0.45 0.76
1.28 0.45 0.76
1.28 0.43 0.73
1.27 0.43 0.72
1.27 0.44 0.74
1.27 0.42 0.72
1.28 0.42 0.72
1.28 0.42 0.71
1.28 0.43 0.7
1.28 0.42 0.7
1.27 0.36 0.67
1.28 0.37 0.67
1.29 0.35 0.68
1.29 0.38 0.7
1.28 0.42 0.69
1.27 0.44 0.65
1.27 0.44 0.66
1.27 0.44 0.68
1.27 0.43 0.7
1.27 0.42 0.68
1.27 0.44 0.7
1.27 0.44 0.69
1.27 0.45 0.72
1.27 0.44 0.72
1.28 0.44 0.73
1.29 0.44 0.73
1.29 0.44 0.72
1.29 0.45 0.74
1.29 0.46 0.74
1.29 0.47 0.76
1.29 0.46 0.75
1.27 0.46 0.75
1.27 0.45 0.74
1.26 0.47 0.68
1.26 0.48 0.7
1.27 0.48 0.74
1.28 0.49 0.74
1.28 0.46 0.73
1.29 0.45 0.74
1.28 0.46 0.73
1.28 0.48 0.68
1.27 0.5 0.69
1.26 0.5 0.7
1.27 0.49 0.72
1.26 0.48 0.73
1.26 0.5 0.72
1.26 0.5 0.67
1.26 0.5 0.7
1.25 0.47 0.69
1.25 0.5 0.65
1.25 0.5 0.68
1.26 0.51 0.64
1.26 0.52 0.61
1.27 0.51 0.67
1.27 0.47 0.67
1.27 0.5 0.69
1.26 0.52 0.69
1.26 0.52 0.65
1.27 0.5 0.68
1.27 0.49 0.68
1.28 0.5 0.71
1.27 0.52 0.67
1.25 0.44 0.62
1.25 0.47 0.59
1.25 0.49 0.63
1.26 0.48 0.68
1.25 0.49 0.69
1.25 0.51 0.69
1.27 0.5 0.71
1.26 0.49 0.68
1.26 0.49 0.7
1.26 0.5 0.7
1.26 0.48 0.7
1.26 0.48 0.72
1.26 0.49 0.72
1.26 0.51 0.72
1.25 0.53 0.71
1.26 0.51 0.68
1.25 0.52 0.67
1.25 0.53 0.63
1.25 0.55 0.65
1.24 0.5 0.65
1.23 0.51 0.63
1.24 0.54 0.64
1.25 0.55 0.62
1.24 0.51 0.64
1.23 0.49 0.66
1.23 0.51 0.62
1.23 0.51 0.65
1.24 0.51 0.67
1.25 0.53 0.7
1.24 0.52 0.69
1.24 0.53 0.64
1.23 0.52 0.61
1.23 0.51 0.62
1.24 0.52 0.61
1.24 0.51 0.64
1.22 0.5 0.62
1.23 0.51 0.59
1.23 0.49 0.59
1.24 0.51 0.57
1.25 0.49 0.63
1.26 0.46 0.63
1.26 0.46 0.66
1.26 0.47 0.63
1.26 0.47 0.65
1.27 0.48 0.69
1.28 0.47 0.7
1.27 0.49 0.65
1.28 0.49 0.66
1.27 0.5 0.64
1.28 0.49 0.65
1.26 0.5 0.65
1.26 0.52 0.67
1.25 0.51 0.68
1.26 0.5 0.71
1.28 0.49 0.72
1.27 0.51 0.72
1.26 0.53 0.7
1.26 0.5 0.69
1.27 0.49 0.69
1.27 0.49 0.71
1.27 0.51 0.72
1.26 0.5 0.7
1.26 0.51 0.71
1.24 0.52 0.67
1.24 0.52 0.69
1.24 0.55 0.67
1.24 0.55 0.62
1.25 0.54 0.6
1.25 0.52 0.64
1.26 0.49 0.68
1.27 0.48 0.71
1.26 0.47 0.72
1.27 0.47 0.71
1.27 0.46 0.73
1.28 0.47 0.74
1.27 0.5 0.74
1.27 0.5 0.71
1.26 0.52 0.67
1.26 0.54 0.68
1.27 0.55 0.64
1.27 0.56 0.65
1.26 0.55 0.61
1.27 0.53 0.63
1.28 0.5 0.65
1.28 0.53 0.62
1.28 0.54 0.65
1.28 0.51 0.67
1.28 0.47 0.68
1.28 0.51 0.69
1.28 0.48 0.7
1.28 0.45 0.7
1.28 0.46 0.69
1.27 0.49 0.64
1.28 0.51 0.62
1.28 0.5 0.65
1.28 0.5 0.62
1.26 0.48 0.63
1.27 0.47 0.64
1.27 0.49 0.67
1.26 0.48 0.68
1.26 0.51 0.69
1.27 0.5 0.69
1.27 0.52 0.65
1.27 0.5 0.66
1.28 0.48 0.67
1.28 0.5 0.63
1.28 0.51 0.68
1.27 0.5 0.7
1.26 0.51 0.64
1.27 0.5 0.69
1.27 0.51 0.65
1.28 0.5 0.65
1.28 0.51 0.63
1.27 0.5 0.61
1.27 0.49 0.66
1.28 0.48 0.66
1.27 0.49 0.69
1.26 0.5 0.64
1.27 0.49 0.69
1.28 0.48 0.71
1.28 0.46 0.71
1.29 0.45 0.7
1.29 0.45 0.72
1.29 0.46 0.74
1.28 0.48 0.73
1.28 0.48 0.75
1.28 0.45 0.73
1.29 0.45 0.73
1.29 0.47 0.75
1.28 0.46 0.76
1.28 0.47 0.73
1.29 0.47 0.7
1.27 0.46 0.71
1.27 0.49 0.66
1.28 0.48 0.68
1.27 0.48 0.7
1.28 0.49 0.72
1.28 0.49 0.71
1.27 0.49 0.67
1.26 0.5 0.63
1.26 0.51 0.67
1.25 0.52 0.67
1.27 0.52 0.71
1.26 0.54 0.66
1.26 0.51 0.68
1.25 0.52 0.69
1.25 0.53 0.7
1.26 0.54 0.65
1.25 0.52 0.68
1.25 0.5 0.68
1.25 0.51 0.7
1.25 0.5 0.71
1.26 0.51 0.73
1.25 0.49 0.73
1.25 0.49 0.74
1.24 0.5 0.68
1.25 0.51 0.64
1.26 0.53 0.62
1.27 0.5 0.65
1.27 0.49 0.66
1.27 0.47 0.66
1.28 0.46 0.67
1.27 0.48 0.63
1.27 0.5 0.59
1.28 0.48 0.64
1.27 0.49 0.67
1.25 0.51 0.68
1.25 0.5 0.7
1.24 0.5 0.65
1.25 0.5 0.68
1.26 0.52 0.69
1.27 0.54 0.65
1.27 0.52 0.65
1.26 0.51 0.67
1.25 0.51 0.66
1.25 0.52 0.63
1.26 0.51 0.66
1.26 0.52 0.61
1.26 0.54 0.59
1.26 0.52 0.64
1.27 0.52 0.68
1.25 0.51 0.66
1.24 0.52 0.68
1.25 0.49 0.68
1.25 0.52 0.68
1.26 0.53 0.64
1.25 0.53 0.62
1.25 0.53 0.61
1.25 0.54 0.58
1.25 0.52 0.62
1.26 0.51 0.64
1.27 0.5 0.66
1.26 0.51 0.62
1.28 0.49 0.62
1.28 0.49 0.66
1.28 0.49 0.69
1.25 0.5 0.64
1.24 0.49 0.67
1.25 0.49 0.67
1.25 0.51 0.69
1.26 0.49 0.72
1.26 0.48 0.74
1.27 0.47 0.73
1.26 0.48 0.73
1.26 0.47 0.72
1.26 0.49 0.68
1.27 0.48 0.69
1.27 0.49 0.71
1.27 0.47 0.71
1.27 0.48 0.73
1.27 0.47 0.76
1.26 0.48 0.7
1.27 0.49 0.72
1.26 0.5 0.67
1.27 0.5 0.7
1.27 0.51 0.71
1.26 0.52 0.71
1.27 0.48 0.7
1.28 0.46 0.71
1.27 0.46 0.71
1.26 0.48 0.66
1.26 0.49 0.68
1.26 0.49 0.71
1.27 0.48 0.73
1.25 0.47 0.74
1.25 0.5 0.68
1.26 0.5 0.7
1.26 0.52 0.65
1.26 0.5 0.69
1.26 0.49 0.72
1.26 0.47 0.7
1.27 0.47 0.73
1.27 0.49 0.68
1.27 0.48 0.67
1.28 0.47 0.68
1.27 0.5 0.64
1.28 0.49 0.67
1.29 0.48 0.67
1.28 0.47 0.67
1.26 0.48 0.65
1.26 0.49 0.65
1.26 0.5 0.68
1.27 0.49 0.68
1.28 0.48 0.72
1.27 0.48 0.72
1.27 0.48 0.71
1.26 0.46 0.69
1.26 0.47 0.64
1.25 0.49 0.61
1.25 0.5 0.65
1.25 0.5 0.69
1.25 0.51 0.64
1.25 0.51 0.67
1.24 0.5 0.65
1.24 0.53 0.66
1.24 0.54 0.62
1.25 0.55 0.59
1.25 0.54 0.58
1.25 0.53 0.62
1.25 0.52 0.65
1.24 0.51 0.67
1.25 0.5 0.69
1.25 0.52 0.69
1.26 0.53 0.66
1.25 0.52 0.62
1.26 0.52 0.6
1.26 0.53 0.65
1.27 0.51 0.66
1.27 0.49 0.65
1.27 0.49 0.68
1.26 0.49 0.71
1.26 0.5 0.65
1.26 0.52 0.66
1.25 0.53 0.62
1.26 0.53 0.62
1.27 0.53 0.62
1.25 0.55 0.63
1.25 0.54 0.64
1.25 0.54 0.6
1.26 0.52 0.64
1.25 0.49 0.66
1.25 0.5 0.62
1.25 0.53 0.65
1.26 0.54 0.67
1.25 0.54 0.68
1.26 0.54 0.68
1.26 0.54 0.68
1.26 0.53 0.67
1.26 0.52 0.66
1.26 0.51 0.66
1.26 0.52 0.63
1.27 0.52 0.63
1.25 0.51 0.65
1.26 0.51 0.63
1.25 0.5 0.66
1.25 0.49 0.68
1.24 0.48 0.66
1.24 0.46 0.67
1.25 0.45 0.67
1.24 0.47 0.66
1.25 0.49 0.67
1.24 0.46 0.68
1.25 0.48 0.65
1.23 0.5 0.65
1.25 0.53 0.62
1.24 0.52 0.65
1.24 0.51 0.62
1.24 0.52 0.64
1.23 0.53 0.65
1.24 0.54 0.66
1.24 0.53 0.68
1.23 0.52 0.65
1.23 0.5 0.68
1.24 0.49 0.69
1.25 0.5 0.7
1.25 0.52 0.66
1.24 0.52 0.67
1.24 0.51 0.69
1.22 0.48 0.68
1.22 0.49 0.63
1.23 0.49 0.66
1.24 0.51 0.68
1.24 0.48 0.68
1.24 0.5 0.64
1.23 0.49 0.68
1.24 0.48 0.68
1.25 0.51 0.64
1.24 0.52 0.6
1.24 0.5 0.65
1.25 0.51 0.68
1.26 0.51 0.71
1.27 0.5 0.72
1.28 0.52 0.72
1.27 0.52 0.66
1.28 0.5 0.69
1.27 0.51 0.71
1.27 0.53 0.66
1.27 0.53 0.63
1.27 0.51 0.67
1.26 0.48 0.69
1.26 0.5 0.72
1.26 0.5 0.74
1.27 0.52 0.67
1.27 0.53 0.64
1.28 0.49 0.67
1.27 0.49 0.69
1.27 0.51 0.7
1.27 0.52 0.71
1.27 0.5 0.7
1.27 0.53 0.7
1.26 0.54 0.7
1.26 0.55 0.7
1.25 0.55 0.69
1.25 0.55 0.7
1.25 0.55 0.65
1.25 0.52 0.65
1.25 0.53 0.67
1.25 0.53 0.65
1.25 0.51 0.62
1.25 0.52 0.65
1.25 0.52 0.62
1.25 0.48 0.64
1.27 0.51 0.66
1.26 0.5 0.67
1.26 0.52 0.68
1.25 0.52 0.67
1.26 0.54 0.64
1.27 0.54 0.6
1.27 0.52 0.61
1.27 0.53 0.59
1.27 0.51 0.62
1.28 0.51 0.65
1.28 0.5 0.69
1.26 0.51 0.65
1.26 0.51 0.68
1.26 0.49 0.68
1.26 0.5 0.63
1.25 0.47 0.64
1.24 0.48 0.6
1.25 0.5 0.63
1.25 0.5 0.66
1.26 0.52 0.63
1.25 0.51 0.66
1.24 0.51 0.63
1.25 0.52 0.65
1.25 0.51 0.67
1.25 0.52 0.68
1.25 0.54 0.69
1.25 0.55 0.64
1.26 0.52 0.65
1.27 0.51 0.68
1.27 0.52 0.64
1.26 0.51 0.67
1.26 0.51 0.65
1.27 0.51 0.66
1.28 0.51 0.62
1.28 0.51 0.64
1.27 0.51 0.67
1.28 0.49 0.67
1.28 0.47 0.69
1.27 0.48 0.7
1.27 0.49 0.71
1.27 0.48 0.72
1.26 0.49 0.73
1.26 0.5 0.67
1.26 0.52 0.64
1.27 0.55 0.61
1.27 0.52 0.66
1.27 0.51 0.69
1.27 0.51 0.65
1.26 0.52 0.67
1.26 0.53 0.68
1.25 0.55 0.65
1.24 0.51 0.67
1.24 0.52 0.68
1.25 0.5 0.7
1.24 0.51 0.7
1.25 0.5 0.71
1.26 0.52 0.67
1.26 0.51 0.64
1.27 0.5 0.68
1.26 0.53 0.68
1.25 0.53 0.69
1.24 0.54 0.7
1.25 0.55 0.7
1.24 0.54 0.71
1.24 0.53 0.71
1.24 0.53 0.67
1.24 0.54 0.64
1.25 0.53 0.63
1.26 0.51 0.68
1.27 0.5 0.69
1.27 0.49 0.65
1.26 0.5 0.63
1.27 0.5 0.64
1.27 0.52 0.61
1.27 0.54 0.64
1.26 0.51 0.66
1.25 0.5 0.69
1.25 0.51 0.64
1.25 0.49 0.67
1.25 0.51 0.64
1.25 0.51 0.69
1.26 0.53 0.65
1.26 0.49 0.66
1.26 0.49 0.68
1.26 0.5 0.69
1.27 0.48 0.71
1.26 0.5 0.66
1.27 0.5 0.69
1.26 0.5 0.67
1.26 0.49 0.7
1.26 0.48 0.71
1.26 0.48 0.67
1.25 0.5 0.63
1.26 0.51 0.67
1.25 0.52 0.69
1.26 0.52 0.66
1.26 0.51 0.69
1.26 0.53 0.7
1.26 0.54 0.65
1.26 0.54 0.68
1.26 0.52 0.71
1.26 0.52 0.66
1.26 0.5 0.69
1.26 0.49 0.7
1.26 0.5 0.71
1.27 0.48 0.72
1.26 0.49 0.67
1.26 0.5 0.63
1.26 0.5 0.67
1.26 0.51 0.64
1.26 0.5 0.67
1.26 0.51 0.64
1.27 0.5 0.68
1.27 0.46 0.69
1.27 0.46 0.72
1.26 0.47 0.68
1.27 0.46 0.69
1.27 0.45 0.69
1.28 0.46 0.69
1.29 0.44 0.69
1.27 0.46 0.65
1.28 0.44 0.68
1.28 0.45 0.7
1.28 0.44 0.73
1.27 0.45 0.75
1.27 0.45 0.76
1.26 0.46 0.77
1.27 0.44 0.75
1.28 0.45 0.77
1.28 0.44 0.75
1.28 0.46 0.77
1.27 0.45 0.77
1.27 0.45 0.78
1.28 0.46 0.76
1.27 0.48 0.76
1.27 0.49 0.7
1.27 0.5 0.65
1.27 0.51 0.67
1.26 0.52 0.63
1.26 0.52 0.66
1.26 0.51 0.68
1.26 0.53 0.7
1.25 0.54 0.69
1.24 0.5 0.69
1.24 0.49 0.68
1.24 0.5 0.7
1.24 0.5 0.67
1.24 0.51 0.63
1.25 0.51 0.6
1.25 0.5 0.65
1.26 0.51 0.69
1.26 0.52 0.64
1.26 0.53 0.62
1.26 0.52 0.61
1.26 0.5 0.67
1.26 0.51 0.7
1.27 0.51 0.73
1.26 0.52 0.71
1.26 0.53 0.66
1.26 0.49 0.67
1.26 0.51 0.64
1.27 0.5 0.67
1.26 0.47 0.67
1.27 0.47 0.72
1.27 0.49 0.67
1.27 0.52 0.63
1.26 0.51 0.65
1.25 0.51 0.66
1.25 0.52 0.67
1.26 0.53 0.64
1.25 0.52 0.62
1.25 0.5 0.66
1.25 0.52 0.67
1.27 0.53 0.64
1.26 0.5 0.67
1.26 0.49 0.69
1.25 0.5 0.65
1.24 0.46 0.66
1.24 0.48 0.63
1.24 0.5 0.59
1.25 0.48 0.61
1.25 0.49 0.59
1.24 0.48 0.62
1.24 0.5 0.6
1.23 0.47 0.62
1.23 0.48 0.6
1.24 0.52 0.62
1.24 0.53 0.64
1.24 0.53 0.67
1.24 0.54 0.64
1.25 0.51 0.69
1.25 0.5 0.7
1.26 0.49 0.7
1.26 0.48 0.71
1.26 0.47 0.71
1.26 0.49 0.66
1.27 0.5 0.69
1.26 0.5 0.69
1.25 0.53 0.7
1.25 0.54 0.66
1.24 0.52 0.67
1.26 0.52 0.71
1.26 0.49 0.71
1.26 0.51 0.67
1.26 0.52 0.63
1.25 0.5 0.6
1.26 0.51 0.63
1.26 0.53 0.6
1.26 0.51 0.66
1.26 0.51 0.67
1.27 0.52 0.7
1.27 0.52 0.72
1.27 0.52 0.72
1.26 0.5 0.73
1.26 0.52 0.68
1.25 0.52 0.68
1.25 0.53 0.63
1.25 0.53 0.68
1.24 0.53 0.68
1.25 0.52 0.72
1.24 0.52 0.67
1.25 0.53 0.64
1.25 0.52 0.61
1.26 0.51 0.65
1.26 0.5 0.68
1.25 0.51 0.67
1.26 0.52 0.71
1.26 0.49 0.7
1.27 0.5 0.72
1.29 0.5 0.68
1.29 0.49 0.68
1.3 0.48 0.69
1.29 0.49 0.69
1.28 0.49 0.71
1.27 0.49 0.73
1.28 0.49 0.73
1.28 0.47 0.71
1.28 0.48 0.7
1.26 0.5 0.68
1.26 0.5 0.68
1.25 0.49 0.69
1.26 0.46 0.7
1.27 0.47 0.72
1.27 0.46 0.71
1.27 0.5 0.66
1.27 0.48 0.69
1.27 0.48 0.69
1.27 0.47 0.69
1.27 0.49 0.65
1.28 0.48 0.68
1.27 0.49 0.67
1.27 0.47 0.68
1.28 0.47 0.72
1.27 0.47 0.71
1.27 0.49 0.71
1.27 0.49 0.7
1.29 0.51 0.66
1.29 0.49 0.66
1.29 0.48 0.65
1.29 0.48 0.67
1.29 0.47 0.7
1.28 0.49 0.65
1.28 0.48 0.65
1.28 0.49 0.62
1.29 0.49 0.65
1.29 0.47 0.67
1.29 0.49 0.66
1.3 0.47 0.67
1.29 0.46 0.68
1.29 0.48 0.69
1.28 0.49 0.72
1.28 0.49 0.68
1.28 0.47 0.69
1.28 0.47 0.69
1.29 0.47 0.72
1.28 0.49 0.74
1.28 0.5 0.73
1.28 0.5 0.71
1.28 0.49 0.71
1.29 0.48 0.73
1.27 0.48 0.71
1.28 0.44 0.72
1.28 0.43 0.72
1.29 0.45 0.73
1.28 0.45 0.71
1.26 0.46 0.72
1.26 0.48 0.74
1.26 0.5 0.75
1.25 0.5 0.73
1.26 0.5 0.75
1.26 0.49 0.76
1.26 0.5 0.7
1.26 0.47 0.69
1.27 0.5 0.71
1.27 0.52 0.71
1.28 0.5 0.7
1.27 0.51 0.72
1.28 0.48 0.7
1.29 0.47 0.71
1.28 0.49 0.66
1.28 0.52 0.62
1.29 0.5 0.63
1.28 0.48 0.67
1.28 0.46 0.66
1.27 0.43 0.66
1.28 0.44 0.68
1.28 0.47 0.64
1.28 0.47 0.68
1.28 0.5 0.64
1.26 0.5 0.61
1.26 0.49 0.64
1.25 0.5 0.65
1.26 0.53 0.62
1.25 0.52 0.6
1.26 0.49 0.6
1.26 0.49 0.61
1.27 0.48 0.66
1.26 0.49 0.66
1.27 0.47 0.69
1.27 0.45 0.68
1.27 0.45 0.68
1.27 0.47 0.7
1.27 0.46 0.68
1.28 0.44 0.7
1.28 0.45 0.7
1.28 0.48 0.65
1.28 0.45 0.65
1.28 0.47 0.69
1.28 0.47 0.68
1.28 0.49 0.63
1.27 0.48 0.68
1.27 0.5 0.7
1.26 0.5 0.66
1.26 0.52 0.68
1.27 0.51 0.69
1.27 0.51 0.65
1.27 0.49 0.66
1.26 0.5 0.68
1.26 0.51 0.64
1.26 0.5 0.68
1.27 0.5 0.7
1.27 0.51 0.71
1.27 0.48 0.7
1.29 0.52 0.64
1.29 0.52 0.67
1.28 0.54 0.64
1.27 0.55 0.61
1.28 0.51 0.62
1.28 0.52 0.66
1.27 0.52 0.62
1.26 0.49 0.65
1.27 0.49 0.68
1.27 0.49 0.67
1.28 0.5 0.71
1.27 0.51 0.71
1.26 0.53 0.71
1.26 0.51 0.71
1.27 0.5 0.74
1.26 0.51 0.74
1.26 0.52 0.67
1.27 0.53 0.64
1.27 0.52 0.67
1.26 0.53 0.69
1.25 0.52 0.68
1.25 0.52 0.64
1.26 0.54 0.61
1.25 0.5 0.65
1.26 0.5 0.66
1.26 0.5 0.67
1.27 0.51 0.7
1.27 0.49 0.71
1.28 0.49 0.74
1.28 0.5 0.69
1.27 0.51 0.65
1.26 0.53 0.68
1.27 0.53 0.64
1.26 0.52 0.62
1.27 0.51 0.65
1.27 0.51 0.65
1.26 0.48 0.66
1.27 0.48 0.68
1.28 0.49 0.71
1.27 0.52 0.71
1.27 0.51 0.7
1.27 0.51 0.71
1.28 0.53 0.66
1.27 0.53 0.62
1.28 0.54 0.65
1.28 0.53 0.65
1.27 0.49 0.65
1.27 0.52 0.62
1.26 0.52 0.66
1.27 0.54 0.67
1.26 0.51 0.68
1.26 0.52 0.63
1.27 0.54 0.6
1.26 0.54 0.61
1.26 0.54 0.6
1.26 0.54 0.58
1.27 0.53 0.64
1.27 0.52 0.61
1.27 0.54 0.59
1.27 0.54 0.62
1.26 0.54 0.66
1.26 0.55 0.67
1.26 0.53 0.7
1.27 0.5 0.68
1.27 0.5 0.64
1.28 0.49 0.66
1.27 0.47 0.66
1.27 0.51 0.63
1.27 0.5 0.64
1.28 0.49 0.67
1.27 0.51 0.63
1.28 0.51 0.67
1.27 0.53 0.68
1.27 0.54 0.7
1.27 0.53 0.68
1.26 0.54 0.69
1.27 0.56 0.65
1.26 0.55 0.67
1.27 0.52 0.67
1.26 0.52 0.68
1.26 0.52 0.69
1.27 0.5 0.71
1.26 0.51 0.7
1.26 0.52 0.65
1.26 0.53 0.62
1.26 0.5 0.64
1.27 0.49 0.67
1.28 0.51 0.64
1.28 0.51 0.67
1.28 0.49 0.68
1.26 0.48 0.69
1.26 0.49 0.71
1.27 0.48 0.7
1.27 0.51 0.71
1.27 0.53 0.65
1.27 0.51 0.66
1.27 0.52 0.63
1.27 0.53 0.6
1.27 0.54 0.58
1.26 0.54 0.6
1.27 0.55 0.58
1.27 0.52 0.6
1.27 0.53 0.58
1.28 0.51 0.61
1.27 0.52 0.65
1.26 0.53 0.61
1.28 0.51 0.65
1.28 0.49 0.65
1.28 0.48 0.66
1.28 0.47 0.66
1.27 0.49 0.63
1.27 0.49 0.67
1.27 0.49 0.69
1.24 0.5 0.64
1.25 0.5 0.66
1.25 0.51 0.63
1.26 0.5 0.65
1.26 0.51 0.62
1.26 0.5 0.65
1.25 0.48 0.66
1.25 0.49 0.65
1.25 0.49 0.65
1.25 0.5 0.66
1.24 0.5 0.62
1.25 0.52 0.6
1.26 0.53 0.59
1.26 0.53 0.62
1.26 0.5 0.65
1.27 0.51 0.68
1.27 0.53 0.64
1.26 0.52 0.61
1.26 0.52 0.65
1.26 0.52 0.63
1.26 0.52 0.67
1.26 0.54 0.63
1.26 0.52 0.65
1.26 0.53 0.62
1.26 0.49 0.64
1.26 0.51 0.61
1.27 0.49 0.64
1.26 0.48 0.64
1.26 0.51 0.66
1.26 0.5 0.66
1.25 0.47 0.67
1.25 0.5 0.62
1.26 0.48 0.66
1.27 0.48 0.7
1.27 0.49 0.66
1.26 0.5 0.67
1.27 0.5 0.71
1.26 0.48 0.71
1.25 0.45 0.7
1.26 0.46 0.72
1.27 0.45 0.72
1.26 0.47 0.67
1.27 0.49 0.63
1.27 0.51 0.65
1.27 0.52 0.67
1.27 0.53 0.62
1.26 0.52 0.67
1.27 0.53 0.63
1.26 0.53 0.66
1.26 0.51 0.67
1.26 0.53 0.69
1.26 0.53 0.67
1.26 0.54 0.63
1.26 0.51 0.64
1.26 0.53 0.6
1.27 0.54 0.58
1.26 0.5 0.62
1.26 0.51 0.65
1.27 0.5 0.68
1.26 0.52 0.64
1.27 0.52 0.68
1.27 0.52 0.69
1.27 0.53 0.7
1.26 0.54 0.65
1.23 0.52 0.64
1.23 0.51 0.67
1.24 0.53 0.63
1.24 0.53 0.61
1.25 0.53 0.64
1.25 0.49 0.68
1.24 0.49 0.68
1.24 0.5 0.68
1.23 0.5 0.68
1.23 0.52 0.64
1.23 0.5 0.68
1.24 0.49 0.71
1.24 0.49 0.72
1.25 0.51 0.68
1.23 0.47 0.68
1.23 0.5 0.69
1.25 0.52 0.7
1.25 0.52 0.66
1.24 0.52 0.61
1.24 0.5 0.65
1.24 0.5 0.68
1.25 0.51 0.64
1.26 0.49 0.64
1.26 0.51 0.61
1.27 0.52 0.65
1.26 0.51 0.64
1.27 0.53 0.62
1.26 0.52 0.59
1.26 0.51 0.65
1.25 0.51 0.62
1.25 0.52 0.65
1.26 0.51 0.69
1.25 0.54 0.68
1.26 0.56 0.65
1.26 0.56 0.62
1.27 0.53 0.66
1.27 0.51 0.7
1.26 0.53 0.65
1.26 0.51 0.69
1.26 0.53 0.64
1.26 0.53 0.62
1.26 0.54 0.58
1.25 0.52 0.63
1.25 0.52 0.66
1.26 0.51 0.68
1.27 0.53 0.7
1.27 0.54 0.65
1.26 0.54 0.62
1.26 0.53 0.65
1.25 0.52 0.68
1.25 0.52 0.69
1.25 0.53 0.64
1.26 0.55 0.66
1.26 0.55 0.62
1.26 0.54 0.65
1.26 0.53 0.65
1.26 0.52 0.68
1.26 0.52 0.67
1.25 0.53 0.63
1.25 0.53 0.61
1.25 0.52 0.64
1.25 0.5 0.65
1.26 0.52 0.61
1.25 0.52 0.63
1.25 0.5 0.66
1.25 0.51 0.62
1.26 0.51 0.65
1.25 0.51 0.67
1.26 0.47 0.68
1.27 0.48 0.7
1.27 0.45 0.69
1.27 0.48 0.64
1.27 0.48 0.65
1.26 0.5 0.62
1.26 0.48 0.66
1.26 0.5 0.62
1.25 0.51 0.65
1.24 0.49 0.66
1.23 0.5 0.61
1.22 0.5 0.6
1.22 0.49 0.59
1.24 0.48 0.64
1.24 0.5 0.65
1.24 0.51 0.61
1.25 0.51 0.65
1.25 0.53 0.61
1.26 0.52 0.64
1.25 0.52 0.65
1.24 0.5 0.68
1.25 0.52 0.7
1.26 0.51 0.69
1.26 0.51 0.71
1.27 0.52 0.73
1.27 0.53 0.73
1.27 0.54 0.68
1.28 0.53 0.65
1.28 0.51 0.65
1.28 0.51 0.69
1.27 0.52 0.65
1.27 0.51 0.68
1.27 0.49 0.7
1.28 0.47 0.71
1.27 0.49 0.71
1.27 0.49 0.71
1.28 0.49 0.71
1.27 0.5 0.68
1.28 0.5 0.67
1.28 0.48 0.67
1.28 0.46 0.67
1.29 0.46 0.68
1.28 0.49 0.63
1.27 0.47 0.67
1.26 0.49 0.67
1.26 0.51 0.68
1.26 0.51 0.69
1.26 0.53 0.65
1.26 0.52 0.68
1.26 0.52 0.71
1.27 0.54 0.67
1.26 0.49 0.69
1.25 0.49 0.7
1.26 0.5 0.73
1.26 0.52 0.68
1.25 0.52 0.63
1.26 0.54 0.61
1.26 0.52 0.65
1.25 0.52 0.63
1.25 0.5 0.62
1.26 0.52 0.6
1.26 0.54 0.59
1.26 0.53 0.57
1.26 0.53 0.62
1.26 0.48 0.64
1.26 0.49 0.67
1.26 0.49 0.71
1.26 0.5 0.66
1.27 0.52 0.68
1.26 0.54 0.68
1.25 0.54 0.67
1.26 0.55 0.63
1.26 0.52 0.63
1.26 0.53 0.6
1.26 0.54 0.57
1.26 0.53 0.62
1.26 0.54 0.64
1.27 0.5 0.68
1.28 0.52 0.69
1.27 0.5 0.7
1.27 0.51 0.65
1.27 0.5 0.69
1.27 0.53 0.69
1.27 0.5 0.69
1.26 0.5 0.68
1.25 0.53 0.69
1.25 0.53 0.64
1.26 0.51 0.65
1.26 0.53 0.61
1.25 0.5 0.64
1.24 0.52 0.6
1.24 0.5 0.64
1.24 0.48 0.64
1.23 0.49 0.64
1.24 0.49 0.64
1.24 0.52 0.62
1.26 0.51 0.65
1.26 0.51 0.68
1.26 0.5 0.67
1.24 0.48 0.68
1.25 0.47 0.68
1.26 0.5 0.63
1.26 0.5 0.67
1.26 0.49 0.66
1.26 0.52 0.63
1.27 0.51 0.67
1.27 0.53 0.68
1.27 0.5 0.69
1.26 0.5 0.71
1.26 0.52 0.67
1.27 0.53 0.68
1.27 0.53 0.65
1.27 0.51 0.67
1.27 0.5 0.68
1.27 0.51 0.69
1.26 0.52 0.65
1.25 0.51 0.66
1.25 0.49 0.7
1.26 0.48 0.7
1.27 0.48 0.7
1.26 0.49 0.68
1.26 0.5 0.7
1.27 0.5 0.71
1.26 0.49 0.72
1.25 0.5 0.73
1.25 0.53 0.71
1.24 0.51 0.72
1.23 0.49 0.68
1.24 0.51 0.64
1.25 0.5 0.67
1.26 0.52 0.63
1.26 0.51 0.68
1.25 0.52 0.64
1.25 0.53 0.65
1.25 0.53 0.67
1.25 0.53 0.63
1.25 0.51 0.68
1.25 0.5 0.7
1.24 0.5 0.67
1.24 0.52 0.63
1.24 0.5 0.67
1.24 0.51 0.67
1.23 0.53 0.68
1.22 0.49 0.67
1.24 0.52 0.68
1.24 0.52 0.7
1.25 0.53 0.71
1.23 0.52 0.67
1.24 0.53 0.68
1.24 0.54 0.63
1.24 0.56 0.61
1.24 0.56 0.63
1.25 0.54 0.66
1.24 0.52 0.68
1.24 0.51 0.69
1.23 0.51 0.64
1.24 0.5 0.68
1.23 0.47 0.68
1.22 0.48 0.63
1.22 0.46 0.65
1.22 0.48 0.61
1.23 0.48 0.64
1.23 0.45 0.65
1.24 0.47 0.67
1.25 0.5 0.67
1.24 0.49 0.68
1.24 0.49 0.66
1.24 0.5 0.68
1.25 0.52 0.64
1.24 0.51 0.65
1.26 0.5 0.68
1.26 0.51 0.64
1.26 0.51 0.67
1.25 0.52 0.68
1.26 0.5 0.71
1.26 0.51 0.72
1.26 0.53 0.68
1.25 0.53 0.7
1.27 0.53 0.73
1.26 0.53 0.68
1.26 0.53 0.69
1.26 0.53 0.66
1.26 0.54 0.62
1.27 0.52 0.64
1.26 0.53 0.67
1.26 0.52 0.69
1.26 0.53 0.65
1.25 0.52 0.61
1.25 0.51 0.66
1.25 0.51 0.66
1.26 0.51 0.63
1.26 0.5 0.67
1.25 0.5 0.67
1.25 0.52 0.64
1.24 0.54 0.62
1.24 0.54 0.64
1.24 0.53 0.68
1.25 0.55 0.64
1.25 0.55 0.66
1.25 0.54 0.63
1.24 0.53 0.66
1.24 0.51 0.7
1.24 0.47 0.7
1.23 0.49 0.69
1.24 0.49 0.72
1.24 0.47 0.74
1.23 0.49 0.73
1.24 0.51 0.67
1.24 0.52 0.64
1.25 0.53 0.61
1.26 0.5 0.63
1.27 0.49 0.66
1.26 0.48 0.66
1.27 0.48 0.67
1.27 0.45 0.67
1.26 0.45 0.68
1.26 0.46 0.65
1.25 0.46 0.66
1.24 0.48 0.64
1.24 0.49 0.61
1.24 0.51 0.59
1.24 0.51 0.56
1.24 0.51 0.59
1.24 0.52 0.57
1.24 0.51 0.62
1.26 0.5 0.65
1.25 0.48 0.67
1.26 0.5 0.63
1.25 0.47 0.64
1.26 0.48 0.66
1.26 0.47 0.69
1.25 0.49 0.7
1.25 0.49 0.71
1.26 0.52 0.71
1.26 0.52 0.73
1.25 0.51 0.72
1.26 0.52 0.67
1.25 0.53 0.64
1.25 0.52 0.68
1.25 0.51 0.7
1.24 0.49 0.72
1.25 0.5 0.67
1.25 0.5 0.7
1.25 0.52 0.7
1.25 0.54 0.66
1.25 0.55 0.67
1.25 0.56 0.62
1.25 0.54 0.66
1.25 0.51 0.69
1.25 0.52 0.65
1.25 0.52 0.62
1.25 0.51 0.66
1.25 0.52 0.63
1.26 0.5 0.67
1.24 0.47 0.67
1.25 0.44 0.68
1.26 0.45 0.7
1.26 0.46 0.73
1.26 0.46 0.72
1.26 0.46 0.73
1.26 0.46 0.75
1.27 0.47 0.69
1.26 0.49 0.7
1.25 0.48 0.71
1.25 0.49 0.71
1.25 0.49 0.73
1.24 0.5 0.71
1.25 0.5 0.67
1.25 0.5 0.69
1.24 0.5 0.69
1.25 0.51 0.66
1.25 0.51 0.68
1.25 0.53 0.63
1.25 0.52 0.67
1.25 0.52 0.63
1.26 0.5 0.67
1.26 0.5 0.68
1.26 0.49 0.7
1.27 0.47 0.7
1.27 0.47 0.72
1.26 0.49 0.72
1.26 0.5 0.72
1.27 0.51 0.74
1.27 0.51 0.75
1.27 0.49 0.74
1.25 0.5 0.72
1.25 0.52 0.71
1.26 0.49 0.71
1.25 0.5 0.66
1.25 0.51 0.62
1.25 0.48 0.64
1.25 0.5 0.65
1.24 0.53 0.66
1.23 0.53 0.64
1.22 0.53 0.66
1.23 0.54 0.62
1.23 0.51 0.63
1.23 0.5 0.62
1.24 0.49 0.66
1.24 0.51 0.69
1.23 0.52 0.68
1.23 0.54 0.64
1.24 0.52 0.66
1.24 0.54 0.64
1.24 0.54 0.61
1.24 0.54 0.63
1.22 0.5 0.65
1.22 0.52 0.66
1.23 0.53 0.62
1.24 0.52 0.66
1.25 0.51 0.68
1.25 0.53 0.69
1.24 0.53 0.69
1.25 0.55 0.7
1.24 0.55 0.65
1.25 0.54 0.68
1.25 0.54 0.65
1.25 0.54 0.68
1.25 0.54 0.69
1.26 0.55 0.65
1.24 0.55 0.66
1.25 0.53 0.69
1.24 0.52 0.7
1.25 0.52 0.72
1.24 0.48 0.71
1.24 0.51 0.71
1.25 0.5 0.71
1.25 0.51 0.73
1.26 0.51 0.75
1.25 0.51 0.72
1.26 0.52 0.74
1.25 0.52 0.69
1.25 0.54 0.7
1.25 0.55 0.66
1.25 0.55 0.63
1.25 0.55 0.6
1.24 0.52 0.63
1.23 0.52 0.6
1.24 0.54 0.59
1.24 0.52 0.58
1.24 0.53 0.56
1.25 0.53 0.61
1.27 0.49 0.66
1.27 0.5 0.63
1.26 0.49 0.63
1.27 0.51 0.61
1.27 0.5 0.64
1.26 0.48 0.65
1.24 0.45 0.66
1.25 0.47 0.68
1.25 0.49 0.69
1.24 0.5 0.7
1.24 0.51 0.65
1.25 0.51 0.68
1.23 0.47 0.67
1.23 0.5 0.67
1.23 0.5 0.68
1.24 0.51 0.64
1.24 0.52 0.64
1.23 0.52 0.65
1.23 0.52 0.65
1.23 0.51 0.68
1.24 0.51 0.67
1.23 0.51 0.67
1.22 0.51 0.66
1.22 0.49 0.64
1.23 0.5 0.61
1.23 0.49 0.65
1.24 0.5 0.62
1.24 0.5 0.58
1.24 0.52 0.57
1.24 0.51 0.61
1.23 0.48 0.63
1.22 0.5 0.6
1.24 0.5 0.64
1.24 0.5 0.67
1.23 0.5 0.65
1.23 0.51 0.67
1.23 0.51 0.69
1.23 0.5 0.71
1.25 0.5 0.71
1.25 0.51 0.67
1.25 0.5 0.68
1.24 0.5 0.64
1.24 0.49 0.68
1.23 0.46 0.68
1.24 0.47 0.71
1.24 0.49 0.71
1.25 0.5 0.72
1.24 0.51 0.67
1.23 0.54 0.68
1.24 0.53 0.68
1.25 0.54 0.7
1.25 0.54 0.65
1.25 0.53 0.63
1.25 0.53 0.61
1.26 0.54 0.64
1.26 0.53 0.68
1.26 0.51 0.7
1.24 0.49 0.67
1.23 0.47 0.67
1.24 0.49 0.64
1.24 0.49 0.67
1.24 0.49 0.64
1.25 0.5 0.67
1.24 0.5 0.68
1.25 0.53 0.64
1.25 0.52 0.67
1.25 0.52 0.64
1.24 0.55 0.66
1.24 0.53 0.68
1.23 0.53 0.68
1.24 0.54 0.64
1.23 0.51 0.67
1.24 0.5 0.64
1.23 0.5 0.62
1.23 0.49 0.67
1.24 0.49 0.68
1.24 0.5 0.64
1.24 0.5 0.67
1.25 0.52 0.68
1.25 0.51 0.7
1.24 0.5 0.71
1.25 0.48 0.71
1.24 0.5 0.7
1.24 0.51 0.7
1.24 0.53 0.66
1.23 0.52 0.64
1.23 0.52 0.61
1.24 0.51 0.65
1.24 0.51 0.61
1.25 0.52 0.65
1.25 0.54 0.62
1.25 0.52 0.61
1.25 0.52 0.59
1.25 0.51 0.63
1.25 0.51 0.6
1.25 0.53 0.63
1.26 0.52 0.68
1.25 0.53 0.68
1.25 0.52 0.7
1.25 0.52 0.66
1.24 0.53 0.63
1.24 0.52 0.67
1.24 0.53 0.68
1.24 0.53 0.65
1.24 0.53 0.62
1.23 0.52 0.61
1.24 0.53 0.6
1.24 0.55 0.58
1.24 0.51 0.62
1.23 0.5 0.61
1.23 0.51 0.59
1.24 0.49 0.6
1.24 0.49 0.58
1.24 0.49 0.57
1.25 0.48 0.62
1.25 0.48 0.65
1.25 0.49 0.67
1.25 0.5 0.63
1.25 0.5 0.64
1.26 0.49 0.68
1.25 0.48 0.69
1.25 0.51 0.65
1.26 0.52 0.68
1.25 0.52 0.68
1.25 0.53 0.69
1.25 0.5 0.69
1.25 0.51 0.7
1.25 0.52 0.7
1.25 0.54 0.69
1.25 0.52 0.71
1.26 0.52 0.66
1.24 0.51 0.68
1.26 0.48 0.69
1.26 0.51 0.7
1.24 0.51 0.68
1.26 0.49 0.7
1.25 0.5 0.65
1.26 0.47 0.66
1.25 0.49 0.68
1.25 0.51 0.64
1.25 0.52 0.65
1.26 0.52 0.69
1.26 0.53 0.65
1.26 0.51 0.66
1.26 0.52 0.63
1.26 0.54 0.65
1.26 0.52 0.68
1.25 0.51 0.69
1.25 0.53 0.64
1.25 0.49 0.64
1.27 0.47 0.66
1.27 0.5 0.62
1.26 0.51 0.64
1.26 0.51 0.66
1.25 0.51 0.66
1.24 0.51 0.63
1.24 0.52 0.62
1.24 0.52 0.63
1.25 0.52 0.65
1.25 0.53 0.62
1.25 0.52 0.67
1.25 0.52 0.64
1.26 0.53 0.67
1.26 0.5 0.68
1.26 0.51 0.65
1.25 0.49 0.62
1.26 0.49 0.65
1.26 0.48 0.66
1.26 0.48 0.67
1.26 0.48 0.71
1.25 0.52 0.66
1.26 0.5 0.67
1.26 0.47 0.69
1.26 0.47 0.69
1.26 0.48 0.68
1.26 0.49 0.7
1.27 0.49 0.69
1.26 0.51 0.69
1.26 0.5 0.71
1.26 0.48 0.7
1.26 0.49 0.72
1.26 0.49 0.67
1.25 0.5 0.65
1.27 0.49 0.67
1.26 0.52 0.68
1.27 0.49 0.69
1.27 0.47 0.69
1.27 0.46 0.71
1.27 0.47 0.67
1.26 0.5 0.63
1.26 0.49 0.65
1.26 0.5 0.66
1.27 0.51 0.62
1.27 0.52 0.59
1.26 0.53 0.57
1.26 0.53 0.56
1.27 0.53 0.61
1.26 0.55 0.59
1.26 0.53 0.62
1.25 0.51 0.65
1.26 0.5 0.67
1.26 0.53 0.63
1.26 0.52 0.68
1.25 0.51 0.7
1.26 0.49 0.7
1.25 0.48 0.71
1.24 0.49 0.66
1.24 0.5 0.69
1.24 0.49 0.7
1.24 0.5 0.66
1.25 0.49 0.7
1.25 0.47 0.69
1.26 0.48 0.72
1.27 0.47 0.74
1.27 0.47 0.75
1.27 0.49 0.69
1.26 0.5 0.7
1.25 0.51 0.65
1.26 0.52 0.62
1.26 0.52 0.66
1.26 0.5 0.66
1.25 0.49 0.68
1.26 0.5 0.64
1.26 0.5 0.68
1.26 0.51 0.63
1.26 0.52 0.61
1.25 0.49 0.65
1.25 0.49 0.65
1.25 0.51 0.69
1.26 0.53 0.65
1.25 0.51 0.66
1.25 0.51 0.68
1.25 0.52 0.63
1.24 0.52 0.66
1.25 0.52 0.63
1.25 0.51 0.67
1.25 0.52 0.69
1.24 0.5 0.7
1.25 0.49 0.72
1.26 0.48 0.72
1.26 0.51 0.67
1.26 0.5 0.7
1.26 0.49 0.69
1.26 0.49 0.72
1.27 0.49 0.71
1.26 0.47 0.72
1.26 0.5 0.67
1.24 0.48 0.69
