1.63 0.55 0.68
1.64 0.53 0.7
1.63 0.52 0.71
1.64 0.54 0.69
1.64 0.55 0.69
1.64 0.56 0.7
1.65 0.54 0.71
1.64 0.59 0.65
1.63 0.53 0.65
1.63 0.53 0.65
1.63 0.55 0.64
1.62 0.52 0.67
1.62 0.53 0.67
1.63 0.52 0.69
1.63 0.53 0.69
1.64 0.53 0.69
1.65 0.51 0.72
1.65 0.53 0.71
1.65 0.53 0.72
1.66 0.52 0.72
1.67 0.5 0.73
1.67 0.5 0.72
1.67 0.49 0.72
1.68 0.5 0.72
1.65 0.46 0.75
1.65 0.48 0.72
1.64 0.5 0.71
1.63 0.53 0.69
1.65 0.51 0.7
1.66 0.51 0.72
1.65 0.51 0.72
1.66 0.49 0.72
1.66 0.47 0.73
1.66 0.49 0.72
1.66 0.49 0.73
1.66 0.46 0.75
1.65 0.48 0.73
1.66 0.46 0.76
1.65 0.48 0.73
1.64 0.5 0.7
1.65 0.49 0.7
1.64 0.49 0.7
1.63 0.5 0.68
1.64 0.51 0.7
1.66 0.49 0.71
1.67 0.5 0.71
1.67 0.48 0.72
1.67 0.5 0.72
1.67 0.48 0.73
1.67 0.49 0.74
1.65 0.56 0.69
1.65 0.55 0.69
1.65 0.5 0.72
1.65 0.46 0.75
1.66 0.44 0.75
1.65 0.43 0.74
1.64 0.42 0.75
1.65 0.38 0.77
1.66 0.41 0.77
1.67 0.43 0.75
1.67 0.43 0.75
1.67 0.45 0.74
1.67 0.46 0.75
1.65 0.44 0.76
1.65 0.45 0.75
1.65 0.44 0.76
1.64 0.48 0.73
1.64 0.46 0.74
1.64 0.43 0.76
1.65 0.42 0.77
1.65 0.42 0.77
1.64 0.45 0.73
1.63 0.42 0.75
1.64 0.44 0.73
1.66 0.45 0.73
1.65 0.53 0.68
1.64 0.52 0.68
1.65 0.52 0.69
1.65 0.51 0.7
1.65 0.51 0.7
1.64 0.57 0.67
1.65 0.53 0.69
1.64 0.54 0.68
1.64 0.5 0.71
1.64 0.47 0.74
1.63 0.49 0.71
1.64 0.48 0.73
1.65 0.49 0.71
1.65 0.51 0.7
1.65 0.52 0.7
1.64 0.48 0.73
1.65 0.47 0.73
1.65 0.48 0.73
1.65 0.44 0.75
1.64 0.41 0.77
1.65 0.43 0.75
1.66 0.46 0.74
1.67 0.44 0.75
1.65 0.46 0.74
1.64 0.45 0.74
1.64 0.49 0.72
1.64 0.5 0.72
1.65 0.49 0.72
1.64 0.47 0.74
1.64 0.43 0.76
1.66 0.45 0.74
1.67 0.44 0.76
1.67 0.44 0.77
1.67 0.46 0.74
1.65 0.48 0.71
1.65 0.49 0.72
1.66 0.51 0.72
1.65 0.52 0.72
1.66 0.48 0.72
1.65 0.5 0.71
1.65 0.5 0.7
1.65 0.48 0.73
1.66 0.48 0.73
1.65 0.47 0.74
1.65 0.44 0.75
1.66 0.46 0.75
1.67 0.46 0.75
1.68 0.47 0.75
1.66 0.44 0.76
1.65 0.46 0.74
1.66 0.45 0.74
1.67 0.46 0.74
1.67 0.48 0.73
1.67 0.45 0.75
1.67 0.45 0.74
1.68 0.45 0.74
1.66 0.47 0.73
1.66 0.48 0.72
1.66 0.5 0.72
1.67 0.51 0.71
1.65 0.57 0.66
1.64 0.56 0.66
1.64 0.52 0.7
1.65 0.5 0.72
1.67 0.48 0.74
1.66 0.5 0.72
1.66 0.49 0.72
1.65 0.46 0.74
1.66 0.48 0.72
1.66 0.5 0.71
1.65 0.45 0.75
1.64 0.48 0.73
1.63 0.49 0.71
1.64 0.46 0.74
1.65 0.45 0.73
1.66 0.47 0.73
1.66 0.44 0.74
1.65 0.43 0.75
1.66 0.44 0.74
1.65 0.46 0.71
1.64 0.48 0.71
1.65 0.48 0.71
1.66 0.5 0.7
1.66 0.48 0.71
1.65 0.46 0.73
1.66 0.44 0.75
1.66 0.46 0.75
1.66 0.5 0.73
1.66 0.46 0.76
1.66 0.48 0.75
1.65 0.5 0.74
1.66 0.49 0.72
1.66 0.5 0.72
1.65 0.5 0.72
1.65 0.5 0.72
1.65 0.45 0.75
1.65 0.44 0.77
1.66 0.43 0.77
1.65 0.46 0.74
1.64 0.47 0.73
1.64 0.46 0.74
1.65 0.47 0.74
1.66 0.5 0.72
1.66 0.49 0.73
1.66 0.51 0.7
1.66 0.52 0.71
1.66 0.5 0.7
1.64 0.52 0.68
1.64 0.51 0.7
1.66 0.51 0.71
1.65 0.52 0.71
1.65 0.52 0.7
1.65 0.52 0.69
1.64 0.48 0.71
1.64 0.5 0.7
1.63 0.52 0.69
1.64 0.54 0.68
1.64 0.52 0.71
1.65 0.52 0.71
1.65 0.51 0.71
1.64 0.52 0.69
1.64 0.49 0.71
1.64 0.47 0.72
1.63 0.45 0.73
1.64 0.45 0.72
1.65 0.46 0.72
1.66 0.48 0.71
1.65 0.49 0.69
1.65 0.51 0.69
1.65 0.51 0.7
1.64 0.49 0.72
1.63 0.51 0.69
1.64 0.52 0.69
1.63 0.48 0.7
1.62 0.47 0.71
1.64 0.49 0.72
1.64 0.5 0.7
1.64 0.48 0.72
1.66 0.47 0.73
1.65 0.43 0.75
1.65 0.42 0.76
1.64 0.46 0.73
1.64 0.49 0.7
1.64 0.51 0.7
1.65 0.52 0.69
1.64 0.52 0.68
1.64 0.54 0.68
1.65 0.54 0.7
1.65 0.54 0.68
1.65 0.53 0.67
1.64 0.5 0.7
1.66 0.49 0.71
1.66 0.47 0.71
1.66 0.48 0.72
1.67 0.47 0.72
1.65 0.5 0.7
1.64 0.47 0.72
1.64 0.45 0.74
1.64 0.46 0.73
1.64 0.49 0.72
1.63 0.51 0.72
1.63 0.47 0.75
1.64 0.49 0.73
1.64 0.49 0.71
1.64 0.46 0.71
1.63 0.43 0.75
1.64 0.44 0.75
1.64 0.45 0.75
1.65 0.47 0.75
1.66 0.47 0.76
1.66 0.44 0.77
1.65 0.48 0.73
1.65 0.49 0.73
1.65 0.46 0.76
1.65 0.48 0.73
1.65 0.51 0.7
1.64 0.52 0.7
1.64 0.47 0.73
1.64 0.47 0.71
1.64 0.45 0.74
1.63 0.47 0.73
1.65 0.49 0.71
1.63 0.56 0.67
1.63 0.56 0.67
1.64 0.56 0.68
1.64 0.56 0.68
1.64 0.52 0.7
1.64 0.49 0.72
1.6 0.41 0.66
1.62 0.44 0.67
1.61 0.47 0.65
1.61 0.5 0.64
1.63 0.51 0.66
1.63 0.48 0.69
1.62 0.5 0.68
1.62 0.51 0.67
1.63 0.49 0.71
1.65 0.48 0.72
1.65 0.5 0.71
1.65 0.52 0.7
1.64 0.52 0.7
1.64 0.47 0.73
1.64 0.49 0.72
1.64 0.47 0.73
1.63 0.46 0.74
1.63 0.45 0.75
1.65 0.46 0.74
1.64 0.49 0.72
1.65 0.52 0.71
1.64 0.53 0.7
1.64 0.49 0.71
1.64 0.51 0.7
1.64 0.47 0.72
1.65 0.48 0.69
1.64 0.45 0.72
1.62 0.53 0.68
1.63 0.49 0.71
1.63 0.49 0.7
1.65 0.51 0.69
1.63 0.56 0.65
1.63 0.55 0.66
1.64 0.53 0.68
1.65 0.52 0.69
1.65 0.52 0.7
1.66 0.54 0.7
1.65 0.53 0.7
1.65 0.5 0.72
1.64 0.51 0.71
1.65 0.51 0.71
1.65 0.51 0.69
1.65 0.53 0.67
1.65 0.49 0.71
1.64 0.47 0.73
1.64 0.48 0.73
1.64 0.49 0.73
1.63 0.53 0.69
1.63 0.54 0.68
1.64 0.52 0.69
1.65 0.52 0.69
1.64 0.5 0.72
1.63 0.47 0.74
1.65 0.5 0.73
1.64 0.52 0.71
1.65 0.53 0.71
1.65 0.53 0.7
1.66 0.52 0.7
1.66 0.53 0.7
1.66 0.49 0.73
1.65 0.51 0.72
1.65 0.51 0.71
1.66 0.5 0.72
1.66 0.51 0.71
1.66 0.52 0.7
1.66 0.5 0.7
1.66 0.5 0.69
1.66 0.49 0.71
1.65 0.5 0.69
1.67 0.49 0.71
1.66 0.49 0.71
1.66 0.5 0.72
1.66 0.47 0.73
1.65 0.49 0.72
1.65 0.52 0.71
1.65 0.51 0.7
1.66 0.51 0.71
1.65 0.47 0.74
1.66 0.47 0.75
1.66 0.49 0.73
1.67 0.48 0.74
1.67 0.48 0.73
1.66 0.49 0.72
1.66 0.45 0.75
1.66 0.49 0.72
1.65 0.5 0.72
1.64 0.48 0.73
1.64 0.51 0.71
1.64 0.48 0.74
1.64 0.46 0.74
1.64 0.48 0.72
1.64 0.5 0.72
1.63 0.53 0.7
1.65 0.51 0.71
1.64 0.48 0.73
1.64 0.46 0.74
1.63 0.49 0.71
1.64 0.49 0.71
1.65 0.45 0.75
1.66 0.45 0.76
1.67 0.47 0.75
1.67 0.5 0.72
1.66 0.48 0.73
1.66 0.48 0.74
1.65 0.48 0.73
1.65 0.45 0.75
1.64 0.42 0.77
1.65 0.44 0.75
1.64 0.49 0.71
1.64 0.5 0.71
1.64 0.51 0.7
1.65 0.49 0.72
1.65 0.5 0.71
1.65 0.52 0.7
1.64 0.54 0.67
1.64 0.49 0.71
1.64 0.46 0.73
1.65 0.47 0.73
1.65 0.48 0.7
1.64 0.5 0.69
1.64 0.5 0.69
1.64 0.52 0.68
1.65 0.54 0.68
1.66 0.52 0.69
1.65 0.53 0.69
1.65 0.54 0.69
1.66 0.53 0.7
1.65 0.52 0.72
1.67 0.51 0.72
1.66 0.51 0.71
1.67 0.49 0.73
1.67 0.45 0.76
1.65 0.48 0.74
1.64 0.49 0.71
1.65 0.47 0.74
1.65 0.44 0.75
1.66 0.43 0.75
1.66 0.4 0.77
1.64 0.49 0.71
1.64 0.47 0.73
1.64 0.48 0.73
1.63 0.46 0.73
1.65 0.45 0.73
1.63 0.48 0.71
1.64 0.48 0.72
1.64 0.51 0.7
1.64 0.48 0.73
1.63 0.45 0.75
1.65 0.44 0.76
1.66 0.45 0.75
1.66 0.49 0.73
1.67 0.48 0.74
1.66 0.51 0.72
1.66 0.52 0.7
1.66 0.49 0.72
1.65 0.49 0.71
1.64 0.5 0.68
1.65 0.5 0.69
1.65 0.48 0.72
1.65 0.49 0.72
1.65 0.51 0.71
1.65 0.48 0.74
1.64 0.49 0.72
1.64 0.5 0.72
1.64 0.46 0.74
1.65 0.45 0.74
1.63 0.48 0.71
1.62 0.47 0.72
1.62 0.46 0.72
1.63 0.48 0.72
1.62 0.5 0.72
1.63 0.5 0.72
1.63 0.49 0.73
1.64 0.49 0.72
1.63 0.47 0.73
1.62 0.5 0.71
1.64 0.49 0.71
1.64 0.5 0.7
1.65 0.51 0.7
1.66 0.5 0.71
1.66 0.51 0.71
1.67 0.49 0.71
1.66 0.51 0.71
1.65 0.5 0.7
1.66 0.45 0.74
1.66 0.47 0.73
1.66 0.44 0.75
1.65 0.46 0.77
1.65 0.44 0.78
1.65 0.48 0.75
1.64 0.49 0.73
1.63 0.49 0.72
1.64 0.47 0.74
1.64 0.44 0.75
1.65 0.43 0.77
1.66 0.45 0.77
1.67 0.45 0.76
1.65 0.52 0.71
1.65 0.51 0.69
1.65 0.51 0.7
1.65 0.52 0.7
1.65 0.51 0.71
1.65 0.56 0.68
1.65 0.51 0.7
1.64 0.53 0.69
1.64 0.51 0.69
1.65 0.51 0.71
1.65 0.5 0.72
1.66 0.5 0.71
1.64 0.54 0.67
1.64 0.48 0.71
1.65 0.48 0.7
1.64 0.5 0.69
1.65 0.51 0.68
1.66 0.5 0.69
1.66 0.5 0.69
1.66 0.5 0.68
1.65 0.52 0.7
1.64 0.49 0.72
1.64 0.5 0.72
1.64 0.52 0.7
1.65 0.52 0.69
1.64 0.49 0.71
1.65 0.49 0.71
1.65 0.46 0.73
1.65 0.43 0.75
1.64 0.45 0.73
1.66 0.46 0.72
1.65 0.48 0.71
1.66 0.47 0.71
1.66 0.46 0.73
1.66 0.44 0.75
1.66 0.45 0.76
1.65 0.43 0.77
1.65 0.43 0.76
1.66 0.44 0.76
1.67 0.45 0.76
1.66 0.46 0.74
1.65 0.48 0.72
1.64 0.5 0.7
1.64 0.52 0.69
1.64 0.54 0.68
1.64 0.49 0.72
1.66 0.48 0.72
1.66 0.44 0.75
1.66 0.42 0.76
1.67 0.43 0.76
1.67 0.41 0.77
1.66 0.44 0.75
1.67 0.45 0.77
1.68 0.43 0.79
1.67 0.45 0.76
1.67 0.43 0.78
1.68 0.45 0.76
1.67 0.45 0.74
1.67 0.46 0.73
1.66 0.47 0.72
1.67 0.48 0.72
1.66 0.45 0.75
1.66 0.46 0.75
1.67 0.46 0.74
1.67 0.47 0.73
1.67 0.46 0.74
1.66 0.45 0.75
1.66 0.47 0.73
1.67 0.48 0.73
1.64 0.54 0.68
1.64 0.51 0.69
1.65 0.49 0.72
1.65 0.47 0.72
1.65 0.48 0.7
1.64 0.5 0.7
1.65 0.46 0.73
1.65 0.48 0.73
1.65 0.47 0.72
1.64 0.44 0.74
1.65 0.46 0.74
1.64 0.47 0.72
1.65 0.49 0.72
1.65 0.46 0.75
1.64 0.47 0.75
1.64 0.47 0.72
1.64 0.44 0.74
1.65 0.46 0.74
1.65 0.46 0.74
1.65 0.46 0.73
1.65 0.43 0.76
1.66 0.44 0.74
1.65 0.45 0.73
1.65 0.46 0.73
1.65 0.5 0.71
1.65 0.46 0.73
1.66 0.47 0.73
1.66 0.49 0.72
1.66 0.51 0.71
1.66 0.5 0.71
1.66 0.49 0.72
1.65 0.5 0.72
1.64 0.48 0.72
1.64 0.47 0.73
1.65 0.5 0.71
1.63 0.56 0.67
1.64 0.55 0.67
1.64 0.55 0.68
1.65 0.49 0.72
1.65 0.46 0.75
1.65 0.49 0.74
1.65 0.49 0.72
1.66 0.48 0.72
1.66 0.5 0.71
1.66 0.51 0.71
1.67 0.53 0.7
1.67 0.52 0.71
1.66 0.51 0.71
1.66 0.47 0.74
1.66 0.49 0.73
1.67 0.47 0.72
1.67 0.46 0.74
1.66 0.48 0.73
1.66 0.45 0.75
1.65 0.43 0.77
1.66 0.44 0.76
1.65 0.47 0.74
1.66 0.46 0.75
1.65 0.46 0.74
1.65 0.45 0.74
1.64 0.45 0.75
1.63 0.47 0.72
1.64 0.48 0.72
1.64 0.5 0.71
1.65 0.49 0.72
1.64 0.5 0.7
1.64 0.52 0.69
1.64 0.53 0.68
1.65 0.54 0.68
1.65 0.52 0.7
1.66 0.49 0.72
1.67 0.5 0.71
1.67 0.49 0.71
1.64 0.45 0.75
1.64 0.48 0.73
1.64 0.49 0.72
1.64 0.51 0.71
1.65 0.52 0.71
1.65 0.48 0.74
1.64 0.45 0.75
1.64 0.49 0.72
1.63 0.51 0.71
1.64 0.5 0.72
1.64 0.49 0.72
1.64 0.46 0.73
1.64 0.48 0.73
1.63 0.46 0.74
1.64 0.45 0.75
1.63 0.48 0.72
1.63 0.45 0.74
1.64 0.48 0.72
1.65 0.48 0.73
1.65 0.44 0.76
1.65 0.44 0.77
1.65 0.47 0.73
1.63 0.53 0.69
1.63 0.52 0.69
1.64 0.53 0.69
1.63 0.53 0.69
1.64 0.54 0.7
1.65 0.51 0.73
1.66 0.49 0.74
1.66 0.46 0.75
1.67 0.46 0.75
1.67 0.44 0.75
1.65 0.51 0.71
1.66 0.49 0.73
1.65 0.48 0.73
1.66 0.51 0.71
1.66 0.52 0.71
1.67 0.49 0.73
1.67 0.5 0.71
1.66 0.51 0.7
1.67 0.52 0.69
1.66 0.52 0.69
1.66 0.53 0.69
1.64 0.59 0.65
1.64 0.58 0.65
1.65 0.56 0.69
1.66 0.54 0.7
1.67 0.52 0.72
1.67 0.53 0.72
1.67 0.51 0.71
1.66 0.53 0.7
1.66 0.51 0.71
1.67 0.51 0.72
1.67 0.51 0.72
1.67 0.51 0.71
1.67 0.5 0.71
1.67 0.49 0.7
1.68 0.5 0.71
1.67 0.52 0.69
1.67 0.52 0.69
1.66 0.48 0.72
1.65 0.5 0.7
1.65 0.47 0.73
1.65 0.48 0.73
1.65 0.46 0.74
1.65 0.48 0.73
1.66 0.46 0.74
1.66 0.44 0.75
1.66 0.45 0.73
1.67 0.48 0.72
1.66 0.51 0.7
1.66 0.52 0.69
1.65 0.52 0.68
1.66 0.49 0.71
1.65 0.51 0.71
1.65 0.5 0.72
1.66 0.49 0.73
1.66 0.46 0.74
1.66 0.47 0.74
1.66 0.44 0.76
1.66 0.43 0.78
1.66 0.46 0.74
1.65 0.45 0.74
1.66 0.45 0.74
1.67 0.46 0.73
1.68 0.46 0.75
1.67 0.49 0.73
1.65 0.49 0.73
1.65 0.45 0.76
1.65 0.45 0.76
1.65 0.46 0.75
1.64 0.44 0.76
1.65 0.46 0.74
1.64 0.45 0.74
1.64 0.48 0.72
1.64 0.49 0.71
1.64 0.49 0.71
1.64 0.53 0.68
1.64 0.55 0.67
1.66 0.52 0.68
1.64 0.53 0.68
1.64 0.5 0.7
1.63 0.48 0.72
1.63 0.49 0.71
1.63 0.51 0.71
1.63 0.51 0.7
1.63 0.48 0.73
1.62 0.49 0.71
1.62 0.51 0.7
1.64 0.48 0.72
1.64 0.45 0.74
1.64 0.49 0.72
1.66 0.48 0.72
1.65 0.51 0.7
1.65 0.51 0.7
1.64 0.5 0.72
1.65 0.48 0.71
1.65 0.49 0.74
1.64 0.46 0.74
1.65 0.47 0.73
1.65 0.47 0.74
1.65 0.44 0.76
1.66 0.44 0.75
1.66 0.47 0.73
1.66 0.44 0.75
1.66 0.47 0.73
1.65 0.47 0.73
1.64 0.48 0.72
1.63 0.49 0.71
1.64 0.46 0.74
1.64 0.46 0.75
1.64 0.48 0.75
1.65 0.48 0.75
1.66 0.5 0.75
1.65 0.51 0.72
1.65 0.49 0.72
1.66 0.48 0.74
1.64 0.52 0.69
1.65 0.53 0.68
1.63 0.59 0.65
1.62 0.57 0.65
1.62 0.52 0.71
1.62 0.52 0.71
1.63 0.48 0.74
1.64 0.48 0.73
1.65 0.48 0.73
1.66 0.46 0.75
1.67 0.48 0.73
1.66 0.5 0.72
1.67 0.5 0.72
1.65 0.52 0.71
1.65 0.47 0.74
1.66 0.49 0.73
1.66 0.5 0.72
1.66 0.46 0.75
1.67 0.49 0.74
1.64 0.53 0.79
1.65 0.54 0.76
1.65 0.53 0.74
1.64 0.52 0.71
1.65 0.53 0.71
1.65 0.54 0.7
1.66 0.53 0.71
1.65 0.5 0.73
1.64 0.47 0.74
1.64 0.49 0.73
1.64 0.5 0.72
1.64 0.47 0.74
1.64 0.45 0.76
1.61 0.52 0.7
1.61 0.51 0.71
1.63 0.54 0.68
1.63 0.49 0.72
1.64 0.48 0.71
1.65 0.49 0.72
1.64 0.46 0.73
1.64 0.46 0.74
1.64 0.47 0.74
1.64 0.45 0.76
1.65 0.43 0.76
1.65 0.44 0.76
1.66 0.46 0.74
1.66 0.48 0.73
1.66 0.46 0.76
1.66 0.48 0.74
1.65 0.48 0.74
1.66 0.5 0.72
1.65 0.47 0.74
1.64 0.49 0.73
1.65 0.49 0.73
1.65 0.52 0.71
1.67 0.51 0.72
1.65 0.5 0.72
1.65 0.46 0.74
1.66 0.46 0.74
1.66 0.44 0.76
1.66 0.41 0.78
1.67 0.42 0.78
1.66 0.42 0.79
1.65 0.46 0.75
1.65 0.48 0.74
1.65 0.5 0.73
1.65 0.5 0.73
1.65 0.47 0.74
1.65 0.45 0.76
1.66 0.45 0.75
1.66 0.47 0.72
1.65 0.5 0.71
1.65 0.53 0.68
1.66 0.53 0.69
1.64 0.54 0.67
1.65 0.53 0.68
1.65 0.52 0.69
1.65 0.52 0.7
1.65 0.51 0.69
1.65 0.53 0.69
1.66 0.5 0.71
1.66 0.5 0.71
1.66 0.53 0.72
1.66 0.47 0.74
1.66 0.45 0.75
1.65 0.43 0.76
1.65 0.45 0.74
1.64 0.43 0.75
1.63 0.48 0.73
1.63 0.45 0.75
1.64 0.49 0.72
1.65 0.5 0.72
1.65 0.47 0.75
1.64 0.44 0.76
1.65 0.44 0.76
1.66 0.46 0.74
1.67 0.42 0.77
1.66 0.45 0.74
1.66 0.43 0.77
1.65 0.42 0.76
1.65 0.4 0.77
1.66 0.4 0.79
1.67 0.4 0.81
1.67 0.38 0.81
1.67 0.42 0.79
1.67 0.43 0.79
1.68 0.45 0.76
1.66 0.48 0.73
1.66 0.48 0.74
1.67 0.49 0.73
1.67 0.45 0.75
1.67 0.46 0.74
1.67 0.46 0.74
1.67 0.46 0.73
1.66 0.45 0.74
1.65 0.5 0.72
1.66 0.52 0.72
1.65 0.53 0.7
1.65 0.53 0.7
1.64 0.54 0.69
1.63 0.55 0.68
1.64 0.54 0.69
1.64 0.55 0.67
1.64 0.5 0.71
1.64 0.51 0.71
1.64 0.48 0.72
1.65 0.49 0.72
1.64 0.46 0.73
1.65 0.48 0.72
1.64 0.49 0.71
1.64 0.46 0.74
1.65 0.48 0.74
1.65 0.48 0.74
1.65 0.49 0.74
1.65 0.47 0.75
1.65 0.47 0.76
1.65 0.45 0.77
1.65 0.45 0.77
1.66 0.47 0.76
1.64 0.48 0.74
1.63 0.46 0.74
1.64 0.48 0.74
1.65 0.48 0.74
1.65 0.5 0.73
1.65 0.5 0.72
1.65 0.52 0.72
1.65 0.47 0.75
1.64 0.46 0.75
1.63 0.51 0.7
1.64 0.5 0.71
1.64 0.51 0.71
1.64 0.53 0.7
1.64 0.47 0.73
1.65 0.47 0.74
1.65 0.49 0.74
1.65 0.5 0.73
1.65 0.47 0.75
1.65 0.49 0.73
1.66 0.49 0.74
1.66 0.49 0.73
1.66 0.5 0.73
1.66 0.51 0.73
1.65 0.52 0.71
1.65 0.53 0.72
1.65 0.53 0.7
1.66 0.51 0.7
1.64 0.57 0.66
1.65 0.53 0.69
1.65 0.52 0.69
1.66 0.52 0.69
1.66 0.5 0.7
1.66 0.49 0.7
1.66 0.47 0.71
1.65 0.45 0.73
1.66 0.46 0.74
1.65 0.49 0.72
1.65 0.51 0.71
1.65 0.47 0.74
1.66 0.45 0.75
1.66 0.48 0.73
1.66 0.51 0.71
1.66 0.49 0.72
1.65 0.46 0.74
1.66 0.47 0.74
1.66 0.47 0.74
1.67 0.45 0.74
1.66 0.44 0.76
1.67 0.46 0.73
1.67 0.48 0.72
1.67 0.46 0.74
1.67 0.44 0.76
1.67 0.44 0.77
1.68 0.45 0.77
1.67 0.48 0.75
1.66 0.46 0.76
1.66 0.45 0.73
1.65 0.43 0.75
