1.92 0.44 0.82
1.92 0.44 0.83
1.92 0.43 0.84
1.92 0.43 0.84
1.92 0.42 0.84
1.92 0.43 0.83
1.91 0.48 0.79
1.91 0.47 0.8
1.9 0.52 0.77
1.92 0.5 0.79
1.93 0.46 0.81
1.94 0.44 0.83
1.93 0.47 0.81
1.93 0.45 0.82
1.92 0.5 0.78
1.92 0.48 0.8
1.91 0.48 0.8
1.91 0.53 0.76
1.91 0.55 0.74
1.91 0.52 0.76
1.92 0.5 0.78
1.91 0.54 0.76
1.91 0.5 0.78
1.92 0.47 0.81
1.92 0.44 0.82
1.91 0.44 0.83
1.9 0.44 0.84
1.9 0.43 0.84
1.89 0.48 0.8
1.9 0.46 0.82
1.91 0.47 0.81
1.91 0.45 0.83
1.91 0.44 0.84
1.91 0.49 0.79
1.91 0.46 0.8
1.9 0.5 0.78
1.89 0.49 0.79
1.91 0.47 0.81
1.9 0.46 0.8
1.9 0.45 0.81
1.9 0.49 0.77
1.91 0.46 0.79
1.91 0.5 0.78
1.9 0.48 0.79
1.9 0.45 0.8
1.9 0.44 0.81
1.9 0.45 0.81
1.9 0.51 0.77
1.9 0.53 0.74
1.89 0.54 0.73
1.9 0.59 0.69
1.9 0.54 0.73
1.89 0.52 0.75
1.9 0.49 0.77
1.9 0.56 0.72
1.9 0.54 0.74
1.9 0.57 0.72
1.89 0.54 0.73
1.89 0.51 0.75
1.91 0.48 0.78
1.92 0.45 0.81
1.92 0.48 0.78
1.91 0.47 0.79
1.92 0.45 0.81
1.92 0.44 0.82
1.91 0.48 0.79
1.91 0.51 0.77
1.91 0.47 0.79
1.93 0.44 0.82
1.92 0.48 0.79
1.92 0.46 0.8
1.91 0.45 0.82
1.9 0.44 0.82
1.9 0.43 0.83
1.91 0.48 0.79
1.91 0.45 0.82
1.91 0.49 0.79
1.92 0.47 0.81
1.91 0.51 0.78
1.91 0.56 0.73
1.91 0.52 0.75
1.91 0.49 0.79
1.9 0.52 0.76
1.91 0.58 0.71
1.9 0.59 0.69
1.91 0.56 0.73
1.91 0.58 0.71
1.91 0.53 0.75
1.91 0.51 0.76
1.92 0.46 0.79
1.92 0.46 0.8
1.92 0.45 0.81
1.92 0.42 0.83
1.92 0.43 0.83
1.93 0.43 0.83
1.92 0.43 0.84
1.93 0.47 0.81
1.92 0.54 0.75
1.91 0.51 0.77
1.9 0.47 0.8
1.9 0.46 0.8
1.9 0.43 0.82
1.9 0.48 0.78
1.91 0.47 0.79
1.92 0.46 0.81
1.92 0.48 0.78
1.92 0.47 0.8
1.91 0.51 0.77
1.91 0.48 0.78
1.9 0.55 0.72
1.9 0.51 0.75
1.91 0.47 0.79
1.91 0.48 0.76
1.92 0.45 0.8
1.92 0.47 0.79
1.92 0.45 0.8
1.9 0.51 0.76
1.91 0.47 0.78
1.91 0.49 0.78
1.9 0.47 0.79
1.9 0.46 0.8
1.9 0.43 0.81
1.91 0.43 0.83
1.91 0.44 0.82
1.91 0.43 0.84
1.92 0.43 0.85
1.92 0.45 0.82
1.92 0.53 0.77
1.93 0.51 0.78
1.91 0.5 0.79
1.91 0.47 0.8
1.9 0.53 0.74
1.91 0.57 0.71
1.91 0.55 0.74
1.9 0.51 0.77
1.9 0.53 0.76
1.9 0.51 0.77
1.91 0.51 0.75
1.9 0.48 0.77
1.9 0.52 0.74
1.9 0.53 0.73
1.9 0.59 0.69
1.91 0.54 0.74
1.91 0.55 0.75
1.91 0.51 0.78
1.91 0.54 0.76
1.91 0.51 0.79
1.93 0.47 0.81
1.93 0.44 0.84
1.93 0.42 0.84
1.93 0.5 0.78
1.93 0.47 0.81
1.94 0.48 0.8
1.93 0.46 0.81
1.93 0.48 0.79
1.92 0.48 0.81
1.92 0.54 0.76
1.92 0.59 0.71
1.92 0.54 0.75
1.92 0.51 0.78
1.92 0.47 0.8
1.91 0.5 0.77
1.91 0.55 0.74
1.91 0.56 0.73
1.92 0.5 0.77
1.91 0.46 0.8
1.91 0.45 0.82
1.91 0.44 0.84
1.92 0.42 0.85
1.91 0.43 0.84
1.91 0.42 0.85
1.91 0.42 0.85
1.92 0.41 0.86
1.91 0.41 0.85
1.91 0.4 0.85
1.91 0.46 0.8
1.93 0.45 0.82
1.92 0.44 0.83
1.92 0.44 0.82
1.92 0.51 0.77
1.92 0.5 0.77
1.92 0.48 0.79
1.91 0.51 0.76
1.91 0.48 0.78
1.91 0.45 0.8
1.92 0.43 0.82
1.92 0.47 0.79
1.91 0.46 0.81
1.91 0.52 0.76
1.91 0.56 0.74
1.91 0.52 0.77
1.91 0.52 0.77
1.91 0.53 0.76
1.92 0.51 0.77
1.92 0.54 0.75
1.92 0.55 0.74
1.92 0.51 0.76
1.92 0.54 0.74
1.93 0.52 0.77
1.93 0.56 0.73
1.93 0.5 0.78
1.93 0.49 0.79
1.93 0.51 0.77
1.93 0.47 0.79
1.92 0.45 0.81
1.93 0.44 0.82
1.92 0.47 0.8
1.92 0.47 0.8
1.92 0.44 0.83
1.93 0.48 0.81
1.92 0.47 0.81
1.92 0.45 0.83
1.92 0.44 0.83
1.92 0.51 0.77
1.93 0.5 0.78
1.92 0.54 0.75
1.91 0.58 0.72
1.9 0.62 0.68
1.91 0.57 0.72
1.91 0.54 0.75
1.91 0.49 0.78
1.91 0.52 0.76
1.91 0.52 0.76
1.91 0.56 0.73
1.9 0.57 0.72
1.92 0.52 0.76
1.92 0.49 0.78
1.92 0.46 0.81
1.92 0.45 0.82
1.93 0.46 0.81
1.93 0.43 0.83
1.93 0.44 0.82
1.92 0.43 0.82
1.92 0.42 0.84
1.93 0.41 0.84
1.92 0.41 0.83
1.93 0.45 0.81
1.93 0.43 0.82
1.93 0.41 0.83
1.92 0.42 0.83
1.92 0.42 0.84
1.91 0.47 0.79
1.91 0.46 0.8
1.9 0.44 0.81
1.92 0.43 0.83
1.91 0.43 0.83
1.91 0.42 0.85
1.91 0.41 0.85
1.93 0.4 0.85
1.92 0.4 0.86
1.93 0.38 0.86
1.93 0.46 0.8
1.93 0.44 0.83
1.92 0.48 0.8
1.91 0.52 0.77
1.92 0.49 0.78
1.91 0.5 0.79
1.92 0.46 0.81
1.91 0.44 0.83
1.91 0.48 0.8
1.92 0.46 0.81
1.94 0.44 0.83
1.93 0.43 0.83
1.94 0.42 0.84
1.93 0.45 0.84
1.94 0.44 0.85
1.95 0.45 0.83
1.95 0.42 0.84
1.95 0.42 0.84
1.94 0.46 0.8
1.93 0.46 0.81
1.92 0.44 0.83
1.92 0.42 0.85
1.91 0.47 0.8
1.92 0.44 0.81
1.92 0.49 0.78
1.92 0.45 0.8
1.92 0.44 0.81
1.92 0.41 0.83
1.92 0.41 0.83
1.92 0.4 0.84
1.93 0.39 0.85
1.92 0.41 0.83
1.92 0.4 0.84
1.9 0.45 0.8
1.91 0.43 0.82
1.91 0.44 0.82
1.91 0.43 0.83
1.91 0.5 0.77
1.9 0.51 0.75
1.91 0.54 0.73
1.92 0.51 0.76
1.91 0.47 0.79
1.91 0.5 0.78
1.9 0.53 0.75
1.91 0.5 0.78
1.9 0.47 0.8
1.9 0.47 0.81
1.9 0.45 0.81
1.9 0.53 0.76
1.9 0.54 0.77
1.92 0.52 0.78
1.91 0.49 0.8
1.92 0.5 0.79
1.92 0.47 0.81
1.92 0.48 0.8
1.91 0.46 0.81
1.91 0.44 0.82
1.91 0.49 0.79
1.9 0.47 0.8
1.9 0.53 0.76
1.91 0.5 0.78
1.91 0.46 0.8
1.91 0.44 0.82
1.92 0.43 0.84
1.92 0.47 0.8
1.91 0.44 0.82
1.91 0.48 0.79
1.9 0.52 0.75
1.9 0.49 0.77
1.9 0.53 0.74
1.9 0.52 0.76
1.9 0.57 0.72
1.9 0.52 0.75
1.91 0.57 0.71
1.91 0.56 0.72
1.91 0.57 0.72
1.92 0.53 0.74
1.92 0.5 0.77
1.92 0.53 0.75
1.92 0.49 0.78
1.91 0.55 0.75
1.91 0.56 0.76
1.92 0.52 0.79
1.92 0.49 0.81
1.92 0.55 0.76
1.92 0.58 0.72
1.91 0.6 0.71
1.92 0.54 0.75
1.92 0.56 0.73
1.93 0.51 0.77
1.92 0.52 0.76
1.91 0.55 0.73
1.92 0.54 0.76
1.92 0.49 0.79
1.92 0.48 0.79
1.91 0.51 0.76
1.92 0.53 0.75
1.92 0.5 0.78
1.92 0.52 0.77
1.92 0.53 0.75
1.91 0.5 0.79
1.91 0.51 0.79
1.92 0.53 0.77
1.91 0.56 0.75
1.92 0.51 0.78
1.91 0.48 0.79
1.91 0.52 0.77
1.9 0.49 0.78
1.91 0.48 0.8
1.92 0.54 0.74
1.91 0.51 0.77
1.91 0.51 0.77
1.92 0.54 0.75
1.91 0.51 0.77
1.91 0.5 0.79
1.91 0.48 0.8
1.9 0.46 0.81
1.91 0.46 0.81
1.9 0.44 0.83
1.9 0.46 0.81
1.9 0.5 0.78
1.91 0.47 0.8
1.9 0.45 0.81
1.9 0.44 0.82
1.9 0.5 0.77
1.91 0.49 0.79
1.9 0.51 0.82
1.9 0.49 0.82
1.9 0.52 0.79
1.89 0.49 0.8
1.9 0.48 0.8
1.91 0.52 0.77
1.91 0.5 0.79
1.92 0.48 0.8
1.92 0.46 0.81
1.91 0.53 0.76
1.92 0.53 0.76
1.91 0.51 0.77
1.93 0.48 0.79
1.93 0.51 0.77
1.92 0.58 0.72
1.92 0.55 0.74
1.92 0.52 0.77
1.93 0.55 0.74
1.93 0.53 0.76
1.93 0.5 0.78
1.93 0.56 0.74
1.94 0.52 0.76
1.94 0.49 0.78
1.94 0.48 0.8
1.94 0.49 0.79
1.93 0.53 0.79
1.92 0.49 0.82
1.91 0.53 0.78
1.91 0.53 0.78
1.9 0.49 0.79
1.89 0.49 0.79
1.9 0.52 0.77
1.9 0.51 0.79
1.89 0.49 0.8
1.89 0.47 0.81
1.89 0.5 0.79
1.89 0.56 0.74
1.89 0.52 0.77
1.89 0.57 0.72
1.9 0.56 0.73
1.9 0.52 0.76
1.9 0.49 0.78
1.9 0.49 0.79
1.91 0.52 0.77
1.9 0.48 0.79
1.9 0.51 0.76
1.9 0.48 0.79
1.9 0.48 0.79
1.89 0.55 0.73
1.91 0.51 0.77
1.9 0.48 0.79
1.9 0.45 0.8
1.91 0.44 0.81
1.91 0.44 0.81
1.9 0.44 0.82
1.91 0.44 0.82
1.92 0.44 0.82
1.91 0.51 0.76
1.92 0.53 0.77
1.92 0.52 0.76
1.93 0.49 0.78
1.92 0.48 0.79
1.92 0.55 0.75
1.92 0.51 0.77
1.93 0.57 0.72
1.92 0.54 0.75
1.92 0.5 0.79
1.92 0.47 0.79
1.92 0.45 0.81
1.91 0.43 0.83
1.92 0.41 0.84
1.91 0.4 0.84
1.91 0.4 0.85
1.91 0.46 0.81
1.91 0.49 0.78
1.92 0.47 0.8
1.93 0.46 0.81
1.93 0.44 0.83
1.92 0.44 0.83
1.91 0.41 0.84
1.91 0.41 0.84
1.91 0.42 0.84
1.91 0.42 0.83
1.92 0.41 0.84
1.91 0.49 0.79
1.92 0.45 0.81
1.91 0.49 0.77
1.91 0.47 0.79
1.92 0.54 0.74
1.91 0.54 0.74
1.92 0.53 0.74
1.92 0.49 0.77
1.92 0.48 0.78
1.92 0.47 0.8
1.91 0.51 0.76
1.91 0.53 0.75
1.9 0.5 0.77
1.9 0.51 0.77
1.9 0.49 0.79
1.92 0.47 0.8
1.93 0.54 0.75
1.93 0.49 0.78
1.94 0.47 0.8
1.93 0.46 0.81
1.92 0.49 0.78
1.92 0.49 0.79
1.92 0.47 0.8
1.91 0.45 0.81
1.91 0.49 0.78
1.91 0.51 0.76
1.91 0.48 0.78
1.91 0.46 0.79
1.91 0.45 0.8
1.91 0.42 0.82
1.91 0.43 0.83
1.9 0.42 0.83
1.92 0.45 0.81
1.92 0.43 0.82
1.93 0.43 0.83
1.93 0.43 0.84
1.93 0.42 0.84
1.93 0.46 0.81
1.95 0.43 0.83
1.94 0.43 0.83
1.93 0.43 0.83
1.93 0.49 0.78
1.93 0.46 0.81
1.93 0.44 0.82
1.93 0.44 0.83
1.92 0.43 0.84
1.92 0.42 0.84
1.91 0.42 0.85
1.92 0.41 0.85
1.92 0.4 0.85
1.92 0.45 0.81
1.92 0.44 0.82
1.93 0.44 0.83
1.92 0.43 0.83
1.92 0.42 0.83
1.93 0.41 0.84
1.93 0.4 0.85
1.92 0.47 0.78
1.91 0.5 0.76
1.91 0.53 0.74
1.92 0.49 0.77
1.91 0.46 0.8
1.92 0.45 0.81
1.92 0.43 0.82
1.92 0.43 0.82
1.92 0.46 0.8
1.91 0.45 0.81
1.91 0.43 0.81
1.92 0.43 0.83
1.93 0.43 0.83
1.93 0.48 0.79
1.93 0.46 0.81
1.92 0.45 0.82
1.93 0.44 0.83
1.94 0.46 0.84
1.93 0.43 0.84
1.93 0.48 0.8
1.93 0.47 0.8
1.93 0.45 0.82
1.94 0.45 0.83
1.93 0.5 0.79
1.93 0.47 0.8
1.93 0.47 0.81
1.93 0.46 0.8
1.92 0.49 0.78
1.91 0.5 0.77
1.91 0.47 0.8
1.92 0.46 0.81
1.91 0.49 0.78
1.9 0.49 0.77
1.91 0.48 0.79
1.91 0.45 0.81
1.91 0.43 0.82
1.92 0.43 0.82
1.92 0.48 0.78
1.93 0.45 0.81
1.92 0.44 0.81
1.92 0.48 0.8
1.93 0.46 0.82
1.93 0.44 0.83
1.93 0.47 0.8
1.93 0.51 0.78
1.92 0.49 0.8
1.92 0.47 0.8
1.91 0.44 0.81
1.92 0.45 0.78
1.92 0.52 0.72
1.92 0.48 0.77
1.92 0.52 0.75
1.92 0.49 0.77
1.92 0.47 0.8
1.93 0.46 0.81
1.92 0.44 0.81
1.92 0.49 0.79
1.92 0.46 0.8
1.92 0.45 0.81
1.92 0.48 0.78
1.91 0.46 0.8
1.92 0.43 0.82
1.91 0.48 0.79
1.91 0.46 0.8
1.92 0.45 0.81
1.92 0.46 0.81
1.93 0.46 0.81
1.91 0.45 0.77
1.91 0.43 0.79
1.9 0.43 0.8
1.9 0.42 0.82
1.9 0.42 0.82
1.9 0.5 0.76
1.91 0.57 0.71
1.89 0.53 0.74
1.91 0.49 0.77
1.91 0.48 0.78
1.91 0.51 0.79
1.92 0.48 0.8
1.93 0.46 0.82
1.93 0.44 0.82
1.92 0.44 0.82
1.92 0.43 0.82
1.91 0.43 0.83
1.92 0.41 0.83
1.91 0.42 0.82
1.91 0.41 0.83
1.91 0.41 0.85
1.91 0.41 0.84
1.92 0.41 0.85
1.93 0.41 0.85
1.92 0.41 0.85
1.91 0.43 0.83
1.92 0.43 0.83
1.92 0.45 0.82
1.93 0.43 0.85
1.92 0.42 0.84
1.93 0.42 0.85
1.92 0.5 0.78
1.92 0.51 0.75
1.92 0.48 0.78
1.91 0.45 0.8
1.91 0.52 0.75
1.9 0.49 0.78
1.9 0.48 0.79
1.9 0.45 0.81
1.9 0.44 0.83
1.91 0.43 0.83
1.9 0.42 0.85
1.9 0.42 0.84
1.92 0.45 0.82
1.92 0.42 0.83
1.92 0.5 0.77
1.91 0.49 0.79
1.92 0.47 0.81
1.92 0.49 0.81
1.92 0.52 0.79
1.92 0.48 0.8
1.92 0.47 0.8
1.92 0.46 0.81
1.93 0.45 0.82
1.92 0.44 0.82
1.92 0.47 0.82
1.91 0.54 0.76
1.92 0.5 0.79
1.92 0.53 0.75
1.92 0.49 0.77
1.91 0.48 0.78
1.9 0.47 0.79
1.91 0.44 0.81
1.91 0.45 0.81
1.91 0.45 0.82
1.91 0.44 0.83
1.91 0.44 0.83
1.92 0.42 0.84
1.92 0.41 0.84
1.92 0.48 0.79
1.93 0.45 0.81
1.93 0.45 0.82
1.93 0.44 0.82
1.92 0.51 0.77
1.92 0.55 0.74
1.91 0.56 0.72
1.91 0.51 0.75
1.92 0.47 0.78
1.92 0.45 0.8
1.91 0.51 0.74
1.91 0.55 0.72
1.92 0.6 0.68
1.92 0.6 0.68
1.92 0.54 0.73
1.91 0.51 0.75
1.93 0.5 0.77
1.93 0.48 0.79
1.93 0.45 0.8
1.93 0.48 0.79
1.94 0.5 0.77
1.93 0.48 0.79
1.92 0.49 0.78
1.92 0.5 0.78
1.92 0.46 0.8
1.93 0.45 0.81
1.92 0.49 0.78
1.91 0.53 0.74
1.9 0.5 0.77
1.91 0.52 0.75
1.92 0.49 0.77
1.92 0.47 0.79
1.93 0.44 0.8
1.93 0.49 0.77
1.92 0.49 0.78
1.94 0.5 0.77
1.93 0.5 0.77
1.93 0.54 0.75
1.93 0.51 0.77
1.94 0.52 0.77
1.93 0.56 0.72
1.91 0.61 0.69
1.92 0.54 0.74
1.91 0.58 0.71
1.92 0.52 0.76
1.93 0.5 0.78
1.92 0.54 0.75
1.92 0.58 0.72
1.93 0.53 0.76
1.92 0.51 0.78
1.91 0.48 0.8
1.92 0.47 0.82
1.92 0.45 0.81
1.92 0.45 0.82
1.92 0.43 0.82
1.93 0.45 0.83
1.93 0.49 0.8
1.92 0.47 0.81
1.92 0.51 0.78
1.92 0.47 0.8
1.93 0.46 0.82
1.93 0.51 0.78
1.92 0.48 0.79
1.92 0.5 0.78
1.91 0.48 0.79
1.93 0.45 0.82
1.93 0.45 0.82
1.93 0.44 0.83
1.92 0.49 0.77
1.92 0.48 0.79
1.92 0.46 0.8
1.91 0.45 0.8
1.92 0.44 0.81
1.91 0.49 0.78
1.91 0.51 0.76
1.92 0.49 0.78
1.91 0.47 0.79
1.91 0.5 0.78
1.91 0.53 0.76
1.91 0.51 0.78
1.91 0.47 0.8
1.9 0.45 0.82
1.9 0.5 0.78
1.91 0.48 0.79
1.92 0.52 0.76
1.92 0.58 0.71
1.91 0.59 0.7
1.91 0.59 0.7
1.92 0.54 0.74
1.91 0.5 0.77
1.91 0.52 0.75
1.92 0.48 0.78
1.91 0.46 0.8
1.91 0.44 0.82
1.9 0.42 0.83
1.9 0.41 0.83
1.91 0.49 0.77
1.91 0.55 0.73
1.91 0.56 0.72
1.91 0.53 0.75
1.89 0.49 0.74
1.9 0.47 0.77
1.9 0.52 0.73
1.9 0.49 0.75
1.91 0.46 0.78
1.91 0.52 0.74
1.92 0.49 0.78
1.91 0.48 0.79
1.91 0.47 0.8
1.91 0.45 0.82
1.92 0.45 0.82
1.92 0.44 0.82
1.93 0.42 0.84
1.93 0.41 0.85
1.92 0.47 0.8
1.92 0.45 0.82
1.91 0.46 0.81
1.91 0.52 0.76
1.92 0.51 0.77
1.91 0.46 0.8
1.91 0.49 0.78
1.91 0.48 0.79
1.91 0.47 0.81
1.91 0.54 0.75
1.92 0.49 0.78
1.92 0.47 0.8
1.93 0.5 0.78
1.93 0.48 0.8
1.93 0.47 0.82
1.93 0.45 0.83
1.92 0.44 0.84
1.92 0.45 0.82
1.92 0.44 0.83
1.93 0.43 0.84
1.93 0.43 0.84
1.92 0.42 0.84
1.92 0.41 0.84
1.92 0.46 0.8
1.92 0.51 0.77
1.92 0.53 0.75
1.92 0.48 0.78
1.91 0.46 0.8
1.92 0.45 0.81
1.93 0.52 0.75
1.94 0.5 0.77
1.94 0.46 0.8
1.93 0.46 0.8
1.93 0.52 0.75
1.93 0.57 0.71
1.94 0.52 0.75
1.93 0.53 0.73
1.93 0.5 0.75
1.94 0.48 0.78
1.94 0.54 0.75
1.94 0.57 0.72
1.92 0.53 0.75
1.93 0.5 0.77
1.94 0.5 0.77
1.93 0.48 0.79
1.92 0.51 0.76
1.91 0.56 0.72
1.91 0.53 0.75
1.91 0.55 0.74
1.91 0.59 0.71
1.92 0.55 0.74
1.92 0.51 0.76
1.92 0.48 0.78
1.93 0.45 0.82
1.92 0.5 0.78
1.92 0.48 0.8
1.92 0.52 0.77
1.93 0.5 0.79
1.93 0.46 0.82
1.92 0.45 0.82
1.92 0.44 0.85
1.93 0.42 0.86
1.92 0.41 0.86
1.93 0.4 0.86
1.94 0.4 0.87
1.93 0.46 0.82
1.92 0.5 0.78
1.91 0.53 0.75
1.91 0.51 0.77
1.91 0.47 0.79
1.92 0.52 0.77
1.93 0.52 0.77
1.93 0.5 0.79
1.92 0.53 0.76
1.93 0.5 0.78
1.93 0.49 0.78
1.92 0.47 0.79
1.92 0.46 0.8
1.92 0.44 0.81
1.92 0.43 0.81
1.92 0.43 0.83
1.91 0.51 0.77
1.91 0.49 0.78
1.91 0.46 0.8
1.91 0.45 0.82
1.92 0.44 0.83
1.91 0.43 0.83
1.91 0.43 0.84
1.92 0.42 0.85
1.92 0.46 0.82
1.91 0.5 0.79
1.92 0.48 0.8
1.91 0.52 0.77
1.92 0.5 0.79
1.92 0.48 0.79
1.91 0.51 0.76
1.92 0.49 0.78
1.91 0.48 0.79
1.92 0.55 0.74
1.93 0.51 0.77
1.94 0.46 0.8
1.92 0.53 0.74
1.92 0.55 0.73
1.92 0.52 0.75
1.91 0.55 0.73
1.92 0.57 0.72
1.93 0.54 0.75
1.92 0.51 0.77
1.91 0.5 0.79
1.91 0.56 0.73
1.91 0.51 0.76
1.9 0.56 0.72
1.9 0.53 0.76
1.9 0.51 0.77
1.92 0.49 0.79
1.92 0.46 0.81
1.92 0.44 0.83
1.92 0.43 0.83
1.92 0.49 0.79
1.92 0.48 0.8
1.92 0.52 0.76
1.93 0.49 0.78
1.93 0.49 0.76
1.93 0.47 0.79
1.93 0.5 0.76
1.92 0.48 0.78
1.92 0.46 0.8
1.93 0.53 0.74
1.92 0.5 0.78
1.92 0.52 0.77
1.92 0.49 0.78
1.92 0.55 0.73
1.91 0.57 0.73
1.91 0.55 0.76
1.91 0.51 0.77
1.92 0.48 0.8
1.92 0.54 0.75
1.93 0.51 0.77
1.92 0.55 0.73
1.91 0.52 0.76
1.91 0.49 0.78
1.92 0.47 0.8
1.92 0.51 0.77
1.92 0.54 0.76
1.92 0.59 0.71
1.92 0.54 0.74
1.92 0.51 0.77
1.92 0.57 0.72
1.93 0.52 0.76
1.92 0.5 0.77
1.92 0.47 0.79
1.91 0.54 0.74
1.93 0.59 0.71
1.93 0.54 0.74
1.92 0.51 0.76
1.93 0.49 0.79
1.93 0.48 0.8
1.93 0.46 0.82
1.92 0.45 0.83
1.93 0.43 0.84
1.93 0.42 0.84
1.93 0.47 0.8
1.92 0.46 0.81
1.93 0.47 0.81
1.94 0.51 0.78
1.92 0.49 0.75
1.92 0.53 0.74
1.91 0.5 0.76
1.91 0.57 0.71
1.92 0.53 0.75
1.92 0.57 0.71
1.92 0.61 0.69
1.93 0.55 0.73
1.94 0.5 0.77
1.93 0.52 0.76
1.93 0.54 0.74
1.92 0.57 0.72
1.92 0.54 0.75
1.91 0.6 0.7
1.92 0.59 0.71
1.93 0.53 0.75
1.93 0.53 0.73
1.92 0.57 0.7
1.95 0.51 0.76
1.94 0.53 0.76
1.94 0.51 0.77
1.93 0.49 0.79
1.92 0.48 0.8
1.91 0.51 0.77
1.91 0.52 0.76
1.92 0.47 0.79
1.93 0.46 0.81
1.93 0.46 0.81
1.93 0.44 0.82
1.92 0.43 0.83
1.92 0.41 0.85
1.91 0.4 0.86
1.9 0.4 0.85
1.91 0.47 0.8
1.91 0.46 0.81
1.91 0.45 0.81
1.91 0.47 0.8
1.91 0.53 0.75
1.9 0.56 0.76
1.9 0.58 0.73
1.91 0.61 0.7
1.9 0.6 0.7
1.9 0.56 0.73
1.91 0.53 0.76
1.91 0.55 0.74
1.92 0.52 0.77
1.93 0.48 0.8
1.94 0.54 0.75
1.94 0.51 0.77
1.94 0.47 0.79
1.93 0.46 0.8
1.93 0.44 0.81
1.93 0.43 0.83
1.93 0.42 0.84
1.91 0.41 0.85
1.9 0.41 0.85
1.9 0.45 0.81
1.91 0.44 0.82
1.91 0.48 0.78
1.91 0.52 0.76
1.93 0.49 0.79
1.93 0.46 0.8
1.92 0.44 0.81
1.93 0.44 0.83
1.93 0.43 0.84
