2.24 0.72 0.55
2.24 0.72 0.55
2.23 0.73 0.55
2.23 0.73 0.54
2.21 0.62 0.62
2.22 0.64 0.59
2.23 0.56 0.67
2.21 0.59 0.66
2.19 0.61 0.64
2.2 0.54 0.7
2.23 0.57 0.66
2.23 0.51 0.72
2.22 0.46 0.76
2.23 0.5 0.72
2.24 0.46 0.77
2.23 0.53 0.72
2.23 0.46 0.76
2.22 0.43 0.79
2.23 0.42 0.79
2.24 0.49 0.72
2.23 0.44 0.75
2.22 0.41 0.8
2.25 0.42 0.78
2.25 0.4 0.81
2.24 0.49 0.74
2.24 0.54 0.69
2.25 0.57 0.66
2.23 0.61 0.65
2.24 0.53 0.71
2.24 0.57 0.68
2.23 0.62 0.64
2.22 0.62 0.63
2.25 0.62 0.63
2.26 0.57 0.66
2.24 0.6 0.63
2.23 0.53 0.7
2.23 0.6 0.65
2.24 0.53 0.72
2.25 0.48 0.75
2.26 0.51 0.72
2.26 0.46 0.77
2.25 0.51 0.72
2.26 0.53 0.7
2.24 0.47 0.75
2.26 0.43 0.77
2.25 0.54 0.68
2.24 0.6 0.65
2.24 0.52 0.72
2.23 0.57 0.66
2.21 0.61 0.64
2.17 0.66 0.61
2.18 0.67 0.59
2.22 0.56 0.68
2.22 0.6 0.65
2.21 0.66 0.59
2.22 0.67 0.59
2.23 0.7 0.58
2.24 0.59 0.66
2.22 0.61 0.64
2.23 0.67 0.58
2.21 0.67 0.58
2.23 0.57 0.65
2.22 0.51 0.73
2.22 0.56 0.68
2.24 0.58 0.67
2.23 0.6 0.64
2.21 0.63 0.61
2.21 0.65 0.6
2.21 0.66 0.58
2.2 0.66 0.59
2.21 0.71 0.55
2.22 0.71 0.55
2.21 0.72 0.55
2.2 0.73 0.56
2.22 0.61 0.63
2.23 0.65 0.6
2.23 0.68 0.59
2.21 0.72 0.55
2.21 0.61 0.64
2.23 0.53 0.69
2.22 0.58 0.66
2.23 0.65 0.61
2.23 0.68 0.59
2.24 0.59 0.66
2.24 0.51 0.72
2.24 0.57 0.68
2.24 0.49 0.73
2.24 0.44 0.77
2.22 0.53 0.71
2.23 0.46 0.76
2.22 0.53 0.7
2.25 0.52 0.71
2.23 0.57 0.66
2.23 0.62 0.63
2.23 0.63 0.62
2.23 0.63 0.6
2.23 0.64 0.6
2.22 0.65 0.59
2.22 0.55 0.67
2.24 0.56 0.66
2.25 0.56 0.68
2.24 0.6 0.65
2.22 0.64 0.63
2.22 0.65 0.61
2.23 0.68 0.59
2.23 0.68 0.58
2.24 0.61 0.65
2.23 0.64 0.62
2.24 0.64 0.62
2.23 0.56 0.68
2.24 0.49 0.74
2.23 0.55 0.69
2.25 0.58 0.66
2.25 0.62 0.64
2.25 0.54 0.7
2.25 0.47 0.76
2.25 0.54 0.7
2.24 0.58 0.66
2.24 0.5 0.73
2.22 0.57 0.69
2.24 0.58 0.67
2.23 0.61 0.64
2.23 0.64 0.62
2.22 0.66 0.6
2.22 0.67 0.59
2.22 0.59 0.67
2.2 0.62 0.63
2.19 0.65 0.61
2.2 0.68 0.59
2.23 0.58 0.65
2.25 0.49 0.72
2.25 0.45 0.74
2.23 0.51 0.7
2.23 0.56 0.66
2.22 0.6 0.63
2.24 0.54 0.7
2.24 0.57 0.67
2.25 0.6 0.65
2.24 0.61 0.64
2.22 0.64 0.63
2.23 0.67 0.59
2.23 0.7 0.57
2.24 0.6 0.65
2.26 0.63 0.63
2.25 0.55 0.7
2.23 0.48 0.74
2.23 0.54 0.7
2.24 0.48 0.74
2.25 0.43 0.78
2.24 0.4 0.81
2.24 0.36 0.85
2.23 0.35 0.86
2.22 0.34 0.86
2.23 0.33 0.87
2.24 0.32 0.87
2.24 0.42 0.79
2.23 0.5 0.73
2.22 0.54 0.68
2.22 0.59 0.64
2.23 0.52 0.7
2.26 0.54 0.67
2.25 0.49 0.73
2.23 0.55 0.68
2.22 0.57 0.66
2.25 0.51 0.72
2.24 0.57 0.67
2.22 0.61 0.64
2.22 0.64 0.62
2.22 0.56 0.68
2.2 0.64 0.62
2.2 0.66 0.6
2.2 0.69 0.59
2.21 0.7 0.58
2.22 0.58 0.66
2.22 0.63 0.64
2.23 0.65 0.61
2.25 0.57 0.68
2.24 0.62 0.65
2.26 0.51 0.72
2.26 0.46 0.77
2.27 0.42 0.79
2.27 0.38 0.82
2.26 0.47 0.74
2.26 0.43 0.78
2.24 0.51 0.73
2.23 0.56 0.68
2.23 0.62 0.65
2.23 0.65 0.61
2.24 0.57 0.69
2.23 0.62 0.65
2.24 0.53 0.71
2.23 0.57 0.68
2.24 0.49 0.74
2.23 0.44 0.78
2.22 0.49 0.79
2.22 0.54 0.73
2.23 0.58 0.68
2.23 0.53 0.73
2.24 0.59 0.67
2.23 0.62 0.64
2.23 0.53 0.71
2.22 0.59 0.67
2.22 0.62 0.64
2.23 0.53 0.69
2.23 0.46 0.75
2.23 0.43 0.79
2.24 0.5 0.73
2.23 0.56 0.68
2.22 0.6 0.65
2.23 0.63 0.61
2.24 0.55 0.69
2.24 0.5 0.72
2.23 0.52 0.69
2.23 0.58 0.66
2.23 0.61 0.63
2.2 0.64 0.61
2.21 0.66 0.6
2.21 0.69 0.58
2.22 0.59 0.65
2.24 0.61 0.64
2.24 0.62 0.62
2.22 0.65 0.61
2.24 0.58 0.67
2.23 0.62 0.64
2.22 0.65 0.62
2.24 0.55 0.69
2.24 0.62 0.65
2.24 0.63 0.63
2.25 0.63 0.62
2.25 0.65 0.59
2.24 0.68 0.58
2.23 0.71 0.57
2.21 0.71 0.55
2.24 0.61 0.63
2.24 0.52 0.7
2.25 0.45 0.75
2.27 0.51 0.71
2.3 0.53 0.69
2.3 0.5 0.71
2.29 0.45 0.76
2.27 0.51 0.7
2.27 0.56 0.66
2.24 0.61 0.63
2.25 0.64 0.61
2.24 0.65 0.59
2.24 0.65 0.59
2.25 0.65 0.6
2.22 0.7 0.56
2.24 0.61 0.64
2.21 0.63 0.62
2.21 0.63 0.61
2.22 0.55 0.68
2.23 0.49 0.74
2.24 0.52 0.72
2.26 0.54 0.69
2.25 0.58 0.64
2.24 0.52 0.7
2.23 0.56 0.66
2.24 0.49 0.71
2.24 0.56 0.66
2.26 0.6 0.64
2.27 0.67 0.58
2.24 0.69 0.57
2.23 0.69 0.56
2.22 0.71 0.56
2.24 0.62 0.62
2.24 0.55 0.68
2.23 0.59 0.65
2.24 0.54 0.69
2.25 0.47 0.73
2.23 0.54 0.68
2.21 0.59 0.65
2.23 0.52 0.7
2.23 0.55 0.68
2.24 0.49 0.73
2.25 0.43 0.77
2.24 0.4 0.8
2.21 0.48 0.74
2.23 0.45 0.78
2.24 0.5 0.73
2.24 0.45 0.78
2.24 0.52 0.71
2.26 0.54 0.69
2.25 0.58 0.65
2.25 0.51 0.72
2.26 0.54 0.69
2.26 0.48 0.74
2.25 0.55 0.69
2.25 0.49 0.73
2.24 0.56 0.68
2.25 0.5 0.73
2.24 0.45 0.77
2.24 0.49 0.73
2.23 0.44 0.78
2.23 0.51 0.73
2.23 0.45 0.76
2.24 0.43 0.8
2.24 0.5 0.72
2.25 0.46 0.76
2.24 0.52 0.7
2.23 0.47 0.75
2.22 0.43 0.8
2.22 0.49 0.73
2.22 0.54 0.68
2.23 0.57 0.65
2.23 0.5 0.72
2.23 0.45 0.77
2.23 0.55 0.68
2.23 0.57 0.66
2.23 0.59 0.63
2.22 0.62 0.61
2.21 0.62 0.61
2.24 0.63 0.59
2.23 0.63 0.59
2.24 0.55 0.66
2.23 0.57 0.64
2.21 0.61 0.61
2.22 0.56 0.68
2.22 0.59 0.64
2.22 0.62 0.61
2.23 0.56 0.68
2.26 0.57 0.67
2.24 0.64 0.6
2.22 0.65 0.6
2.22 0.67 0.59
2.23 0.66 0.59
2.21 0.67 0.58
2.21 0.69 0.58
2.2 0.69 0.57
2.2 0.69 0.56
2.22 0.6 0.64
2.21 0.66 0.59
2.23 0.57 0.67
2.22 0.62 0.64
2.22 0.54 0.71
2.21 0.59 0.66
2.22 0.65 0.61
2.21 0.67 0.6
2.24 0.58 0.66
2.24 0.61 0.63
2.25 0.61 0.62
2.25 0.53 0.68
2.24 0.57 0.66
2.25 0.5 0.72
2.23 0.56 0.68
2.22 0.59 0.64
2.2 0.61 0.63
2.2 0.67 0.59
2.18 0.68 0.59
2.2 0.58 0.66
2.19 0.62 0.63
2.19 0.65 0.61
2.22 0.71 0.56
2.2 0.71 0.56
2.21 0.7 0.56
2.22 0.6 0.65
2.24 0.53 0.71
2.23 0.61 0.63
2.24 0.61 0.62
2.22 0.64 0.61
2.2 0.66 0.6
2.22 0.56 0.68
2.23 0.6 0.63
2.24 0.53 0.69
2.23 0.57 0.66
2.24 0.5 0.7
2.25 0.54 0.67
2.25 0.56 0.66
2.26 0.57 0.64
2.24 0.6 0.62
2.24 0.64 0.62
2.23 0.65 0.6
2.23 0.66 0.59
2.23 0.7 0.55
2.23 0.61 0.64
2.22 0.64 0.62
2.23 0.61 0.63
2.23 0.62 0.6
2.23 0.55 0.68
2.25 0.46 0.74
2.23 0.53 0.7
2.24 0.56 0.67
2.24 0.6 0.63
2.23 0.53 0.7
2.24 0.57 0.67
2.24 0.5 0.74
2.24 0.54 0.69
2.25 0.49 0.75
2.25 0.54 0.7
2.27 0.48 0.75
2.27 0.44 0.79
2.26 0.52 0.73
2.25 0.55 0.7
2.24 0.59 0.65
2.24 0.63 0.62
2.23 0.64 0.62
2.22 0.56 0.68
2.24 0.57 0.67
2.23 0.61 0.64
2.21 0.65 0.62
2.23 0.64 0.62
2.22 0.65 0.6
2.24 0.56 0.67
2.24 0.61 0.65
2.25 0.62 0.64
2.24 0.64 0.61
2.24 0.63 0.61
2.25 0.55 0.69
2.23 0.59 0.64
2.2 0.62 0.62
2.19 0.65 0.61
2.18 0.7 0.56
2.2 0.6 0.64
2.21 0.63 0.63
2.22 0.65 0.61
2.23 0.66 0.6
2.23 0.67 0.6
2.25 0.57 0.67
2.24 0.58 0.65
2.24 0.49 0.72
2.24 0.53 0.68
2.24 0.47 0.74
2.25 0.41 0.78
2.24 0.4 0.8
2.26 0.37 0.82
2.26 0.35 0.85
2.26 0.45 0.77
2.24 0.52 0.72
2.24 0.6 0.65
2.23 0.61 0.64
2.21 0.66 0.58
2.21 0.67 0.57
2.22 0.58 0.65
2.21 0.62 0.63
2.22 0.55 0.69
2.23 0.47 0.75
2.23 0.44 0.79
2.24 0.51 0.74
2.22 0.57 0.68
2.22 0.59 0.65
2.23 0.63 0.62
2.24 0.64 0.61
2.25 0.69 0.56
2.24 0.7 0.55
2.24 0.6 0.65
2.23 0.62 0.63
2.23 0.54 0.7
2.24 0.48 0.74
2.23 0.46 0.75
2.22 0.53 0.7
2.23 0.55 0.69
2.22 0.6 0.66
2.22 0.64 0.62
2.22 0.68 0.61
2.21 0.69 0.59
2.22 0.7 0.57
2.22 0.7 0.57
2.23 0.6 0.65
2.21 0.63 0.62
2.21 0.55 0.7
2.22 0.47 0.74
2.21 0.53 0.7
2.21 0.46 0.76
2.2 0.53 0.7
2.22 0.47 0.74
2.22 0.41 0.79
2.22 0.5 0.73
2.23 0.47 0.74
2.25 0.56 0.67
2.24 0.57 0.65
2.23 0.6 0.63
2.23 0.62 0.61
2.23 0.54 0.69
2.21 0.47 0.75
2.21 0.43 0.8
2.19 0.49 0.74
2.2 0.53 0.69
2.22 0.48 0.74
2.2 0.54 0.69
2.22 0.58 0.66
2.22 0.5 0.72
2.21 0.56 0.67
2.21 0.5 0.72
2.23 0.54 0.7
2.22 0.61 0.65
2.21 0.64 0.62
2.22 0.66 0.59
2.2 0.67 0.57
2.2 0.58 0.66
2.19 0.6 0.63
2.19 0.51 0.7
2.19 0.56 0.66
2.2 0.6 0.64
2.18 0.63 0.61
2.2 0.64 0.59
2.21 0.55 0.67
2.23 0.54 0.68
2.22 0.58 0.65
2.2 0.61 0.63
2.21 0.61 0.62
2.23 0.65 0.6
2.21 0.67 0.59
2.21 0.68 0.58
2.2 0.71 0.57
2.22 0.6 0.65
2.23 0.65 0.61
2.22 0.68 0.58
2.24 0.61 0.64
2.23 0.63 0.63
2.21 0.54 0.7
2.21 0.57 0.66
2.22 0.6 0.62
2.22 0.62 0.61
2.22 0.64 0.6
2.24 0.56 0.67
2.23 0.58 0.64
2.23 0.58 0.63
2.24 0.6 0.62
2.25 0.63 0.59
2.25 0.66 0.57
2.25 0.68 0.57
2.22 0.7 0.56
2.21 0.69 0.57
2.23 0.6 0.64
2.22 0.66 0.59
2.2 0.65 0.58
2.2 0.58 0.66
2.21 0.5 0.71
2.22 0.45 0.76
2.22 0.52 0.69
2.22 0.58 0.65
2.22 0.52 0.7
2.22 0.57 0.66
2.22 0.51 0.73
2.22 0.46 0.77
2.22 0.53 0.71
2.23 0.47 0.75
2.22 0.53 0.71
2.23 0.48 0.76
2.22 0.54 0.71
2.23 0.49 0.75
2.23 0.55 0.69
2.24 0.49 0.74
2.23 0.44 0.77
2.22 0.52 0.71
2.21 0.57 0.66
2.21 0.5 0.72
2.22 0.46 0.77
2.24 0.43 0.8
2.23 0.5 0.72
2.24 0.45 0.76
2.23 0.41 0.79
2.25 0.4 0.79
2.24 0.38 0.8
2.25 0.36 0.82
2.25 0.36 0.82
2.23 0.46 0.74
2.23 0.56 0.67
2.23 0.59 0.65
2.24 0.52 0.71
2.23 0.46 0.77
2.24 0.44 0.79
2.24 0.51 0.72
2.24 0.57 0.68
2.24 0.5 0.72
2.25 0.58 0.68
2.25 0.62 0.62
2.25 0.54 0.69
2.26 0.51 0.71
2.25 0.55 0.66
2.26 0.49 0.72
2.25 0.53 0.69
2.24 0.47 0.74
2.24 0.5 0.71
2.24 0.54 0.67
2.24 0.49 0.72
2.24 0.43 0.77
2.24 0.48 0.73
2.23 0.52 0.7
2.23 0.54 0.67
2.25 0.56 0.66
2.27 0.59 0.64
2.25 0.61 0.62
2.27 0.58 0.64
2.25 0.62 0.62
2.26 0.55 0.69
2.25 0.48 0.75
2.24 0.54 0.7
2.24 0.48 0.75
2.24 0.54 0.69
2.23 0.58 0.64
2.25 0.52 0.71
2.25 0.46 0.76
2.25 0.42 0.79
2.26 0.49 0.73
2.23 0.55 0.68
2.22 0.59 0.66
2.23 0.64 0.63
2.21 0.65 0.59
2.21 0.67 0.58
2.21 0.58 0.67
2.22 0.51 0.71
2.21 0.56 0.67
2.2 0.6 0.65
2.2 0.67 0.59
2.2 0.57 0.67
2.19 0.5 0.73
2.23 0.5 0.72
2.23 0.45 0.78
2.24 0.41 0.82
2.23 0.49 0.75
2.22 0.57 0.68
2.22 0.63 0.63
2.21 0.65 0.59
2.19 0.66 0.59
2.21 0.57 0.66
2.21 0.5 0.72
2.22 0.55 0.67
2.22 0.62 0.6
2.21 0.64 0.59
2.21 0.55 0.67
2.2 0.6 0.64
2.21 0.53 0.71
2.21 0.49 0.74
2.21 0.53 0.69
2.21 0.47 0.74
2.2 0.55 0.7
2.21 0.48 0.74
2.2 0.44 0.78
2.22 0.41 0.8
2.22 0.48 0.76
2.21 0.54 0.71
2.2 0.59 0.66
2.23 0.62 0.63
2.23 0.53 0.71
2.23 0.59 0.67
2.24 0.62 0.63
2.24 0.67 0.59
2.23 0.71 0.55
2.23 0.74 0.53
2.25 0.75 0.54
2.25 0.73 0.54
2.25 0.62 0.63
2.24 0.54 0.69
2.23 0.47 0.75
2.23 0.43 0.79
2.22 0.5 0.73
2.23 0.54 0.69
2.22 0.59 0.64
2.2 0.63 0.62
2.2 0.67 0.6
2.21 0.58 0.67
2.22 0.6 0.66
2.23 0.62 0.64
2.24 0.54 0.71
2.23 0.57 0.67
2.24 0.5 0.73
2.23 0.46 0.77
2.23 0.54 0.71
2.25 0.56 0.68
2.27 0.49 0.74
2.26 0.44 0.78
2.26 0.52 0.71
2.23 0.57 0.66
2.24 0.51 0.71
2.24 0.55 0.69
2.23 0.59 0.66
2.24 0.52 0.71
2.24 0.57 0.67
2.23 0.6 0.64
2.23 0.63 0.61
2.22 0.66 0.6
2.22 0.68 0.59
2.23 0.58 0.66
2.24 0.62 0.62
2.23 0.63 0.61
2.23 0.55 0.69
2.24 0.6 0.65
2.24 0.62 0.63
2.24 0.64 0.61
2.26 0.64 0.6
2.24 0.65 0.58
2.25 0.57 0.66
2.25 0.51 0.72
2.24 0.58 0.67
2.22 0.62 0.64
2.23 0.54 0.7
2.22 0.59 0.66
2.23 0.61 0.64
2.22 0.63 0.61
2.23 0.56 0.69
2.22 0.59 0.66
2.2 0.62 0.64
2.21 0.53 0.72
2.21 0.58 0.67
2.21 0.49 0.73
2.23 0.44 0.76
2.22 0.51 0.7
2.23 0.46 0.73
2.24 0.42 0.76
2.23 0.39 0.8
2.23 0.44 0.78
2.24 0.42 0.81
2.23 0.48 0.74
2.23 0.56 0.7
2.23 0.59 0.66
2.21 0.63 0.63
2.19 0.63 0.62
2.26 0.66 0.61
2.25 0.66 0.61
2.25 0.59 0.67
2.24 0.51 0.72
2.24 0.56 0.68
2.22 0.5 0.74
2.23 0.54 0.69
2.23 0.56 0.67
2.22 0.61 0.65
2.22 0.63 0.63
2.24 0.64 0.62
2.23 0.67 0.6
2.24 0.57 0.68
2.22 0.6 0.65
2.22 0.64 0.63
2.21 0.66 0.6
2.22 0.69 0.59
2.22 0.7 0.56
2.24 0.61 0.65
2.25 0.63 0.63
2.26 0.55 0.7
2.25 0.59 0.66
2.25 0.51 0.73
2.26 0.54 0.7
2.25 0.59 0.67
2.26 0.62 0.63
2.26 0.55 0.7
2.27 0.57 0.67
2.25 0.6 0.65
2.24 0.65 0.62
2.23 0.66 0.6
2.23 0.67 0.59
2.24 0.58 0.67
2.24 0.51 0.72
2.22 0.57 0.68
2.21 0.62 0.64
2.24 0.65 0.62
2.23 0.67 0.6
2.22 0.68 0.6
2.22 0.68 0.58
2.23 0.67 0.58
2.21 0.69 0.57
2.21 0.7 0.56
2.22 0.59 0.64
2.21 0.63 0.62
2.21 0.55 0.7
2.23 0.58 0.66
2.21 0.62 0.62
2.21 0.53 0.7
2.23 0.47 0.76
2.24 0.5 0.73
2.23 0.57 0.68
2.22 0.61 0.65
2.23 0.64 0.62
2.24 0.56 0.68
2.25 0.6 0.66
2.25 0.61 0.65
2.26 0.68 0.58
2.26 0.58 0.66
2.25 0.61 0.63
2.26 0.53 0.7
2.25 0.59 0.66
2.22 0.58 0.72
2.21 0.62 0.68
2.24 0.61 0.66
2.24 0.53 0.71
2.24 0.46 0.75
2.25 0.54 0.71
2.25 0.48 0.74
2.27 0.5 0.72
2.25 0.57 0.67
2.25 0.5 0.72
2.26 0.56 0.68
2.27 0.56 0.67
2.25 0.61 0.64
2.24 0.52 0.72
2.24 0.45 0.77
2.23 0.54 0.71
2.24 0.48 0.75
2.24 0.55 0.69
2.24 0.62 0.64
2.25 0.54 0.7
2.26 0.58 0.67
2.25 0.62 0.63
2.24 0.64 0.61
2.24 0.55 0.69
2.24 0.58 0.65
2.25 0.5 0.7
2.22 0.58 0.64
2.23 0.52 0.71
2.24 0.44 0.77
2.24 0.54 0.71
2.23 0.57 0.66
2.22 0.5 0.73
2.22 0.53 0.69
2.24 0.48 0.74
2.26 0.42 0.78
2.28 0.4 0.82
2.25 0.48 0.74
2.26 0.54 0.69
2.23 0.6 0.66
2.26 0.53 0.7
2.27 0.49 0.72
2.26 0.55 0.68
2.25 0.59 0.64
2.23 0.51 0.71
2.23 0.45 0.76
2.25 0.5 0.71
2.25 0.56 0.68
2.26 0.58 0.66
2.23 0.62 0.62
2.24 0.54 0.69
2.24 0.56 0.67
2.24 0.61 0.63
2.22 0.63 0.61
2.25 0.53 0.69
2.26 0.46 0.74
2.27 0.42 0.78
2.27 0.39 0.81
2.25 0.36 0.84
2.23 0.46 0.76
2.22 0.53 0.71
2.22 0.58 0.66
2.24 0.62 0.62
2.23 0.62 0.62
2.24 0.52 0.7
2.23 0.56 0.66
2.24 0.59 0.64
2.24 0.64 0.6
2.24 0.67 0.6
2.26 0.66 0.59
2.24 0.68 0.58
2.24 0.68 0.58
2.21 0.68 0.59
2.2 0.69 0.57
2.2 0.7 0.57
2.19 0.7 0.58
2.21 0.59 0.66
2.21 0.63 0.62
2.21 0.65 0.61
2.23 0.66 0.6
2.23 0.71 0.55
2.26 0.67 0.57
2.25 0.68 0.57
2.3 0.58 0.64
2.29 0.62 0.62
2.26 0.63 0.65
2.25 0.62 0.63
2.25 0.62 0.63
2.25 0.53 0.7
2.24 0.47 0.75
2.25 0.43 0.79
2.25 0.53 0.69
2.24 0.56 0.67
2.22 0.59 0.63
2.21 0.66 0.58
2.23 0.57 0.66
2.22 0.61 0.62
2.23 0.54 0.69
2.24 0.48 0.75
2.23 0.57 0.68
2.22 0.58 0.66
2.2 0.63 0.63
2.19 0.65 0.6
2.21 0.67 0.59
2.23 0.65 0.59
2.22 0.58 0.67
2.23 0.5 0.73
2.23 0.56 0.67
2.26 0.58 0.65
2.24 0.63 0.62
2.25 0.55 0.7
2.24 0.49 0.74
2.24 0.46 0.75
2.23 0.41 0.79
2.23 0.53 0.7
2.23 0.57 0.66
2.24 0.5 0.72
2.26 0.49 0.73
2.25 0.46 0.77
2.23 0.4 0.8
2.21 0.37 0.83
2.21 0.35 0.84
2.21 0.43 0.77
2.2 0.5 0.72
2.22 0.55 0.7
2.25 0.48 0.74
2.24 0.57 0.66
2.24 0.6 0.63
2.24 0.52 0.69
2.24 0.55 0.66
2.24 0.47 0.73
2.23 0.54 0.68
2.23 0.57 0.65
2.21 0.58 0.63
2.22 0.62 0.6
2.23 0.54 0.67
2.23 0.58 0.64
2.24 0.52 0.71
2.24 0.48 0.75
2.26 0.44 0.77
2.25 0.4 0.8
2.25 0.37 0.84
2.26 0.42 0.8
2.26 0.49 0.74
2.26 0.55 0.7
2.25 0.48 0.74
2.26 0.45 0.78
2.25 0.4 0.8
2.22 0.49 0.75
2.22 0.44 0.77
2.21 0.49 0.73
2.23 0.53 0.69
2.23 0.6 0.63
2.25 0.57 0.66
2.24 0.59 0.64
2.24 0.61 0.61
2.24 0.52 0.69
2.24 0.47 0.74
2.24 0.52 0.7
2.25 0.56 0.67
2.22 0.59 0.64
2.23 0.62 0.61
2.26 0.6 0.63
2.24 0.63 0.6
2.23 0.65 0.58
2.23 0.68 0.57
2.24 0.67 0.57
2.25 0.72 0.53
2.26 0.7 0.53
2.25 0.74 0.5
2.25 0.76 0.49
2.24 0.78 0.48
2.21 0.76 0.51
2.22 0.65 0.61
2.23 0.56 0.68
2.24 0.6 0.65
2.22 0.53 0.71
2.21 0.57 0.66
2.2 0.59 0.64
2.2 0.63 0.63
2.24 0.59 0.66
2.22 0.61 0.63
2.23 0.61 0.63
2.23 0.66 0.61
2.23 0.57 0.68
2.23 0.51 0.72
2.23 0.46 0.76
2.22 0.42 0.79
2.2 0.49 0.73
2.23 0.49 0.72
2.23 0.53 0.69
2.23 0.56 0.66
2.26 0.55 0.67
2.27 0.49 0.73
2.25 0.43 0.78
2.26 0.51 0.72
2.25 0.45 0.76
2.24 0.41 0.79
2.23 0.49 0.73
2.23 0.57 0.67
2.24 0.5 0.72
2.23 0.45 0.77
2.21 0.52 0.71
2.21 0.56 0.68
2.24 0.51 0.7
2.23 0.47 0.75
2.25 0.53 0.71
2.23 0.58 0.67
2.21 0.65 0.61
2.21 0.64 0.61
2.2 0.67 0.6
2.23 0.65 0.6
2.24 0.57 0.68
2.24 0.51 0.72
2.26 0.46 0.75
2.25 0.42 0.78
2.25 0.39 0.82
2.25 0.46 0.76
2.24 0.43 0.79
2.26 0.48 0.74
2.27 0.51 0.71
2.25 0.56 0.67
2.25 0.5 0.72
2.24 0.57 0.67
2.24 0.6 0.65
2.25 0.64 0.62
2.25 0.66 0.61
2.26 0.56 0.68
2.28 0.57 0.67
2.25 0.59 0.67
2.24 0.61 0.63
2.24 0.65 0.62
2.21 0.64 0.68
2.22 0.56 0.73
2.22 0.61 0.68
2.22 0.63 0.66
2.22 0.65 0.62
2.22 0.65 0.62
2.21 0.66 0.6
2.22 0.69 0.58
2.24 0.58 0.66
2.24 0.58 0.65
2.24 0.52 0.72
2.25 0.46 0.75
2.24 0.52 0.69
2.23 0.45 0.76
2.22 0.51 0.7
2.24 0.56 0.67
2.26 0.58 0.65
2.25 0.52 0.7
2.28 0.46 0.76
2.27 0.53 0.71
2.27 0.56 0.67
2.28 0.59 0.64
2.27 0.52 0.7
2.26 0.46 0.76
2.26 0.42 0.8
2.24 0.39 0.82
2.24 0.51 0.72
2.24 0.56 0.69
2.25 0.49 0.73
2.26 0.44 0.77
2.27 0.55 0.68
2.25 0.6 0.65
2.26 0.52 0.72
2.25 0.47 0.77
2.25 0.43 0.8
2.25 0.5 0.74
2.25 0.46 0.76
2.25 0.42 0.79
2.25 0.38 0.83
2.23 0.45 0.76
2.22 0.5 0.7
2.22 0.45 0.75
2.23 0.44 0.76
2.26 0.49 0.72
2.26 0.54 0.68
2.27 0.48 0.73
2.24 0.43 0.78
2.23 0.39 0.81
2.24 0.5 0.72
2.24 0.47 0.76
2.25 0.43 0.79
2.24 0.54 0.71
2.25 0.56 0.68
2.25 0.48 0.74
2.27 0.58 0.66
2.26 0.52 0.72
2.26 0.47 0.76
2.28 0.5 0.72
2.26 0.57 0.68
2.25 0.5 0.74
2.25 0.55 0.69
2.25 0.49 0.74
2.26 0.54 0.69
2.26 0.56 0.66
2.24 0.6 0.64
2.24 0.66 0.58
2.24 0.57 0.66
2.24 0.58 0.65
2.25 0.6 0.64
2.27 0.6 0.64
2.24 0.66 0.58
2.23 0.69 0.58
2.23 0.59 0.66
2.24 0.51 0.71
2.25 0.58 0.66
2.27 0.6 0.65
2.26 0.66 0.59
2.24 0.65 0.59
2.25 0.61 0.62
2.26 0.53 0.69
2.24 0.48 0.74
2.25 0.44 0.77
2.25 0.5 0.71
2.25 0.54 0.68
2.25 0.48 0.73
2.25 0.44 0.77
2.28 0.46 0.74
2.25 0.55 0.66
2.26 0.49 0.73
2.25 0.53 0.69
2.24 0.59 0.65
2.24 0.54 0.7
2.22 0.58 0.67
2.21 0.59 0.66
2.23 0.62 0.64
2.24 0.52 0.71
2.23 0.57 0.67
2.23 0.62 0.63
2.23 0.66 0.62
2.22 0.66 0.62
2.23 0.56 0.68
2.24 0.6 0.64
2.24 0.54 0.72
2.23 0.58 0.67
2.26 0.51 0.72
2.26 0.54 0.68
2.26 0.48 0.74
2.26 0.43 0.79
2.25 0.51 0.72
2.26 0.45 0.78
2.26 0.53 0.72
2.26 0.57 0.69
2.27 0.49 0.73
2.26 0.43 0.79
2.27 0.48 0.73
2.27 0.57 0.67
2.26 0.64 0.61
2.24 0.66 0.6
2.24 0.65 0.61
2.26 0.57 0.68
