1.32 1.50
1.30 1.49
1.32 1.47
1.33 1.48
1.28 1.50
1.29 1.50
1.27 1.51
1.23 1.51
1.21 1.52
1.21 1.52
1.22 1.50
1.29 1.51
1.27 1.50
1.27 1.50
1.30 1.51
1.31 1.48
1.33 1.47
1.35 1.47
1.35 1.47
1.36 1.47
1.36 1.47
1.32 1.47
1.34 1.48
1.36 1.49
1.34 1.48
1.36 1.49
1.34 1.49
1.29 1.49
1.27 1.48
1.28 1.47
1.31 1.50
1.33 1.51
1.30 1.50
1.26 1.49
1.27 1.50
1.25 1.49
1.25 1.48
1.31 1.49
1.33 1.50
1.33 1.51
1.31 1.50
1.31 1.49
1.32 1.48
1.32 1.49
1.26 1.50
1.23 1.51
1.23 1.51
1.26 1.50
1.30 1.51
1.29 1.50
1.30 1.51
1.30 1.52
1.29 1.51
1.27 1.51
1.28 1.52
1.28 1.51
1.31 1.48
1.32 1.49
1.30 1.49
1.30 1.49
1.30 1.49
1.37 1.52
1.38 1.50
1.38 1.49
1.36 1.49
1.37 1.49
1.38 1.49
1.39 1.48
1.38 1.47
1.37 1.48
1.36 1.48
1.35 1.48
1.35 1.49
1.35 1.49
1.32 1.49
1.33 1.51
1.37 1.50
1.31 1.51
1.34 1.51
1.34 1.51
1.32 1.52
1.31 1.52
1.34 1.50
1.35 1.50
1.34 1.49
1.30 1.48
1.32 1.48
1.30 1.49
1.29 1.49
1.24 1.49
1.23 1.49
1.24 1.49
1.27 1.49
1.25 1.49
1.29 1.49
1.32 1.50
1.32 1.49
1.32 1.49
1.32 1.49
1.27 1.48
1.28 1.48
1.33 1.45
1.30 1.46
1.28 1.47
1.33 1.49
1.35 1.51
1.36 1.50
1.37 1.49
1.37 1.48
1.30 1.48
1.27 1.49
1.30 1.50
1.28 1.49
1.30 1.51
1.29 1.50
1.27 1.49
1.27 1.47
1.27 1.47
1.24 1.46
1.27 1.48
1.29 1.48
1.30 1.48
1.33 1.48
1.35 1.49
1.37 1.51
1.35 1.51
1.36 1.52
1.36 1.52
1.31 1.52
1.32 1.51
1.32 1.52
1.34 1.51
1.34 1.51
1.29 1.51
1.32 1.51
1.31 1.49
1.28 1.49
1.26 1.50
1.29 1.50
1.28 1.50
1.27 1.49
1.33 1.51
1.31 1.51
1.30 1.49
1.27 1.49
1.26 1.48
1.24 1.47
1.22 1.48
1.24 1.49
1.26 1.49
1.27 1.48
1.29 1.49
1.32 1.48
1.28 1.47
1.31 1.48
1.30 1.48
1.31 1.48
1.32 1.48
1.32 1.49
1.35 1.51
1.37 1.52
1.32 1.51
1.30 1.50
1.31 1.50
1.27 1.50
1.28 1.50
1.31 1.50
1.33 1.50
1.31 1.50
1.30 1.49
1.27 1.49
1.28 1.50
1.32 1.49
1.32 1.49
1.35 1.48
1.38 1.51
1.32 1.50
1.28 1.49
1.33 1.51
1.33 1.49
1.32 1.49
1.33 1.48
1.31 1.48
1.30 1.49
1.31 1.48
1.34 1.51
1.30 1.51
1.34 1.47
1.35 1.48
1.33 1.49
1.33 1.50
1.29 1.50
1.27 1.49
1.27 1.49
1.30 1.50
1.29 1.49
1.27 1.50
1.30 1.49
1.26 1.49
1.27 1.49
1.28 1.49
1.28 1.51
1.32 1.50
1.31 1.51
1.31 1.50
1.31 1.50
1.26 1.50
1.30 1.49
1.29 1.49
1.27 1.49
1.28 1.50
1.30 1.49
1.28 1.49
1.30 1.48
1.31 1.49
1.31 1.49
1.30 1.48
1.31 1.49
1.29 1.48
1.27 1.49
1.30 1.49
1.29 1.49
1.24 1.51
1.31 1.52
1.30 1.51
1.26 1.51
1.29 1.49
1.30 1.50
1.31 1.48
1.30 1.48
1.26 1.49
1.25 1.49
1.27 1.48
1.28 1.48
1.24 1.49
1.28 1.50
1.25 1.51
1.27 1.50
1.24 1.49
1.24 1.50
1.26 1.50
1.29 1.49
1.29 1.49
1.27 1.47
1.28 1.48
1.29 1.49
1.27 1.48
1.27 1.48
1.24 1.49
1.24 1.49
1.27 1.50
1.25 1.50
1.23 1.50
1.23 1.50
1.23 1.49
1.20 1.50
1.23 1.49
1.27 1.49
1.29 1.49
1.30 1.50
1.29 1.50
1.32 1.50
1.27 1.51
1.28 1.50
1.29 1.50
1.29 1.51
1.26 1.50
1.30 1.50
1.30 1.49
1.29 1.49
1.27 1.48
1.29 1.49
1.28 1.48
1.28 1.48
1.27 1.48
1.31 1.49
1.30 1.49
1.33 1.49
1.32 1.50
1.35 1.53
1.31 1.52
1.31 1.51
1.32 1.49
1.23 1.50
1.25 1.49
1.27 1.49
1.25 1.50
1.29 1.50
1.30 1.50
1.32 1.51
1.29 1.52
1.32 1.50
1.34 1.49
1.38 1.47
1.34 1.47
1.30 1.48
1.32 1.46
1.29 1.48
1.26 1.48
1.24 1.49
1.26 1.49
1.30 1.49
1.27 1.49
1.31 1.51
1.27 1.51
1.32 1.53
1.33 1.53
1.33 1.50
1.29 1.51
1.26 1.50
1.26 1.50
1.28 1.50
1.30 1.49
1.31 1.49
1.35 1.51
1.35 1.51
1.28 1.50
1.31 1.50
1.33 1.50
1.30 1.50
1.31 1.49
1.33 1.49
1.34 1.49
1.32 1.48
1.32 1.50
1.31 1.49
1.25 1.49
1.28 1.49
1.27 1.49
1.27 1.48
1.27 1.48
1.29 1.47
1.27 1.48
1.30 1.49
1.31 1.50
1.32 1.50
1.31 1.50
1.34 1.47
1.33 1.47
1.34 1.47
1.30 1.48
1.28 1.48
1.30 1.47
1.26 1.48
1.27 1.47
1.23 1.48
1.22 1.48
1.27 1.48
1.27 1.48
1.28 1.49
1.28 1.50
1.31 1.49
1.27 1.50
1.30 1.50
1.32 1.51
1.33 1.51
1.37 1.50
1.35 1.49
1.34 1.48
1.36 1.49
1.37 1.48
1.32 1.48
1.28 1.49
1.25 1.49
1.26 1.50
1.28 1.50
1.25 1.50
1.23 1.50
1.25 1.49
1.27 1.49
1.26 1.49
1.31 1.49
1.30 1.48
1.31 1.50
1.31 1.49
1.31 1.49
1.32 1.50
1.35 1.49
1.31 1.50
1.27 1.49
1.23 1.50
1.24 1.49
1.24 1.49
1.23 1.49
1.25 1.50
1.26 1.49
1.29 1.47
1.30 1.47
1.33 1.50
1.29 1.50
1.29 1.50
1.31 1.50
1.34 1.50
1.34 1.51
1.31 1.51
1.29 1.50
1.27 1.49
1.30 1.48
1.24 1.48
1.28 1.48
1.29 1.48
1.30 1.49
1.26 1.49
1.28 1.50
1.27 1.48
1.25 1.49
1.22 1.49
1.21 1.50
1.21 1.49
1.24 1.48
1.27 1.49
1.32 1.49
1.32 1.49
1.32 1.50
1.29 1.50
1.26 1.50
1.23 1.50
1.22 1.49
1.24 1.50
1.26 1.49
1.29 1.49
1.27 1.48
1.25 1.48
1.21 1.49
1.24 1.49
1.29 1.50
1.32 1.49
1.33 1.48
1.33 1.48
1.32 1.48
1.33 1.49
1.32 1.50
1.30 1.49
1.33 1.50
1.33 1.49
1.36 1.50
1.36 1.49
1.36 1.50
1.35 1.49
1.34 1.50
1.33 1.48
1.35 1.48
1.35 1.47
1.34 1.47
1.34 1.48
1.31 1.49
1.31 1.49
1.31 1.49
1.26 1.50
1.29 1.49
1.32 1.50
1.34 1.49
1.31 1.49
1.33 1.48
1.31 1.49
1.22 1.51
1.21 1.51
1.22 1.50
1.25 1.50
1.24 1.50
1.29 1.50
1.31 1.50
1.33 1.50
1.30 1.49
1.32 1.50
1.32 1.51
1.34 1.51
1.29 1.51
1.25 1.52
1.23 1.51
1.25 1.50
1.28 1.50
1.33 1.49
1.35 1.49
1.37 1.49
1.34 1.47
1.39 1.45
1.32 1.46
1.32 1.48
1.29 1.48
1.34 1.50
1.38 1.50
1.37 1.49
1.35 1.49
1.31 1.48
1.33 1.48
1.36 1.47
1.37 1.47
1.33 1.47
1.31 1.47
1.32 1.46
1.35 1.47
1.35 1.48
1.29 1.49
1.30 1.49
1.27 1.50
1.26 1.50
1.28 1.50
1.28 1.49
1.29 1.49
1.26 1.50
1.25 1.50
1.24 1.50
1.27 1.49
1.30 1.49
1.32 1.50
1.28 1.50
1.26 1.50
1.28 1.50
1.29 1.50
1.31 1.49
1.31 1.49
1.26 1.50
1.27 1.50
1.30 1.50
1.28 1.50
1.32 1.47
1.31 1.47
1.31 1.47
1.32 1.47
1.31 1.47
1.30 1.47
1.30 1.46
1.27 1.46
1.30 1.48
1.28 1.48
1.31 1.48
1.33 1.49
1.29 1.48
1.30 1.49
1.27 1.49
1.29 1.47
1.32 1.46
1.32 1.46
1.27 1.46
1.28 1.46
1.31 1.46
1.27 1.47
1.29 1.48
1.28 1.48
1.26 1.50
1.22 1.51
1.28 1.49
1.26 1.48
1.27 1.48
1.27 1.49
1.29 1.49
1.27 1.49
1.29 1.49
1.30 1.49
1.28 1.48
1.30 1.47
1.31 1.49
1.30 1.50
1.31 1.49
1.30 1.49
1.29 1.49
1.31 1.49
1.16 1.36
1.16 1.40
1.21 1.42
1.25 1.42
1.21 1.43
1.18 1.45
1.21 1.46
1.25 1.48
1.29 1.47
1.25 1.47
1.22 1.48
1.23 1.48
1.27 1.49
1.30 1.50
1.26 1.51
1.28 1.51
1.33 1.52
1.32 1.50
1.32 1.51
1.29 1.50
1.29 1.49
1.30 1.50
1.29 1.48
1.30 1.48
1.27 1.48
1.26 1.48
1.25 1.48
1.30 1.50
1.28 1.48
1.31 1.50
1.33 1.51
1.33 1.53
1.29 1.51
1.32 1.50
1.27 1.51
1.24 1.51
1.23 1.50
1.28 1.51
1.27 1.50
1.30 1.50
1.26 1.50
1.24 1.50
1.26 1.49
1.30 1.49
1.27 1.49
1.28 1.48
1.32 1.48
1.33 1.49
1.29 1.50
1.31 1.50
1.31 1.50
1.33 1.50
1.27 1.49
1.29 1.49
1.27 1.49
1.27 1.49
1.29 1.48
1.29 1.49
1.32 1.48
1.27 1.48
1.28 1.49
1.31 1.51
1.34 1.51
1.31 1.51
1.32 1.51
1.34 1.51
1.34 1.50
1.31 1.50
1.32 1.50
1.33 1.49
1.27 1.49
1.30 1.48
1.27 1.49
1.31 1.49
1.28 1.49
1.27 1.49
1.27 1.49
1.28 1.48
1.30 1.48
1.28 1.48
1.27 1.48
1.31 1.51
1.26 1.51
1.27 1.50
1.30 1.47
1.27 1.46
1.28 1.47
1.27 1.48
1.31 1.49
1.28 1.48
1.23 1.49
1.22 1.48
1.24 1.48
1.28 1.48
1.29 1.48
1.26 1.48
1.26 1.46
1.24 1.47
1.27 1.48
1.27 1.48
1.27 1.48
1.22 1.49
1.22 1.49
1.27 1.49
1.24 1.50
1.26 1.50
1.27 1.51
1.29 1.50
1.26 1.50
1.30 1.50
1.30 1.50
1.30 1.51
1.32 1.51
1.28 1.52
1.27 1.52
1.20 1.52
1.22 1.53
1.30 1.54
1.28 1.53
1.29 1.51
1.24 1.51
1.26 1.52
1.26 1.50
1.22 1.49
1.25 1.49
1.32 1.51
1.28 1.50
1.28 1.50
1.31 1.49
1.30 1.49
1.30 1.49
1.30 1.48
1.36 1.52
1.34 1.52
1.30 1.50
1.32 1.50
1.31 1.50
1.34 1.51
1.33 1.50
1.29 1.49
1.31 1.49
1.26 1.50
1.27 1.49
1.24 1.49
1.27 1.48
1.26 1.49
1.23 1.49
1.24 1.49
1.21 1.49
1.27 1.49
1.28 1.49
1.26 1.49
1.27 1.49
1.31 1.48
1.33 1.49
1.36 1.51
1.35 1.51
1.36 1.51
1.37 1.49
1.33 1.49
1.34 1.49
1.34 1.50
1.38 1.52
1.37 1.52
1.35 1.50
1.34 1.50
1.34 1.51
1.37 1.53
1.37 1.51
1.34 1.50
1.31 1.50
1.33 1.49
1.29 1.48
1.31 1.49
1.34 1.49
1.29 1.49
1.28 1.49
1.29 1.50
1.26 1.50
1.32 1.47
1.34 1.48
1.36 1.50
1.36 1.50
1.35 1.49
1.37 1.48
1.36 1.49
1.30 1.51
1.30 1.48
1.34 1.46
1.28 1.47
1.25 1.47
1.31 1.49
1.33 1.49
1.35 1.49
1.35 1.49
1.34 1.50
1.35 1.47
1.34 1.48
1.29 1.49
1.25 1.48
1.22 1.49
1.26 1.49
1.26 1.50
1.32 1.51
1.35 1.51
1.32 1.50
1.32 1.49
1.33 1.50
1.36 1.48
1.38 1.46
1.38 1.48
1.35 1.48
1.31 1.48
1.28 1.47
1.30 1.47
1.30 1.48
1.31 1.47
1.27 1.48
1.30 1.47
1.28 1.46
1.30 1.47
1.24 1.48
1.25 1.47
1.24 1.47
1.26 1.49
1.26 1.48
1.28 1.48
1.32 1.50
1.33 1.50
1.35 1.50
1.37 1.51
1.33 1.50
1.33 1.49
1.29 1.51
1.26 1.50
1.30 1.51
1.32 1.51
1.29 1.51
1.27 1.50
1.27 1.50
1.27 1.51
1.28 1.50
1.24 1.49
1.23 1.50
1.23 1.49
1.26 1.50
1.34 1.53
1.33 1.52
1.32 1.51
1.33 1.50
1.27 1.50
1.29 1.49
1.30 1.50
1.32 1.49
1.34 1.50
1.32 1.49
1.30 1.49
1.30 1.49
1.28 1.50
1.23 1.51
1.27 1.52
1.24 1.50
1.22 1.50
1.26 1.49
1.23 1.49
1.24 1.49
1.26 1.48
1.25 1.48
1.26 1.50
1.28 1.49
1.30 1.49
1.26 1.50
1.28 1.49
1.31 1.49
1.33 1.50
1.31 1.50
1.33 1.50
1.36 1.53
1.38 1.52
1.38 1.50
1.33 1.50
1.33 1.49
1.32 1.48
1.29 1.48
1.27 1.49
1.28 1.48
1.23 1.49
1.25 1.48
1.25 1.48
1.28 1.48
1.30 1.48
1.30 1.47
1.31 1.48
1.26 1.49
1.23 1.49
1.28 1.51
1.27 1.50
1.28 1.50
1.31 1.49
1.31 1.49
1.27 1.48
1.32 1.51
1.33 1.51
1.32 1.50
1.32 1.50
1.28 1.48
1.29 1.49
1.31 1.50
1.29 1.48
1.28 1.47
1.31 1.47
1.31 1.48
1.33 1.49
1.32 1.49
1.33 1.48
1.36 1.48
1.30 1.48
1.31 1.47
1.34 1.48
1.37 1.48
1.31 1.48
1.31 1.48
1.27 1.49
1.26 1.50
1.23 1.50
1.26 1.49
1.26 1.48
1.25 1.48
1.23 1.48
1.25 1.48
1.27 1.48
1.28 1.49
1.29 1.49
1.28 1.48
1.29 1.49
1.29 1.49
1.29 1.48
1.31 1.49
1.33 1.49
1.35 1.48
1.34 1.48
1.37 1.48
1.33 1.48
1.34 1.48
1.37 1.48
1.35 1.49
1.33 1.50
1.33 1.49
1.34 1.49
1.36 1.49
1.30 1.49
1.32 1.49
1.33 1.48
1.33 1.48
1.36 1.49
1.30 1.49
1.31 1.48
1.31 1.48
1.32 1.49
1.32 1.48
1.31 1.49
1.27 1.48
1.28 1.49
1.31 1.50
1.26 1.49
1.28 1.50
1.28 1.49
1.30 1.50
1.25 1.50
1.23 1.50
1.27 1.51
1.28 1.51
1.30 1.50
1.29 1.49
1.30 1.48
1.27 1.49
1.29 1.49
1.30 1.49
1.28 1.50
1.27 1.50
1.28 1.49
1.32 1.50
1.27 1.50
1.25 1.51
1.29 1.50
1.27 1.49
1.29 1.49
1.24 1.50
1.27 1.49
1.30 1.49
1.27 1.49
1.29 1.48
1.26 1.49
1.28 1.49
1.31 1.49
1.26 1.50
1.24 1.50
1.29 1.50
1.33 1.49
1.30 1.49
1.34 1.48
1.29 1.49
1.29 1.47
1.29 1.47
1.32 1.47
1.29 1.48
1.30 1.48
1.26 1.48
1.29 1.49
1.30 1.49
1.31 1.49
1.32 1.48
1.35 1.48
1.38 1.47
1.38 1.47
1.32 1.47
1.32 1.48
1.31 1.48
1.32 1.48
1.29 1.48
1.31 1.47
1.31 1.47
1.35 1.44
1.36 1.45
1.37 1.46
1.36 1.46
1.37 1.46
1.32 1.47
1.32 1.46
1.35 1.47
1.34 1.48
1.28 1.49
1.29 1.48
1.29 1.47
1.28 1.48
1.25 1.47
1.26 1.48
1.27 1.48
1.29 1.49
1.25 1.49
1.28 1.49
1.33 1.52
1.32 1.50
1.35 1.51
1.38 1.50
1.36 1.49
1.36 1.49
1.36 1.48
1.38 1.48
1.38 1.48
1.36 1.49
1.33 1.48
1.35 1.48
1.33 1.48
1.30 1.49
1.30 1.48
1.34 1.45
1.34 1.46
1.31 1.47
1.32 1.47
1.32 1.48
1.34 1.48
1.33 1.47
1.35 1.47
1.33 1.47
1.33 1.47
1.37 1.49
1.38 1.49
1.38 1.49
1.35 1.49
1.34 1.49
1.33 1.50
1.34 1.50
1.32 1.50
1.27 1.50
1.24 1.50
1.27 1.50
1.33 1.52
1.30 1.50
1.28 1.51
1.24 1.50
1.24 1.49
1.29 1.49
1.27 1.49
1.31 1.48
1.32 1.47
1.28 1.47
1.26 1.47
1.29 1.47
1.32 1.47
1.34 1.47
1.34 1.48
1.29 1.48
1.29 1.48
1.32 1.47
1.32 1.48
1.33 1.49
1.27 1.49
1.30 1.49
1.33 1.48
1.36 1.49
1.36 1.48
1.32 1.49
1.34 1.49
1.35 1.50
1.36 1.49
1.35 1.50
1.29 1.51
1.33 1.51
1.36 1.50
1.38 1.51
1.37 1.52
1.31 1.51
1.32 1.51
1.36 1.49
1.35 1.49
1.35 1.49
1.31 1.49
1.31 1.48
1.27 1.48
1.32 1.48
1.27 1.48
1.30 1.48
1.27 1.47
1.30 1.46
1.30 1.47
1.27 1.48
1.28 1.49
1.32 1.48
1.34 1.47
1.34 1.49
1.36 1.49
1.37 1.49
1.33 1.48
1.34 1.47
1.35 1.47
1.34 1.46
1.31 1.46
1.33 1.46
1.30 1.47
1.32 1.47
1.37 1.49
1.34 1.47
1.31 1.47
1.31 1.48
1.32 1.47
1.32 1.47
1.32 1.47
1.34 1.48
1.30 1.48
1.29 1.49
1.35 1.51
1.35 1.52
1.38 1.51
1.33 1.51
1.32 1.51
1.32 1.50
1.32 1.48
1.27 1.48
1.30 1.48
1.28 1.48
1.28 1.47
1.30 1.46
1.31 1.47
1.28 1.48
1.33 1.49
1.36 1.48
1.34 1.48
1.34 1.49
1.32 1.48
1.30 1.47
1.29 1.45
1.29 1.46
1.28 1.46
1.26 1.48
1.23 1.48
1.17 1.49
1.20 1.49
1.20 1.49
1.24 1.48
1.28 1.48
1.30 1.48
1.30 1.48
1.32 1.48
1.29 1.49
1.28 1.48
1.26 1.47
1.30 1.49
1.29 1.49
1.32 1.49
1.29 1.49
1.30 1.50
1.27 1.50
1.30 1.50
1.26 1.50
1.25 1.50
1.24 1.50
1.25 1.49
1.30 1.49
1.31 1.48
1.28 1.48
1.26 1.49
1.27 1.50
1.26 1.49
1.26 1.46
1.30 1.47
1.37 1.50
1.32 1.50
1.34 1.49
1.32 1.48
1.34 1.48
1.33 1.48
1.32 1.49
1.30 1.49
1.33 1.49
1.34 1.49
1.34 1.49
1.32 1.49
1.31 1.49
1.33 1.49
1.31 1.47
1.31 1.47
1.31 1.47
1.31 1.47
1.32 1.47
1.34 1.48
1.33 1.48
1.34 1.47
1.35 1.47
1.35 1.47
1.34 1.48
1.34 1.49
1.31 1.48
1.34 1.46
1.30 1.47
1.32 1.47
1.31 1.48
1.32 1.46
1.28 1.47
1.31 1.47
1.30 1.47
1.28 1.48
1.29 1.48
1.31 1.49
1.29 1.48
1.32 1.48
1.32 1.49
1.32 1.48
1.29 1.48
1.32 1.47
1.33 1.47
1.35 1.47
1.32 1.47
1.34 1.47
1.31 1.47
1.28 1.47
1.29 1.46
1.25 1.47
1.28 1.47
1.26 1.46
1.26 1.46
1.24 1.47
1.26 1.47
1.29 1.48
1.27 1.47
1.24 1.47
1.28 1.47
1.29 1.48
1.35 1.49
1.32 1.50
1.33 1.50
1.30 1.50
1.33 1.50
