2.15 1.52
2.17 1.52
2.17 1.52
2.15 1.52
2.26 1.53
2.25 1.52
2.19 1.53
2.18 1.53
2.20 1.52
2.20 1.52
2.17 1.52
2.18 1.53
2.17 1.52
2.17 1.51
2.17 1.52
2.15 1.52
2.15 1.52
2.14 1.52
2.16 1.51
2.18 1.51
2.18 1.52
2.19 1.51
2.18 1.51
2.17 1.52
2.19 1.51
2.18 1.51
2.17 1.51
2.17 1.51
2.17 1.50
2.15 1.50
2.16 1.49
2.17 1.49
2.16 1.49
2.16 1.49
2.17 1.48
2.16 1.48
2.12 1.50
2.12 1.50
2.12 1.50
2.14 1.50
2.11 1.50
2.12 1.50
2.13 1.50
2.15 1.49
2.13 1.49
2.12 1.50
2.12 1.50
2.12 1.50
2.12 1.50
2.11 1.51
2.15 1.50
2.16 1.49
2.17 1.49
2.14 1.49
2.14 1.49
2.13 1.49
2.13 1.49
2.13 1.49
2.13 1.49
2.13 1.49
2.13 1.50
2.13 1.50
2.14 1.50
2.16 1.49
2.17 1.50
2.18 1.50
2.18 1.49
2.15 1.51
2.15 1.50
2.14 1.51
2.15 1.50
2.15 1.49
2.14 1.51
2.17 1.50
2.18 1.50
2.18 1.50
2.19 1.49
2.18 1.50
2.17 1.50
2.14 1.51
2.15 1.50
2.17 1.50
2.17 1.50
2.16 1.50
2.14 1.51
2.15 1.50
2.16 1.50
2.15 1.50
2.18 1.49
2.15 1.49
2.15 1.50
2.14 1.50
2.13 1.51
2.13 1.50
2.12 1.50
2.10 1.51
2.12 1.50
2.13 1.50
2.14 1.49
2.14 1.49
2.13 1.49
2.12 1.50
2.11 1.50
2.13 1.49
2.13 1.50
2.15 1.50
2.15 1.50
2.11 1.51
2.12 1.50
2.14 1.50
2.16 1.50
2.14 1.50
2.12 1.51
2.13 1.51
2.14 1.51
2.15 1.51
2.14 1.51
2.16 1.51
nan nan
2.15 1.52
2.14 1.51
2.14 1.50
2.15 1.51
2.15 1.51
2.16 1.51
2.17 1.50
2.16 1.50
2.15 1.50
2.15 1.50
2.14 1.50
2.12 1.50
2.13 1.49
2.12 1.50
2.14 1.50
2.11 1.50
2.12 1.49
2.13 1.50
2.13 1.50
2.13 1.50
2.15 1.50
2.16 1.50
2.16 1.50
2.18 1.50
2.19 1.49
2.22 1.49
2.20 1.49
2.18 1.49
2.17 1.50
2.16 1.50
2.16 1.50
2.16 1.49
2.15 1.49
2.15 1.50
2.16 1.50
2.16 1.50
2.17 1.50
2.18 1.49
2.17 1.51
2.19 1.51
2.18 1.51
2.18 1.51
2.20 1.50
2.18 1.50
2.18 1.51
2.21 1.51
2.20 1.52
nan nan
2.24 1.50
2.21 1.51
2.21 1.51
2.24 1.50
2.23 1.50
2.21 1.51
2.18 1.50
2.17 1.51
2.20 1.51
2.19 1.51
2.20 1.51
2.22 1.51
2.17 1.51
2.15 1.51
2.15 1.50
2.15 1.51
2.17 1.50
2.18 1.50
2.16 1.51
2.16 1.51
2.16 1.51
2.15 1.51
2.16 1.51
2.19 1.50
2.17 1.50
2.20 1.50
2.19 1.50
2.18 1.51
2.17 1.51
2.19 1.51
2.18 1.51
2.17 1.53
2.18 1.52
2.18 1.51
2.15 1.52
2.15 1.51
2.16 1.51
2.16 1.52
2.16 1.52
2.18 1.51
2.18 1.52
2.17 1.51
2.17 1.51
2.18 1.51
2.17 1.51
2.15 1.51
2.18 1.51
2.18 1.51
2.19 1.52
2.19 1.52
2.20 1.51
2.19 1.52
2.19 1.51
2.21 1.51
2.20 1.50
2.19 1.50
2.18 1.50
2.17 1.51
2.14 1.51
2.15 1.50
2.14 1.51
2.19 1.51
2.18 1.51
2.17 1.51
2.16 1.51
2.18 1.51
2.18 1.50
2.16 1.51
2.15 1.50
2.17 1.50
2.16 1.50
2.16 1.52
2.17 1.51
2.18 1.51
2.16 1.50
2.17 1.50
2.17 1.51
2.16 1.52
2.14 1.52
2.15 1.51
2.17 1.52
2.17 1.52
2.19 1.51
2.20 1.51
2.19 1.52
2.19 1.52
2.21 1.51
2.18 1.52
2.19 1.51
2.17 1.51
2.19 1.51
2.19 1.51
2.18 1.51
2.19 1.51
2.20 1.51
2.19 1.50
2.20 1.50
2.19 1.50
2.20 1.51
2.20 1.51
2.22 1.51
2.19 1.51
2.18 1.51
2.18 1.51
2.18 1.51
2.16 1.52
2.17 1.52
2.20 1.51
2.18 1.51
2.17 1.51
2.18 1.51
2.17 1.51
2.18 1.51
2.13 1.52
2.16 1.51
2.15 1.50
2.16 1.51
2.16 1.50
2.17 1.50
2.15 1.50
2.17 1.50
2.17 1.50
2.15 1.51
2.13 1.51
2.16 1.50
2.16 1.52
2.16 1.52
2.16 1.51
2.16 1.50
2.16 1.51
2.19 1.50
2.18 1.51
2.15 1.51
2.15 1.52
2.17 1.51
2.17 1.51
nan nan
2.12 1.51
2.14 1.50
2.14 1.50
2.15 1.50
2.19 1.49
2.19 1.49
2.17 1.50
2.18 1.50
2.19 1.50
2.18 1.50
2.16 1.51
2.14 1.52
2.19 1.51
2.16 1.51
2.17 1.51
2.15 1.51
2.15 1.52
2.16 1.51
2.19 1.51
2.18 1.51
2.18 1.51
2.17 1.51
2.17 1.51
2.18 1.51
2.17 1.51
2.16 1.51
2.16 1.52
2.18 1.51
2.19 1.50
2.18 1.51
2.17 1.51
2.16 1.51
2.20 1.50
2.18 1.51
2.18 1.51
2.15 1.51
2.16 1.52
2.15 1.52
2.15 1.52
2.15 1.52
2.16 1.52
2.15 1.51
2.15 1.51
2.15 1.51
2.16 1.51
2.18 1.51
2.19 1.50
2.19 1.51
2.17 1.50
2.16 1.51
2.15 1.52
2.16 1.52
2.16 1.51
2.14 1.52
2.17 1.51
2.21 1.50
2.20 1.50
2.17 1.50
2.15 1.50
2.18 1.50
2.16 1.50
2.14 1.51
2.13 1.52
2.18 1.51
2.18 1.51
2.15 1.51
2.14 1.52
2.16 1.51
2.20 1.50
2.17 1.51
2.18 1.51
2.16 1.52
2.17 1.52
2.18 1.51
2.19 1.51
2.16 1.51
2.20 1.51
2.19 1.51
2.18 1.51
2.20 1.51
2.22 1.50
2.20 1.50
2.21 1.50
2.19 1.50
2.16 1.51
2.16 1.51
2.14 1.52
2.14 1.52
2.16 1.51
2.16 1.50
2.16 1.50
2.18 1.50
2.19 1.50
2.17 1.50
2.18 1.50
2.17 1.50
2.16 1.51
2.17 1.50
2.18 1.50
2.19 1.49
2.19 1.50
2.21 1.49
2.22 1.50
2.21 1.50
2.19 1.51
2.16 1.51
2.14 1.51
2.15 1.50
2.15 1.50
2.15 1.51
2.13 1.51
2.14 1.52
2.13 1.52
2.15 1.52
2.15 1.51
2.16 1.51
2.17 1.50
2.20 1.50
2.17 1.51
2.17 1.50
2.16 1.51
2.16 1.51
2.19 1.51
2.18 1.51
2.18 1.51
2.17 1.52
2.17 1.51
2.18 1.51
2.17 1.52
2.18 1.52
2.19 1.51
2.18 1.51
2.19 1.51
2.16 1.51
2.15 1.51
2.17 1.50
2.17 1.51
2.18 1.50
2.19 1.50
2.17 1.50
2.18 1.50
2.17 1.51
2.19 1.51
2.18 1.51
2.18 1.52
2.16 1.52
2.15 1.51
2.14 1.52
2.15 1.52
2.17 1.51
2.19 1.50
2.19 1.50
2.21 1.50
2.21 1.50
2.19 1.50
2.17 1.50
2.18 1.50
2.18 1.51
2.17 1.51
2.16 1.51
2.16 1.52
2.15 1.52
2.15 1.52
2.17 1.51
2.19 1.50
2.18 1.50
2.17 1.50
2.15 1.50
2.16 1.50
2.15 1.51
2.15 1.51
2.16 1.51
2.17 1.51
2.16 1.52
2.18 1.51
2.18 1.50
2.19 1.49
2.17 1.51
2.15 1.51
2.17 1.50
2.18 1.50
2.19 1.49
2.17 1.50
2.15 1.51
2.16 1.51
2.18 1.51
2.18 1.51
2.19 1.50
2.18 1.51
2.16 1.52
2.14 1.52
2.14 1.52
2.13 1.52
2.14 1.51
2.15 1.51
2.17 1.50
2.18 1.50
2.19 1.49
2.16 1.50
2.15 1.50
2.14 1.51
2.13 1.51
2.15 1.51
2.17 1.51
2.17 1.51
2.19 1.52
2.19 1.52
2.18 1.52
2.17 1.52
2.18 1.51
2.17 1.51
2.16 1.51
2.18 1.51
2.18 1.50
2.19 1.50
2.19 1.49
2.19 1.49
2.18 1.49
2.17 1.49
2.16 1.50
2.14 1.51
2.14 1.52
2.14 1.51
2.16 1.51
2.15 1.51
2.16 1.51
2.18 1.50
2.16 1.50
2.17 1.51
2.19 1.51
2.20 1.51
2.20 1.50
2.19 1.49
2.17 1.50
2.17 1.51
2.15 1.50
2.15 1.51
2.15 1.51
2.17 1.50
2.20 1.50
2.21 1.51
2.21 1.50
2.22 1.50
2.21 1.50
2.20 1.50
2.17 1.51
2.15 1.51
2.15 1.51
2.16 1.51
2.17 1.51
2.14 1.52
2.15 1.52
2.13 1.52
2.13 1.51
2.14 1.51
2.15 1.51
2.16 1.52
2.18 1.51
2.19 1.51
2.18 1.52
2.18 1.52
2.19 1.51
2.17 1.51
2.16 1.51
2.17 1.51
2.18 1.51
2.18 1.50
2.18 1.50
2.17 1.49
2.15 1.50
2.15 1.50
1.98 1.59
1.99 1.57
2.02 1.56
2.10 1.55
2.11 1.54
2.10 1.55
2.11 1.54
2.13 1.54
2.17 1.53
2.17 1.51
2.17 1.52
2.18 1.51
2.19 1.51
2.18 1.52
2.17 1.51
2.17 1.50
2.17 1.51
2.17 1.51
2.20 1.50
2.22 1.51
2.23 1.50
2.23 1.51
2.21 1.51
2.20 1.52
2.21 1.52
2.19 1.52
2.18 1.53
2.19 1.52
2.20 1.51
2.20 1.50
2.20 1.51
2.21 1.50
2.19 1.51
2.19 1.51
2.20 1.52
2.21 1.52
2.19 1.52
2.17 1.54
2.19 1.54
2.18 1.53
2.18 1.54
2.16 1.54
2.16 1.54
2.16 1.54
2.18 1.53
2.15 1.54
2.16 1.53
2.16 1.53
2.16 1.52
2.16 1.52
2.15 1.52
2.13 1.52
2.12 1.53
2.14 1.53
2.14 1.53
2.14 1.53
2.15 1.54
2.17 1.54
2.19 1.53
2.16 1.53
2.18 1.53
2.18 1.54
2.17 1.53
2.17 1.52
2.16 1.53
2.17 1.53
2.18 1.53
2.18 1.52
2.18 1.52
2.18 1.52
2.18 1.51
2.16 1.52
2.16 1.52
2.16 1.52
2.18 1.52
2.15 1.53
2.17 1.52
2.20 1.53
2.18 1.53
2.18 1.53
2.17 1.53
2.15 1.54
2.17 1.52
2.18 1.51
2.19 1.51
2.19 1.51
2.19 1.51
2.18 1.52
2.19 1.52
2.14 1.53
2.12 1.53
2.13 1.53
2.14 1.53
2.14 1.53
2.16 1.52
2.16 1.52
2.17 1.52
2.17 1.52
2.18 1.52
2.20 1.51
2.19 1.51
2.17 1.51
2.17 1.52
2.15 1.53
2.14 1.52
2.12 1.53
2.14 1.52
2.17 1.52
2.17 1.52
2.17 1.52
2.18 1.52
2.19 1.52
2.19 1.51
2.19 1.52
2.18 1.51
2.21 1.50
2.25 1.51
2.23 1.52
2.21 1.53
2.19 1.54
2.17 1.54
2.19 1.53
2.19 1.53
2.19 1.52
2.20 1.52
2.19 1.52
2.19 1.52
2.18 1.51
2.16 1.51
2.13 1.52
2.13 1.52
2.15 1.52
2.16 1.52
2.14 1.51
2.14 1.52
2.14 1.51
2.15 1.52
2.16 1.52
2.17 1.52
2.20 1.52
2.21 1.51
2.21 1.51
2.21 1.51
2.19 1.51
2.19 1.52
2.19 1.52
2.17 1.52
2.16 1.53
2.16 1.53
2.16 1.52
2.17 1.52
2.18 1.52
2.21 1.51
2.21 1.51
2.19 1.52
2.18 1.52
2.16 1.53
2.15 1.53
2.16 1.52
2.16 1.53
2.16 1.52
2.15 1.52
2.15 1.52
2.15 1.51
2.15 1.52
2.16 1.52
2.17 1.53
nan nan
2.11 1.52
2.12 1.53
2.13 1.52
2.13 1.53
2.15 1.52
2.15 1.52
2.18 1.51
2.19 1.52
2.21 1.52
2.20 1.51
2.19 1.51
2.21 1.52
2.21 1.51
2.21 1.52
2.19 1.51
2.18 1.52
2.17 1.51
2.17 1.52
2.17 1.52
2.19 1.52
2.19 1.52
2.19 1.52
2.18 1.53
2.20 1.52
2.18 1.53
2.20 1.53
2.16 1.53
2.16 1.54
2.17 1.53
2.15 1.53
2.18 1.52
2.19 1.51
2.18 1.52
2.17 1.52
2.18 1.51
2.18 1.51
2.20 1.51
2.21 1.51
2.21 1.51
2.18 1.52
2.16 1.52
2.16 1.53
2.14 1.53
2.15 1.53
2.17 1.52
2.18 1.52
2.18 1.52
2.18 1.53
2.19 1.54
2.19 1.53
2.18 1.53
2.14 1.53
2.16 1.54
2.16 1.54
2.19 1.54
2.20 1.53
2.18 1.54
2.15 1.54
2.14 1.54
2.14 1.52
2.15 1.52
2.14 1.52
2.15 1.53
2.14 1.53
2.14 1.53
2.14 1.52
2.15 1.51
2.16 1.52
2.16 1.52
2.17 1.52
2.19 1.51
2.16 1.52
2.17 1.53
2.18 1.53
2.20 1.51
2.19 1.51
2.18 1.51
2.17 1.51
2.17 1.52
2.18 1.52
2.22 1.52
2.20 1.52
2.19 1.52
2.16 1.51
2.17 1.51
2.19 1.50
2.18 1.52
2.14 1.53
2.12 1.53
2.15 1.52
2.18 1.51
2.18 1.50
2.17 1.52
2.22 1.52
2.23 1.52
2.23 1.53
2.22 1.52
2.20 1.52
2.21 1.52
2.21 1.51
2.22 1.51
2.22 1.50
2.20 1.50
2.16 1.51
2.17 1.50
2.18 1.50
2.19 1.51
2.19 1.51
2.22 1.51
2.20 1.52
2.19 1.52
2.19 1.52
2.19 1.52
2.18 1.52
2.19 1.52
2.19 1.52
2.17 1.52
2.17 1.51
nan nan
2.13 1.51
2.16 1.51
2.16 1.51
2.17 1.51
2.19 1.51
2.18 1.52
2.17 1.52
2.16 1.52
2.17 1.52
2.18 1.52
2.18 1.50
2.19 1.50
2.18 1.51
2.18 1.51
2.18 1.52
2.17 1.52
2.18 1.51
2.19 1.51
2.16 1.51
2.14 1.52
2.15 1.53
2.15 1.53
2.16 1.51
2.18 1.52
2.18 1.51
2.19 1.50
2.18 1.50
2.16 1.51
2.17 1.52
2.17 1.51
2.17 1.51
2.16 1.50
2.15 1.51
2.14 1.52
2.15 1.53
2.15 1.53
2.15 1.53
2.15 1.54
2.14 1.53
2.16 1.53
2.15 1.53
2.15 1.53
2.13 1.53
2.13 1.54
2.14 1.53
2.15 1.53
2.15 1.53
2.15 1.53
2.16 1.52
2.16 1.52
2.17 1.51
2.17 1.52
2.16 1.52
2.17 1.52
2.16 1.52
2.17 1.53
2.16 1.54
2.18 1.54
2.18 1.54
2.19 1.53
2.19 1.52
2.20 1.51
2.21 1.51
2.19 1.52
2.18 1.53
2.18 1.53
2.17 1.53
2.16 1.54
2.16 1.53
2.17 1.52
2.19 1.52
2.20 1.52
2.19 1.51
2.19 1.51
2.17 1.51
2.19 1.51
2.20 1.52
2.20 1.51
2.19 1.52
2.18 1.53
2.19 1.52
2.19 1.53
2.18 1.53
2.18 1.54
2.18 1.53
2.18 1.54
2.19 1.54
2.19 1.54
2.19 1.52
2.18 1.52
2.19 1.51
2.21 1.50
2.19 1.51
2.19 1.51
2.18 1.52
2.18 1.53
2.19 1.54
2.18 1.53
2.18 1.53
2.18 1.52
2.18 1.52
2.18 1.51
2.19 1.51
2.18 1.52
2.15 1.53
2.15 1.53
2.14 1.53
2.15 1.53
2.18 1.52
2.20 1.53
2.22 1.52
2.22 1.52
2.19 1.53
2.16 1.53
2.17 1.53
2.17 1.53
2.18 1.53
2.19 1.52
2.17 1.53
2.15 1.54
nan nan
2.17 1.54
2.18 1.55
2.19 1.53
2.20 1.53
2.22 1.52
2.22 1.51
2.20 1.52
2.18 1.52
2.19 1.52
2.18 1.52
2.19 1.52
2.18 1.53
2.17 1.53
2.17 1.53
2.18 1.53
2.17 1.53
2.15 1.53
2.13 1.54
2.14 1.53
2.16 1.53
2.17 1.53
2.18 1.52
2.19 1.53
2.18 1.52
2.17 1.52
2.16 1.52
2.16 1.52
2.18 1.52
2.18 1.51
2.18 1.51
2.16 1.51
2.18 1.51
2.17 1.52
2.16 1.52
2.16 1.52
2.15 1.52
2.15 1.52
2.16 1.51
2.18 1.52
2.15 1.53
2.15 1.54
2.17 1.53
2.16 1.53
2.17 1.53
2.16 1.54
2.14 1.54
2.15 1.53
2.17 1.53
2.18 1.53
2.17 1.52
2.17 1.52
2.18 1.52
2.17 1.53
2.16 1.53
2.17 1.52
2.16 1.53
2.18 1.51
2.16 1.51
2.17 1.53
2.17 1.53
2.19 1.53
2.19 1.53
2.17 1.53
2.18 1.54
2.17 1.53
2.21 1.52
2.20 1.53
2.19 1.54
2.19 1.53
