0.26 0.52 0.87
0.26 0.51 0.86
0.26 0.52 0.85
0.25 0.51 0.85
0.26 0.51 0.86
0.26 0.52 0.88
0.27 0.52 0.89
0.25 0.52 0.89
0.26 0.52 0.88
0.25 0.52 0.86
0.24 0.52 0.86
0.24 0.51 0.86
0.24 0.51 0.85
0.25 0.51 0.84
0.26 0.5 0.85
0.27 0.51 0.85
0.28 0.5 0.85
0.28 0.51 0.86
0.28 0.51 0.87
0.29 0.52 0.86
0.25 0.51 0.85
0.25 0.52 0.85
0.24 0.52 0.85
0.24 0.5 0.86
0.25 0.5 0.87
0.26 0.5 0.87
0.26 0.5 0.87
0.25 0.5 0.86
0.25 0.51 0.87
0.24 0.52 0.86
0.24 0.51 0.86
0.23 0.51 0.86
0.25 0.51 0.86
0.25 0.52 0.86
0.24 0.5 0.86
0.24 0.51 0.87
0.23 0.51 0.85
0.26 0.51 0.85
0.27 0.5 0.83
0.25 0.5 0.84
0.25 0.51 0.84
0.26 0.52 0.86
0.27 0.52 0.85
0.25 0.52 0.85
0.26 0.52 0.85
0.26 0.51 0.86
0.25 0.5 0.86
0.24 0.5 0.85
0.25 0.51 0.86
0.26 0.51 0.85
0.27 0.49 0.84
0.28 0.5 0.84
0.29 0.5 0.84
0.28 0.5 0.86
0.26 0.51 0.85
0.26 0.52 0.85
0.25 0.52 0.86
0.26 0.53 0.84
0.26 0.52 0.85
0.26 0.52 0.85
0.24 0.52 0.85
0.24 0.52 0.85
0.24 0.52 0.84
0.22 0.51 0.84
0.21 0.52 0.85
0.21 0.52 0.86
0.21 0.51 0.87
0.22 0.51 0.86
0.22 0.51 0.85
0.21 0.52 0.84
0.22 0.52 0.83
0.24 0.52 0.84
0.25 0.52 0.85
0.25 0.53 0.84
0.24 0.52 0.85
0.23 0.52 0.84
0.23 0.52 0.84
0.23 0.51 0.85
0.24 0.51 0.85
0.24 0.51 0.85
0.24 0.52 0.84
0.24 0.52 0.84
0.24 0.52 0.84
0.23 0.51 0.86
0.22 0.51 0.85
0.21 0.51 0.83
0.23 0.52 0.83
0.23 0.5 0.84
0.23 0.5 0.85
0.23 0.5 0.85
0.25 0.51 0.85
0.25 0.5 0.86
0.24 0.5 0.87
0.23 0.5 0.86
0.26 0.51 0.88
0.26 0.52 0.87
0.25 0.51 0.86
0.25 0.51 0.87
0.23 0.52 0.86
0.24 0.52 0.85
0.26 0.51 0.84
0.25 0.5 0.83
0.25 0.5 0.83
0.26 0.5 0.83
0.27 0.49 0.84
0.25 0.49 0.84
0.24 0.5 0.83
0.23 0.5 0.83
0.25 0.52 0.85
0.24 0.51 0.84
0.23 0.51 0.85
0.23 0.52 0.85
0.25 0.51 0.85
0.23 0.5 0.84
0.23 0.51 0.84
0.24 0.51 0.84
0.24 0.51 0.83
0.24 0.51 0.84
0.23 0.51 0.85
0.23 0.51 0.85
0.23 0.51 0.84
0.23 0.51 0.85
0.23 0.51 0.85
0.24 0.51 0.85
0.23 0.51 0.84
0.23 0.51 0.84
0.24 0.51 0.84
0.24 0.5 0.85
0.24 0.52 0.85
0.26 0.51 0.87
0.25 0.51 0.87
0.24 0.51 0.86
0.25 0.51 0.85
0.26 0.52 0.85
0.26 0.51 0.84
0.25 0.51 0.83
0.25 0.52 0.84
0.24 0.52 0.84
0.24 0.52 0.85
0.23 0.53 0.85
0.22 0.53 0.85
0.25 0.5 0.85
0.25 0.51 0.86
0.24 0.51 0.85
0.23 0.52 0.85
0.22 0.51 0.86
0.22 0.5 0.87
0.22 0.5 0.86
0.23 0.5 0.86
0.23 0.5 0.88
0.23 0.5 0.87
0.23 0.5 0.86
0.22 0.5 0.86
0.17 0.59 0.86
0.18 0.57 0.86
0.19 0.55 0.85
0.23 0.54 0.83
0.22 0.52 0.83
0.22 0.52 0.83
0.22 0.51 0.83
0.23 0.51 0.84
0.24 0.51 0.84
0.25 0.51 0.83
0.25 0.51 0.84
0.25 0.52 0.83
0.24 0.51 0.83
0.24 0.51 0.85
0.23 0.51 0.84
0.23 0.51 0.83
0.23 0.5 0.83
0.23 0.5 0.82
0.24 0.51 0.83
0.24 0.51 0.84
0.24 0.51 0.84
0.23 0.52 0.84
0.23 0.53 0.83
0.24 0.52 0.84
0.23 0.52 0.85
0.24 0.53 0.86
0.23 0.52 0.85
0.23 0.52 0.85
0.23 0.52 0.85
0.25 0.52 0.84
0.27 0.51 0.83
0.26 0.51 0.84
0.25 0.51 0.83
0.25 0.52 0.84
0.23 0.51 0.85
0.23 0.51 0.85
0.25 0.52 0.84
0.28 0.51 0.83
0.25 0.5 0.84
0.24 0.5 0.83
0.25 0.5 0.84
0.26 0.51 0.85
0.25 0.51 0.84
0.24 0.51 0.84
0.24 0.51 0.85
0.24 0.51 0.86
0.26 0.51 0.86
0.24 0.51 0.85
0.24 0.51 0.85
0.23 0.51 0.84
0.24 0.51 0.85
0.25 0.51 0.85
0.25 0.51 0.86
0.26 0.51 0.87
0.25 0.51 0.86
0.25 0.51 0.85
0.26 0.51 0.85
0.26 0.5 0.84
0.28 0.5 0.83
0.28 0.51 0.83
0.28 0.51 0.84
0.27 0.5 0.84
0.26 0.5 0.84
0.25 0.51 0.84
0.26 0.52 0.84
0.25 0.52 0.84
0.24 0.51 0.85
0.23 0.51 0.86
0.23 0.51 0.87
0.24 0.51 0.86
0.24 0.52 0.86
0.22 0.52 0.84
0.22 0.52 0.85
0.26 0.52 0.83
0.27 0.51 0.84
0.26 0.51 0.84
0.23 0.51 0.84
0.23 0.51 0.84
0.23 0.52 0.84
0.23 0.52 0.85
0.23 0.51 0.85
0.24 0.52 0.84
0.24 0.53 0.85
0.24 0.52 0.84
0.23 0.51 0.85
0.23 0.51 0.86
0.22 0.52 0.85
0.21 0.51 0.84
0.22 0.51 0.84
0.22 0.5 0.85
0.22 0.5 0.84
0.23 0.5 0.84
0.23 0.5 0.85
0.23 0.5 0.84
0.25 0.5 0.84
0.25 0.51 0.85
0.24 0.51 0.85
0.26 0.51 0.86
0.26 0.52 0.84
0.27 0.52 0.83
0.28 0.52 0.84
0.28 0.52 0.84
0.26 0.52 0.82
0.25 0.51 0.83
0.22 0.51 0.83
0.23 0.51 0.84
0.24 0.5 0.84
0.25 0.49 0.84
0.24 0.5 0.83
0.23 0.5 0.85
0.22 0.5 0.85
0.23 0.51 0.84
0.25 0.51 0.85
0.25 0.51 0.84
0.25 0.51 0.84
0.25 0.51 0.85
0.26 0.51 0.84
0.26 0.52 0.85
0.26 0.52 0.83
0.25 0.52 0.84
0.25 0.52 0.84
0.24 0.51 0.86
0.23 0.5 0.88
0.23 0.5 0.87
0.24 0.52 0.9
0.22 0.51 0.89
0.23 0.51 0.89
0.24 0.51 0.87
0.23 0.51 0.87
0.25 0.51 0.87
0.24 0.51 0.86
0.24 0.52 0.85
0.23 0.52 0.85
0.22 0.52 0.84
0.22 0.52 0.84
0.24 0.52 0.84
0.23 0.52 0.86
0.22 0.52 0.85
0.22 0.52 0.86
0.23 0.52 0.88
0.24 0.52 0.89
0.23 0.51 0.88
0.25 0.51 0.88
0.26 0.52 0.87
0.27 0.53 0.88
0.28 0.53 0.89
0.26 0.53 0.9
0.28 0.54 0.91
0.27 0.53 0.9
0.28 0.52 0.88
0.25 0.51 0.87
0.26 0.51 0.85
0.29 0.5 0.83
0.27 0.5 0.85
0.26 0.5 0.85
0.25 0.51 0.85
0.27 0.5 0.85
0.25 0.51 0.86
0.24 0.51 0.86
0.24 0.52 0.85
0.23 0.52 0.87
0.23 0.52 0.87
0.23 0.52 0.87
0.22 0.52 0.86
0.24 0.52 0.87
0.23 0.52 0.87
0.24 0.52 0.87
0.23 0.52 0.86
0.24 0.53 0.87
0.25 0.53 0.88
0.25 0.52 0.89
0.23 0.53 0.88
0.23 0.53 0.88
0.23 0.53 0.87
0.23 0.52 0.86
0.24 0.51 0.85
0.24 0.52 0.85
0.28 0.52 0.9
0.27 0.51 0.89
0.26 0.51 0.89
0.28 0.51 0.87
0.27 0.52 0.86
0.26 0.52 0.86
0.25 0.52 0.86
0.24 0.52 0.86
0.26 0.52 0.85
0.26 0.51 0.85
0.24 0.5 0.85
0.24 0.51 0.86
0.25 0.52 0.85
0.27 0.51 0.84
0.27 0.51 0.85
0.26 0.51 0.84
0.28 0.51 0.83
0.26 0.5 0.83
0.26 0.51 0.84
0.25 0.52 0.86
0.25 0.53 0.87
0.26 0.52 0.86
0.27 0.54 0.87
0.27 0.54 0.87
0.26 0.53 0.87
0.25 0.53 0.86
0.24 0.53 0.86
0.25 0.53 0.86
0.25 0.52 0.86
0.26 0.53 0.87
0.25 0.52 0.87
0.26 0.52 0.86
0.25 0.52 0.86
0.24 0.52 0.84
0.25 0.52 0.84
0.24 0.52 0.84
0.23 0.52 0.83
0.23 0.51 0.84
0.25 0.51 0.85
0.26 0.52 0.85
0.27 0.52 0.85
0.27 0.53 0.86
0.26 0.52 0.86
0.26 0.53 0.87
0.25 0.51 0.88
0.24 0.51 0.88
0.24 0.52 0.86
0.24 0.52 0.88
0.24 0.52 0.87
0.25 0.53 0.88
0.27 0.53 0.9
0.27 0.53 0.89
0.27 0.53 0.89
0.26 0.53 0.88
0.25 0.53 0.88
0.26 0.52 0.86
0.25 0.52 0.87
0.25 0.52 0.87
0.26 0.52 0.87
0.25 0.52 0.87
0.24 0.52 0.86
0.27 0.52 0.85
0.28 0.53 0.88
0.28 0.53 0.87
0.26 0.52 0.87
0.29 0.52 0.85
0.28 0.51 0.86
0.28 0.51 0.85
0.29 0.52 0.88
0.29 0.52 0.88
0.28 0.52 0.88
0.28 0.52 0.87
0.27 0.52 0.89
0.27 0.52 0.88
0.26 0.52 0.87
0.27 0.53 0.87
0.25 0.52 0.85
0.26 0.52 0.85
0.26 0.52 0.86
0.25 0.52 0.86
0.28 0.53 0.88
0.26 0.52 0.89
0.27 0.53 0.89
0.28 0.51 0.87
0.25 0.5 0.87
0.27 0.5 0.85
0.26 0.51 0.84
0.27 0.52 0.87
0.26 0.53 0.87
0.25 0.53 0.85
0.26 0.53 0.85
0.26 0.53 0.84
0.27 0.54 0.85
0.27 0.54 0.85
0.27 0.53 0.85
0.27 0.54 0.88
0.26 0.53 0.87
0.27 0.54 0.87
0.26 0.54 0.87
0.27 0.54 0.86
0.28 0.52 0.85
0.31 0.52 0.85
0.29 0.52 0.85
0.26 0.51 0.86
0.26 0.52 0.87
0.24 0.51 0.86
0.26 0.52 0.86
0.27 0.52 0.85
0.26 0.52 0.85
0.25 0.53 0.85
0.25 0.52 0.87
0.26 0.52 0.87
0.27 0.52 0.88
0.27 0.53 0.87
0.28 0.53 0.87
0.27 0.53 0.86
0.26 0.53 0.85
0.27 0.53 0.87
0.27 0.53 0.86
0.27 0.54 0.86
0.26 0.53 0.86
0.27 0.53 0.84
0.27 0.52 0.84
0.27 0.52 0.84
0.26 0.52 0.85
0.28 0.53 0.9
0.26 0.52 0.89
0.26 0.51 0.9
0.27 0.51 0.89
0.26 0.51 0.88
0.26 0.52 0.88
0.28 0.51 0.86
0.26 0.52 0.86
0.25 0.51 0.88
0.25 0.5 0.87
0.24 0.51 0.86
0.24 0.52 0.85
0.25 0.53 0.88
0.25 0.51 0.88
0.25 0.51 0.87
0.24 0.52 0.87
0.25 0.52 0.86
0.27 0.52 0.86
0.26 0.52 0.86
0.24 0.52 0.87
0.25 0.52 0.87
0.24 0.53 0.86
0.24 0.51 0.87
0.26 0.52 0.88
0.26 0.53 0.87
0.25 0.53 0.87
0.27 0.53 0.85
0.27 0.53 0.85
0.27 0.52 0.85
0.25 0.52 0.87
0.24 0.52 0.86
0.24 0.52 0.87
0.26 0.52 0.86
0.25 0.52 0.87
0.23 0.52 0.87
0.22 0.52 0.86
0.22 0.52 0.85
0.24 0.52 0.85
0.24 0.52 0.86
0.25 0.52 0.86
0.24 0.52 0.85
0.24 0.52 0.85
0.23 0.52 0.85
0.23 0.52 0.85
0.23 0.52 0.85
0.22 0.51 0.87
0.22 0.5 0.85
0.25 0.51 0.89
0.27 0.51 0.86
0.27 0.51 0.86
0.26 0.51 0.86
0.26 0.51 0.84
0.27 0.52 0.85
0.26 0.52 0.87
0.26 0.53 0.86
0.25 0.52 0.86
0.25 0.51 0.86
0.24 0.51 0.86
0.25 0.52 0.86
0.25 0.51 0.87
0.23 0.51 0.85
0.25 0.51 0.85
0.25 0.51 0.87
0.25 0.51 0.85
0.25 0.52 0.85
0.23 0.52 0.84
0.22 0.52 0.84
0.22 0.51 0.85
0.25 0.52 0.84
0.24 0.51 0.85
0.24 0.52 0.85
0.25 0.53 0.85
0.25 0.52 0.85
0.24 0.52 0.84
0.25 0.52 0.85
0.25 0.53 0.85
0.25 0.53 0.85
0.25 0.52 0.85
0.25 0.53 0.85
0.24 0.52 0.85
0.23 0.51 0.84
0.25 0.5 0.83
0.25 0.51 0.84
0.25 0.51 0.85
0.24 0.5 0.86
0.27 0.51 0.84
0.26 0.5 0.84
0.26 0.5 0.85
0.26 0.51 0.84
0.24 0.52 0.85
0.23 0.52 0.84
0.25 0.53 0.84
0.26 0.52 0.85
0.27 0.53 0.86
0.26 0.53 0.85
0.25 0.52 0.85
0.25 0.53 0.84
0.25 0.53 0.85
0.26 0.53 0.84
0.24 0.52 0.87
0.23 0.51 0.86
0.23 0.52 0.84
0.23 0.52 0.85
0.22 0.52 0.84
0.22 0.52 0.83
0.23 0.53 0.86
0.23 0.53 0.87
0.24 0.52 0.88
0.25 0.52 0.87
0.25 0.52 0.86
0.23 0.51 0.88
0.23 0.51 0.88
0.23 0.51 0.87
0.22 0.5 0.86
0.22 0.51 0.86
0.23 0.51 0.86
0.23 0.51 0.85
0.25 0.52 0.85
0.23 0.51 0.84
0.24 0.52 0.86
0.24 0.52 0.87
0.24 0.52 0.89
0.23 0.52 0.87
0.24 0.53 0.87
0.26 0.53 0.86
0.24 0.52 0.87
0.24 0.53 0.88
0.26 0.52 0.88
0.25 0.51 0.89
0.25 0.52 0.88
0.25 0.52 0.88
0.25 0.51 0.87
0.25 0.5 0.88
0.25 0.51 0.87
0.24 0.51 0.87
0.23 0.5 0.88
0.22 0.5 0.88
0.22 0.51 0.87
0.22 0.5 0.86
0.22 0.5 0.87
0.24 0.51 0.85
0.24 0.5 0.87
0.24 0.51 0.87
0.25 0.5 0.9
0.25 0.49 0.9
0.26 0.49 0.89
0.25 0.5 0.88
0.25 0.51 0.88
0.25 0.51 0.88
0.26 0.52 0.87
0.25 0.51 0.88
0.24 0.51 0.87
0.25 0.52 0.86
0.26 0.52 0.85
0.25 0.52 0.84
0.24 0.52 0.84
0.24 0.52 0.84
0.24 0.51 0.86
0.25 0.52 0.85
0.24 0.52 0.86
0.27 0.52 0.85
0.26 0.52 0.85
0.26 0.53 0.85
0.27 0.53 0.85
0.26 0.53 0.85
0.26 0.53 0.85
0.23 0.6 0.85
0.23 0.57 0.87
0.22 0.55 0.86
0.23 0.54 0.85
0.22 0.54 0.84
0.23 0.54 0.86
0.23 0.53 0.87
0.23 0.54 0.87
0.25 0.53 0.86
0.26 0.52 0.85
0.25 0.51 0.86
0.26 0.51 0.85
0.26 0.52 0.87
0.25 0.51 0.85
0.25 0.52 0.84
0.25 0.52 0.84
0.26 0.52 0.83
0.26 0.52 0.83
0.24 0.5 0.85
0.23 0.5 0.84
0.23 0.51 0.86
0.25 0.55 0.81
0.24 0.54 0.81
0.26 0.52 0.81
0.28 0.51 0.8
0.26 0.52 0.82
0.25 0.51 0.84
0.27 0.52 0.84
0.26 0.52 0.84
0.25 0.52 0.83
0.25 0.51 0.83
0.25 0.52 0.83
0.26 0.52 0.86
0.25 0.52 0.85
0.29 0.53 0.88
0.27 0.53 0.88
0.27 0.53 0.86
0.25 0.53 0.86
0.25 0.53 0.86
0.24 0.52 0.85
0.25 0.53 0.85
0.26 0.52 0.85
0.25 0.51 0.85
0.25 0.52 0.85
0.25 0.52 0.85
0.24 0.52 0.83
0.28 0.53 0.88
0.27 0.52 0.87
0.26 0.52 0.86
0.25 0.52 0.85
0.28 0.5 0.84
0.26 0.51 0.84
0.24 0.51 0.84
0.25 0.51 0.85
0.24 0.51 0.84
0.23 0.51 0.84
0.23 0.5 0.86
0.24 0.51 0.86
0.24 0.51 0.87
0.23 0.51 0.87
0.23 0.51 0.86
0.23 0.51 0.86
0.22 0.51 0.87
0.22 0.52 0.86
0.21 0.52 0.86
0.22 0.52 0.86
0.22 0.52 0.85
0.22 0.52 0.88
0.22 0.52 0.87
0.26 0.53 0.89
0.26 0.53 0.88
0.27 0.53 0.88
0.26 0.53 0.87
0.26 0.53 0.86
0.25 0.53 0.86
0.26 0.53 0.87
0.27 0.52 0.86
0.26 0.52 0.87
0.25 0.53 0.87
0.24 0.52 0.87
0.27 0.51 0.86
0.27 0.51 0.87
0.28 0.51 0.86
0.28 0.51 0.88
0.28 0.51 0.86
0.27 0.51 0.86
0.25 0.51 0.86
0.25 0.51 0.85
0.24 0.51 0.86
0.24 0.52 0.85
0.23 0.52 0.85
0.23 0.52 0.85
0.25 0.52 0.87
0.25 0.52 0.85
0.26 0.52 0.83
0.24 0.52 0.84
0.25 0.52 0.83
0.25 0.52 0.84
0.24 0.51 0.85
0.23 0.52 0.84
0.22 0.52 0.84
0.25 0.51 0.83
0.26 0.52 0.87
0.26 0.53 0.86
0.25 0.52 0.86
0.26 0.53 0.89
0.25 0.53 0.87
0.25 0.52 0.86
0.28 0.53 0.88
0.26 0.52 0.87
0.27 0.53 0.88
0.28 0.53 0.87
0.26 0.53 0.86
0.26 0.53 0.85
0.25 0.52 0.84
0.25 0.52 0.85
0.25 0.53 0.86
0.26 0.52 0.86
0.25 0.52 0.86
0.25 0.51 0.87
0.25 0.52 0.85
0.25 0.52 0.85
0.26 0.53 0.85
0.26 0.52 0.86
0.25 0.52 0.86
0.24 0.52 0.87
0.26 0.52 0.85
0.27 0.52 0.86
0.27 0.52 0.85
0.26 0.52 0.85
0.28 0.52 0.83
0.27 0.52 0.84
0.26 0.52 0.83
0.24 0.52 0.83
0.23 0.52 0.83
0.25 0.52 0.83
0.26 0.52 0.84
0.26 0.53 0.86
0.27 0.54 0.85
0.3 0.55 0.91
0.28 0.54 0.91
0.27 0.54 0.9
0.28 0.52 0.87
0.25 0.52 0.87
0.26 0.53 0.88
0.27 0.53 0.88
0.27 0.51 0.86
0.29 0.52 0.85
0.27 0.52 0.85
0.25 0.52 0.86
0.24 0.52 0.86
0.26 0.52 0.86
0.25 0.51 0.87
0.25 0.52 0.85
0.24 0.52 0.85
0.25 0.53 0.85
0.27 0.51 0.84
0.27 0.52 0.84
0.26 0.52 0.84
0.25 0.52 0.83
0.28 0.53 0.86
0.27 0.53 0.86
0.25 0.53 0.85
0.24 0.52 0.84
0.25 0.52 0.84
0.24 0.52 0.84
0.25 0.53 0.85
0.26 0.54 0.87
0.26 0.53 0.87
0.25 0.52 0.86
0.26 0.54 0.89
0.26 0.53 0.88
0.25 0.53 0.87
0.26 0.52 0.87
0.26 0.53 0.88
0.28 0.51 0.86
0.26 0.51 0.86
0.27 0.51 0.86
0.26 0.51 0.86
0.25 0.5 0.87
0.25 0.5 0.86
0.25 0.5 0.87
0.26 0.51 0.87
0.24 0.51 0.87
0.26 0.5 0.86
0.25 0.5 0.86
0.25 0.5 0.85
0.26 0.5 0.85
0.25 0.5 0.86
0.24 0.51 0.86
0.24 0.51 0.86
0.24 0.51 0.85
0.23 0.51 0.85
0.23 0.52 0.85
0.22 0.52 0.84
0.23 0.52 0.83
0.23 0.52 0.84
0.22 0.52 0.84
0.22 0.52 0.85
0.24 0.52 0.86
0.23 0.52 0.85
0.24 0.52 0.86
0.24 0.52 0.85
0.23 0.52 0.85
0.23 0.52 0.84
0.23 0.52 0.84
0.22 0.51 0.84
0.23 0.52 0.85
0.23 0.51 0.85
0.23 0.52 0.86
0.23 0.51 0.85
0.23 0.51 0.85
0.24 0.52 0.85
0.25 0.52 0.84
0.24 0.52 0.83
0.25 0.52 0.84
0.25 0.52 0.84
0.25 0.51 0.86
0.25 0.51 0.85
0.25 0.51 0.86
0.27 0.52 0.86
0.25 0.52 0.87
0.26 0.53 0.87
0.24 0.52 0.88
0.24 0.52 0.87
0.26 0.52 0.85
0.27 0.53 0.87
0.26 0.52 0.86
0.25 0.52 0.86
0.26 0.54 0.89
0.26 0.53 0.89
0.25 0.52 0.88
0.24 0.53 0.86
0.25 0.53 0.86
0.25 0.52 0.86
0.24 0.52 0.85
0.23 0.51 0.86
0.23 0.51 0.86
0.23 0.51 0.86
0.23 0.52 0.87
0.23 0.51 0.86
0.23 0.51 0.86
0.24 0.5 0.85
0.25 0.5 0.85
0.25 0.51 0.85
0.25 0.51 0.85
0.24 0.52 0.85
0.23 0.52 0.85
0.23 0.51 0.85
0.22 0.52 0.86
0.23 0.51 0.84
0.24 0.52 0.84
0.25 0.52 0.85
0.25 0.53 0.85
0.24 0.53 0.85
0.24 0.52 0.85
0.26 0.52 0.86
0.26 0.53 0.86
0.26 0.53 0.86
0.25 0.52 0.85
0.25 0.52 0.85
0.26 0.52 0.86
0.27 0.53 0.87
0.26 0.53 0.85
0.26 0.52 0.85
0.25 0.52 0.84
0.24 0.5 0.86
0.23 0.51 0.85
0.24 0.51 0.86
0.25 0.51 0.86
0.25 0.51 0.85
0.25 0.52 0.85
0.24 0.53 0.85
0.24 0.52 0.86
0.23 0.52 0.85
0.24 0.52 0.84
0.23 0.52 0.85
0.23 0.52 0.85
0.24 0.52 0.86
0.25 0.55 0.85
0.24 0.54 0.85
0.25 0.53 0.85
0.24 0.52 0.86
0.24 0.53 0.86
0.22 0.52 0.86
0.23 0.51 0.88
0.24 0.51 0.87
0.24 0.51 0.86
0.24 0.5 0.86
0.24 0.5 0.86
0.23 0.51 0.84
0.17 0.61 0.86
0.18 0.58 0.87
0.19 0.56 0.88
0.22 0.55 0.87
0.22 0.54 0.88
0.23 0.53 0.87
0.24 0.54 0.86
0.23 0.54 0.85
0.24 0.53 0.85
0.24 0.51 0.87
0.25 0.52 0.87
0.26 0.52 0.87
0.24 0.51 0.86
0.23 0.51 0.84
0.25 0.52 0.84
0.25 0.52 0.84
0.24 0.52 0.85
0.23 0.52 0.85
0.25 0.53 0.85
0.24 0.52 0.84
0.24 0.53 0.84
0.22 0.51 0.85
0.21 0.51 0.85
0.23 0.52 0.84
0.23 0.52 0.85
0.24 0.52 0.86
0.24 0.52 0.86
0.23 0.52 0.86
0.25 0.53 0.87
0.26 0.52 0.86
0.26 0.52 0.88
0.26 0.52 0.86
0.24 0.52 0.84
0.25 0.52 0.84
0.25 0.51 0.86
0.24 0.51 0.85
0.24 0.5 0.85
0.24 0.51 0.85
0.23 0.5 0.86
0.25 0.5 0.85
0.25 0.51 0.85
0.26 0.51 0.85
0.25 0.51 0.84
0.24 0.5 0.83
0.26 0.5 0.85
0.24 0.5 0.87
0.24 0.51 0.88
0.23 0.51 0.88
0.23 0.52 0.88
0.23 0.51 0.88
0.23 0.51 0.88
0.23 0.49 0.86
0.24 0.5 0.88
0.23 0.49 0.87
0.24 0.5 0.86
0.25 0.49 0.88
0.26 0.5 0.86
0.24 0.5 0.85
0.23 0.5 0.84
0.22 0.49 0.85
0.22 0.5 0.84
0.24 0.5 0.84
0.22 0.5 0.85
0.22 0.5 0.85
0.22 0.51 0.85
0.22 0.51 0.86
0.23 0.51 0.87
0.24 0.51 0.86
0.25 0.52 0.86
0.24 0.51 0.86
0.24 0.52 0.86
0.25 0.52 0.85
0.23 0.51 0.86
0.23 0.51 0.86
0.25 0.51 0.86
0.26 0.51 0.87
0.25 0.51 0.87
0.25 0.51 0.88
0.24 0.51 0.88
0.25 0.5 0.87
0.23 0.56 0.92
0.24 0.55 0.91
0.25 0.54 0.88
0.23 0.54 0.87
0.25 0.53 0.86
0.24 0.53 0.86
0.26 0.53 0.85
0.24 0.52 0.87
0.23 0.51 0.87
0.24 0.51 0.85
0.23 0.51 0.85
0.23 0.51 0.86
0.24 0.52 0.88
0.24 0.52 0.87
0.26 0.5 0.85
0.24 0.5 0.84
0.25 0.5 0.84
0.23 0.51 0.83
