0.55 0.41 0.72
0.55 0.41 0.73
0.55 0.41 0.74
0.55 0.42 0.73
0.54 0.41 0.73
0.54 0.41 0.72
0.53 0.41 0.72
0.52 0.41 0.69
0.52 0.41 0.69
0.52 0.41 0.7
0.51 0.39 0.7
0.54 0.41 0.7
0.53 0.41 0.7
0.52 0.4 0.7
0.53 0.41 0.71
0.52 0.41 0.72
0.52 0.42 0.72
0.52 0.43 0.72
0.51 0.43 0.71
0.51 0.43 0.71
0.5 0.42 0.72
0.51 0.42 0.72
0.51 0.43 0.73
0.55 0.41 0.74
0.59 0.39 0.74
0.57 0.39 0.73
0.55 0.38 0.73
0.58 0.37 0.74
0.56 0.37 0.72
0.55 0.39 0.72
0.53 0.39 0.73
0.53 0.39 0.74
0.53 0.41 0.73
0.54 0.4 0.74
0.54 0.4 0.73
0.57 0.39 0.73
0.58 0.4 0.73
0.56 0.4 0.71
0.58 0.37 0.73
0.57 0.39 0.74
0.56 0.4 0.73
0.55 0.41 0.72
0.58 0.41 0.73
0.57 0.41 0.72
0.55 0.41 0.71
0.54 0.41 0.7
0.53 0.4 0.7
0.53 0.4 0.7
0.56 0.37 0.71
0.54 0.38 0.71
0.53 0.39 0.72
0.53 0.41 0.73
0.53 0.41 0.73
0.51 0.39 0.74
0.52 0.41 0.74
0.51 0.41 0.74
0.51 0.4 0.74
0.5 0.41 0.75
0.55 0.4 0.76
0.54 0.4 0.74
0.53 0.41 0.73
0.54 0.41 0.72
0.53 0.4 0.71
0.53 0.39 0.7
0.52 0.39 0.71
0.52 0.41 0.71
0.53 0.4 0.72
0.52 0.41 0.71
0.52 0.41 0.7
0.56 0.39 0.72
0.55 0.39 0.72
0.53 0.39 0.71
0.53 0.39 0.7
0.52 0.39 0.7
0.52 0.39 0.71
0.52 0.4 0.71
0.53 0.4 0.73
0.52 0.4 0.73
0.57 0.39 0.74
0.55 0.39 0.72
0.54 0.4 0.71
0.54 0.39 0.7
0.53 0.4 0.69
0.53 0.39 0.68
0.54 0.38 0.7
0.54 0.4 0.71
0.53 0.4 0.72
0.53 0.42 0.72
0.52 0.41 0.73
0.51 0.41 0.72
0.52 0.4 0.72
0.51 0.39 0.7
0.52 0.39 0.69
0.51 0.4 0.68
0.51 0.41 0.69
0.52 0.43 0.71
0.52 0.43 0.71
0.51 0.41 0.72
0.52 0.42 0.73
0.52 0.41 0.73
0.52 0.42 0.72
0.51 0.42 0.72
0.53 0.41 0.73
0.54 0.41 0.73
0.54 0.43 0.73
0.53 0.42 0.74
0.52 0.43 0.74
0.52 0.43 0.74
0.52 0.42 0.74
0.52 0.42 0.75
0.53 0.42 0.74
0.52 0.4 0.75
0.52 0.41 0.73
0.52 0.42 0.73
0.52 0.43 0.73
0.52 0.42 0.73
0.56 0.4 0.73
0.54 0.4 0.72
0.53 0.4 0.71
0.54 0.42 0.72
0.53 0.41 0.73
0.53 0.42 0.73
0.52 0.42 0.73
0.52 0.43 0.73
0.52 0.43 0.72
0.52 0.42 0.72
0.52 0.41 0.72
0.51 0.41 0.7
0.55 0.4 0.73
0.55 0.4 0.74
0.53 0.4 0.73
0.53 0.41 0.72
0.53 0.42 0.7
0.53 0.41 0.7
0.54 0.41 0.72
0.54 0.42 0.72
0.54 0.43 0.72
0.52 0.41 0.72
0.55 0.41 0.73
0.58 0.39 0.75
0.56 0.39 0.72
0.56 0.4 0.72
0.54 0.4 0.71
0.57 0.38 0.72
0.55 0.46 0.79
0.54 0.46 0.77
0.53 0.44 0.76
0.52 0.44 0.74
0.55 0.42 0.75
0.54 0.42 0.75
0.56 0.44 0.75
0.58 0.42 0.75
0.57 0.42 0.75
0.55 0.42 0.73
0.54 0.42 0.72
0.53 0.41 0.71
0.52 0.4 0.69
0.51 0.39 0.69
0.51 0.4 0.68
0.52 0.41 0.7
0.53 0.42 0.7
0.52 0.43 0.71
0.52 0.42 0.73
0.53 0.41 0.74
0.52 0.42 0.73
0.53 0.43 0.72
0.52 0.43 0.72
0.52 0.43 0.72
0.52 0.42 0.73
0.52 0.41 0.73
0.52 0.42 0.73
0.52 0.42 0.73
0.51 0.43 0.73
0.55 0.41 0.75
0.58 0.4 0.74
0.57 0.41 0.73
0.55 0.41 0.74
0.54 0.41 0.74
0.53 0.41 0.74
0.53 0.42 0.73
0.53 0.42 0.73
0.52 0.4 0.72
0.52 0.4 0.71
0.53 0.41 0.71
0.51 0.4 0.72
0.52 0.41 0.72
0.52 0.42 0.72
0.51 0.43 0.72
0.56 0.41 0.77
0.59 0.39 0.76
0.57 0.41 0.75
0.57 0.41 0.75
0.56 0.42 0.73
0.58 0.41 0.73
0.59 0.41 0.74
0.57 0.41 0.73
0.57 0.42 0.73
0.55 0.4 0.72
0.55 0.39 0.71
0.55 0.4 0.72
0.54 0.4 0.73
0.53 0.41 0.71
0.53 0.41 0.71
0.53 0.43 0.71
0.52 0.43 0.71
0.52 0.43 0.72
0.52 0.43 0.71
0.51 0.41 0.72
0.5 0.42 0.72
0.55 0.39 0.74
0.54 0.39 0.73
0.54 0.4 0.71
0.57 0.38 0.72
0.59 0.37 0.74
0.57 0.37 0.72
0.56 0.38 0.7
0.55 0.38 0.7
0.54 0.38 0.7
0.54 0.38 0.69
0.53 0.4 0.69
0.54 0.41 0.7
0.53 0.41 0.7
0.53 0.41 0.69
0.53 0.4 0.69
0.52 0.41 0.69
0.52 0.41 0.69
0.52 0.41 0.69
0.51 0.41 0.69
0.5 0.4 0.68
0.51 0.39 0.69
0.51 0.38 0.69
0.52 0.39 0.69
0.51 0.4 0.68
0.51 0.41 0.69
0.55 0.39 0.7
0.54 0.38 0.69
0.53 0.39 0.69
0.54 0.38 0.69
0.53 0.39 0.68
0.56 0.4 0.7
0.55 0.41 0.71
0.54 0.41 0.69
0.52 0.39 0.69
0.51 0.39 0.68
0.52 0.4 0.68
0.5 0.39 0.69
0.55 0.37 0.7
0.54 0.39 0.7
0.53 0.4 0.7
0.57 0.38 0.72
0.57 0.38 0.72
0.55 0.37 0.71
0.54 0.37 0.71
0.58 0.37 0.71
0.57 0.37 0.7
0.55 0.37 0.71
0.54 0.36 0.71
0.53 0.38 0.7
0.57 0.38 0.72
0.57 0.39 0.71
0.56 0.38 0.71
0.59 0.36 0.72
0.57 0.37 0.71
0.55 0.39 0.71
0.54 0.39 0.69
0.55 0.37 0.72
0.54 0.38 0.71
0.54 0.38 0.7
0.53 0.37 0.7
0.53 0.38 0.71
0.53 0.4 0.71
0.53 0.4 0.71
0.57 0.39 0.71
0.56 0.4 0.71
0.56 0.39 0.72
0.55 0.4 0.71
0.54 0.39 0.71
0.55 0.37 0.73
0.54 0.38 0.71
0.53 0.38 0.7
0.52 0.38 0.7
0.54 0.35 0.71
0.53 0.36 0.71
0.53 0.37 0.7
0.53 0.39 0.71
0.53 0.4 0.7
0.53 0.4 0.69
0.52 0.39 0.68
0.52 0.37 0.69
0.56 0.39 0.71
0.53 0.49 0.76
0.53 0.47 0.76
0.51 0.44 0.73
0.52 0.43 0.72
0.52 0.44 0.72
0.52 0.42 0.71
0.53 0.41 0.71
0.52 0.41 0.71
0.52 0.4 0.71
0.52 0.4 0.7
0.53 0.4 0.71
0.53 0.41 0.71
0.53 0.42 0.71
0.52 0.4 0.7
0.52 0.39 0.71
0.52 0.39 0.71
0.52 0.4 0.71
0.51 0.4 0.7
0.51 0.39 0.69
0.55 0.39 0.7
0.54 0.39 0.7
0.57 0.39 0.76
0.56 0.39 0.74
0.54 0.39 0.73
0.58 0.37 0.75
0.6 0.36 0.76
0.59 0.38 0.75
0.56 0.38 0.74
0.55 0.37 0.72
0.58 0.37 0.73
0.56 0.38 0.72
0.55 0.37 0.72
0.54 0.37 0.71
0.56 0.37 0.71
0.59 0.36 0.72
0.58 0.38 0.71
0.56 0.39 0.71
0.58 0.37 0.72
0.56 0.38 0.71
0.55 0.38 0.72
0.54 0.39 0.71
0.53 0.39 0.72
0.53 0.39 0.71
0.57 0.36 0.73
0.54 0.37 0.73
0.54 0.38 0.72
0.53 0.37 0.72
0.53 0.37 0.7
0.56 0.36 0.72
0.56 0.38 0.71
0.54 0.39 0.71
0.58 0.36 0.72
0.57 0.38 0.72
0.56 0.39 0.71
0.55 0.38 0.71
0.55 0.38 0.71
0.53 0.39 0.72
0.52 0.39 0.71
0.52 0.39 0.71
0.55 0.37 0.73
0.58 0.36 0.73
0.56 0.36 0.73
0.54 0.37 0.72
0.53 0.38 0.71
0.53 0.38 0.71
0.53 0.39 0.71
0.53 0.38 0.72
0.52 0.38 0.71
0.51 0.38 0.7
0.51 0.38 0.7
0.51 0.38 0.71
0.51 0.38 0.72
0.51 0.38 0.72
0.56 0.35 0.75
0.55 0.36 0.74
0.55 0.37 0.72
0.53 0.36 0.71
0.53 0.37 0.72
0.56 0.36 0.74
0.55 0.38 0.73
0.54 0.39 0.72
0.56 0.38 0.73
0.59 0.38 0.74
0.61 0.37 0.74
0.58 0.39 0.72
0.61 0.38 0.73
0.58 0.38 0.71
0.57 0.39 0.7
0.55 0.39 0.71
0.59 0.38 0.72
0.56 0.37 0.72
0.55 0.38 0.72
0.53 0.38 0.72
0.53 0.39 0.72
0.56 0.38 0.73
0.55 0.39 0.73
0.55 0.4 0.72
0.54 0.39 0.7
0.53 0.38 0.7
0.57 0.38 0.71
0.55 0.38 0.69
0.58 0.37 0.71
0.56 0.37 0.7
0.54 0.39 0.69
0.53 0.39 0.7
0.52 0.38 0.7
0.52 0.39 0.7
0.51 0.41 0.7
0.51 0.4 0.69
0.56 0.39 0.73
0.55 0.4 0.73
0.54 0.4 0.72
0.53 0.39 0.71
0.53 0.39 0.71
0.53 0.39 0.7
0.52 0.38 0.71
0.52 0.37 0.71
0.51 0.37 0.71
0.51 0.37 0.7
0.51 0.38 0.7
0.52 0.38 0.71
0.51 0.37 0.7
0.51 0.38 0.71
0.51 0.39 0.7
0.56 0.37 0.71
0.54 0.37 0.71
0.53 0.36 0.71
0.52 0.35 0.7
0.51 0.36 0.7
0.55 0.35 0.72
0.58 0.34 0.73
0.56 0.35 0.72
0.55 0.37 0.72
0.58 0.37 0.74
0.62 0.37 0.75
0.6 0.38 0.74
0.58 0.39 0.71
0.56 0.4 0.7
0.59 0.38 0.71
0.57 0.38 0.7
0.56 0.4 0.71
0.53 0.4 0.71
0.57 0.39 0.71
0.55 0.39 0.7
0.54 0.38 0.7
0.54 0.39 0.7
0.53 0.41 0.7
0.53 0.41 0.7
0.52 0.4 0.69
0.56 0.37 0.72
0.55 0.38 0.7
0.58 0.38 0.72
0.6 0.36 0.73
0.58 0.36 0.72
0.57 0.37 0.72
0.6 0.35 0.74
0.57 0.35 0.72
0.56 0.37 0.72
0.6 0.34 0.73
0.57 0.36 0.72
0.56 0.37 0.71
0.6 0.38 0.78
0.59 0.4 0.76
0.62 0.38 0.78
0.6 0.39 0.77
0.62 0.37 0.77
0.6 0.38 0.75
0.57 0.39 0.75
0.55 0.38 0.74
0.54 0.4 0.75
0.54 0.4 0.73
0.54 0.4 0.72
0.57 0.4 0.73
0.56 0.42 0.72
0.59 0.41 0.73
0.57 0.41 0.72
0.55 0.4 0.7
0.55 0.4 0.7
0.53 0.42 0.7
0.53 0.41 0.71
0.53 0.41 0.71
0.52 0.4 0.71
0.51 0.4 0.7
0.52 0.39 0.7
0.52 0.41 0.72
0.53 0.4 0.72
0.53 0.38 0.73
0.54 0.41 0.73
0.52 0.39 0.72
0.52 0.4 0.72
0.52 0.39 0.71
0.51 0.39 0.72
0.51 0.39 0.72
0.51 0.38 0.7
0.51 0.39 0.71
0.52 0.38 0.72
0.56 0.36 0.73
0.59 0.36 0.74
0.57 0.37 0.73
0.56 0.38 0.72
0.53 0.38 0.72
0.53 0.38 0.71
0.52 0.38 0.7
0.51 0.4 0.71
0.56 0.39 0.72
0.55 0.39 0.73
0.55 0.39 0.74
0.58 0.37 0.75
0.57 0.38 0.73
0.55 0.37 0.73
0.55 0.39 0.75
0.55 0.41 0.74
0.54 0.4 0.73
0.54 0.4 0.73
0.53 0.42 0.72
0.53 0.42 0.71
0.52 0.41 0.71
0.53 0.41 0.71
0.52 0.4 0.72
0.51 0.39 0.71
0.52 0.41 0.71
0.51 0.4 0.71
0.52 0.41 0.7
0.55 0.4 0.71
0.55 0.38 0.72
0.54 0.39 0.71
0.54 0.4 0.7
0.53 0.4 0.71
0.53 0.4 0.71
0.53 0.41 0.71
0.54 0.4 0.72
0.55 0.41 0.7
0.55 0.41 0.72
0.53 0.4 0.7
0.57 0.38 0.72
0.56 0.39 0.73
0.56 0.39 0.71
0.54 0.39 0.71
0.54 0.39 0.71
0.53 0.39 0.71
0.53 0.41 0.71
0.52 0.39 0.7
0.53 0.38 0.72
0.53 0.4 0.7
0.53 0.41 0.71
0.53 0.41 0.72
0.53 0.39 0.72
0.53 0.38 0.73
0.56 0.38 0.73
0.56 0.41 0.73
0.55 0.4 0.72
0.55 0.39 0.7
0.54 0.39 0.71
0.52 0.38 0.71
0.52 0.4 0.72
0.52 0.4 0.69
0.52 0.39 0.7
0.54 0.38 0.72
0.53 0.36 0.72
0.53 0.37 0.71
0.57 0.35 0.73
0.56 0.35 0.74
0.54 0.37 0.72
0.54 0.38 0.71
0.53 0.37 0.71
0.52 0.37 0.71
0.52 0.38 0.7
0.52 0.38 0.7
0.52 0.38 0.7
0.52 0.39 0.71
0.52 0.39 0.72
0.52 0.39 0.74
0.53 0.39 0.73
0.52 0.38 0.72
0.52 0.39 0.71
0.54 0.37 0.72
0.53 0.38 0.72
0.56 0.37 0.78
0.53 0.36 0.77
0.53 0.37 0.74
0.53 0.38 0.73
0.52 0.38 0.74
0.52 0.38 0.73
0.56 0.35 0.75
0.56 0.36 0.73
0.56 0.38 0.73
0.55 0.38 0.73
0.54 0.37 0.72
0.53 0.38 0.72
0.57 0.39 0.72
0.6 0.37 0.73
0.61 0.35 0.74
0.58 0.37 0.72
0.56 0.38 0.71
0.56 0.38 0.71
0.55 0.39 0.71
0.57 0.38 0.72
0.56 0.39 0.71
0.55 0.39 0.71
0.55 0.4 0.72
0.58 0.38 0.74
0.56 0.38 0.74
0.55 0.37 0.73
0.55 0.38 0.72
0.54 0.38 0.71
0.55 0.36 0.73
0.54 0.38 0.72
0.54 0.38 0.72
0.53 0.38 0.74
0.53 0.39 0.72
0.53 0.39 0.73
0.54 0.38 0.73
0.54 0.37 0.73
0.54 0.38 0.72
0.57 0.37 0.74
0.56 0.39 0.73
0.56 0.38 0.74
0.54 0.4 0.74
0.53 0.39 0.72
0.57 0.37 0.73
0.56 0.37 0.73
0.55 0.38 0.74
0.54 0.36 0.73
0.57 0.37 0.74
0.56 0.38 0.74
0.55 0.39 0.74
0.54 0.38 0.72
0.53 0.37 0.72
0.52 0.37 0.72
0.52 0.38 0.72
0.56 0.35 0.74
0.55 0.37 0.73
0.53 0.37 0.72
0.53 0.39 0.71
0.53 0.39 0.7
0.56 0.37 0.73
0.55 0.37 0.73
0.58 0.36 0.73
0.57 0.36 0.71
0.55 0.37 0.71
0.54 0.36 0.72
0.53 0.38 0.71
0.53 0.38 0.72
0.52 0.39 0.71
0.52 0.39 0.71
0.52 0.39 0.73
0.56 0.36 0.75
0.55 0.38 0.74
0.54 0.38 0.73
0.57 0.37 0.75
0.55 0.36 0.74
0.54 0.37 0.74
0.53 0.37 0.72
0.53 0.38 0.71
0.53 0.39 0.71
0.52 0.39 0.71
0.52 0.39 0.71
0.51 0.39 0.72
0.51 0.39 0.7
0.52 0.38 0.69
0.5 0.48 0.78
0.5 0.46 0.75
0.5 0.44 0.73
0.51 0.43 0.72
0.5 0.43 0.72
0.5 0.41 0.71
0.51 0.43 0.71
0.5 0.41 0.7
0.51 0.4 0.7
0.51 0.4 0.7
0.56 0.39 0.71
0.55 0.39 0.7
0.53 0.38 0.69
0.57 0.39 0.7
0.55 0.39 0.7
0.54 0.39 0.71
0.54 0.4 0.7
0.57 0.38 0.71
0.55 0.38 0.71
0.54 0.39 0.7
0.54 0.4 0.7
0.55 0.41 0.71
0.58 0.39 0.72
0.57 0.39 0.72
0.6 0.38 0.74
0.58 0.38 0.73
0.6 0.36 0.74
0.57 0.36 0.73
0.55 0.36 0.73
0.54 0.36 0.71
0.53 0.37 0.73
0.52 0.37 0.72
0.52 0.38 0.71
0.53 0.38 0.73
0.52 0.38 0.72
0.52 0.39 0.74
0.56 0.36 0.75
0.58 0.36 0.76
0.56 0.36 0.74
0.55 0.37 0.74
0.54 0.38 0.73
0.54 0.39 0.73
0.57 0.37 0.74
0.55 0.38 0.73
0.58 0.37 0.75
0.56 0.35 0.75
0.55 0.37 0.75
0.54 0.37 0.73
0.53 0.38 0.72
0.53 0.38 0.72
0.52 0.37 0.72
0.52 0.37 0.72
0.5 0.45 0.76
0.5 0.43 0.75
0.54 0.42 0.76
0.54 0.41 0.73
0.53 0.41 0.72
0.56 0.4 0.73
0.55 0.39 0.72
0.55 0.4 0.72
0.54 0.39 0.73
0.53 0.4 0.71
0.54 0.37 0.73
0.51 0.48 0.73
0.55 0.45 0.75
0.54 0.45 0.73
0.57 0.42 0.73
0.55 0.42 0.72
0.54 0.42 0.72
0.54 0.4 0.71
0.53 0.4 0.71
0.54 0.39 0.71
0.53 0.39 0.7
0.52 0.38 0.7
0.52 0.38 0.7
0.55 0.36 0.72
0.54 0.37 0.71
0.54 0.37 0.71
0.53 0.37 0.71
0.53 0.38 0.72
0.53 0.38 0.72
0.53 0.39 0.72
0.52 0.38 0.73
0.52 0.38 0.71
0.52 0.39 0.71
0.51 0.38 0.71
0.53 0.39 0.7
0.52 0.39 0.71
0.52 0.39 0.71
0.52 0.39 0.7
0.51 0.39 0.71
0.51 0.4 0.7
0.51 0.39 0.7
0.51 0.38 0.7
0.51 0.4 0.7
0.52 0.4 0.7
0.53 0.41 0.7
0.52 0.4 0.71
0.51 0.39 0.71
0.51 0.4 0.71
0.5 0.4 0.7
0.51 0.41 0.7
0.5 0.4 0.7
0.51 0.4 0.7
0.51 0.38 0.7
0.52 0.39 0.71
0.52 0.38 0.71
0.52 0.38 0.73
0.51 0.39 0.72
0.56 0.39 0.73
0.55 0.39 0.71
0.54 0.38 0.71
0.56 0.37 0.72
0.55 0.37 0.72
0.53 0.38 0.72
0.54 0.37 0.73
0.54 0.38 0.72
0.54 0.39 0.71
0.53 0.39 0.7
0.52 0.38 0.7
0.51 0.38 0.71
0.51 0.37 0.72
0.51 0.37 0.71
0.51 0.38 0.71
0.51 0.39 0.71
0.52 0.41 0.71
0.52 0.4 0.72
0.52 0.4 0.71
0.54 0.4 0.72
0.55 0.4 0.73
0.54 0.41 0.73
0.57 0.39 0.74
0.55 0.4 0.73
0.55 0.39 0.72
0.54 0.39 0.72
0.54 0.39 0.72
0.53 0.39 0.72
0.53 0.38 0.73
0.53 0.39 0.73
0.57 0.37 0.76
0.56 0.39 0.75
0.55 0.39 0.74
0.54 0.38 0.74
0.53 0.39 0.73
0.55 0.38 0.74
0.54 0.38 0.73
0.53 0.37 0.72
0.53 0.38 0.72
0.53 0.39 0.71
0.52 0.39 0.72
0.52 0.37 0.73
0.52 0.38 0.74
0.51 0.37 0.72
0.51 0.38 0.72
0.5 0.37 0.71
0.5 0.38 0.71
0.5 0.36 0.7
0.49 0.38 0.7
0.49 0.38 0.71
0.49 0.38 0.71
0.5 0.38 0.7
0.5 0.39 0.7
0.5 0.4 0.7
0.5 0.39 0.7
0.51 0.38 0.69
0.51 0.39 0.7
0.51 0.4 0.72
0.51 0.39 0.72
0.55 0.39 0.73
0.54 0.39 0.72
0.52 0.4 0.74
0.52 0.4 0.73
0.52 0.39 0.73
0.52 0.39 0.72
0.52 0.41 0.73
0.52 0.41 0.74
0.53 0.4 0.73
0.52 0.39 0.72
0.52 0.4 0.7
0.52 0.39 0.71
0.52 0.4 0.7
0.52 0.4 0.7
0.52 0.41 0.71
0.52 0.41 0.71
0.52 0.42 0.71
0.52 0.41 0.72
0.52 0.41 0.71
0.52 0.42 0.72
0.52 0.41 0.71
0.53 0.39 0.72
0.52 0.38 0.72
0.52 0.38 0.7
0.51 0.39 0.7
0.52 0.4 0.7
0.51 0.39 0.7
0.51 0.4 0.71
0.51 0.39 0.7
0.51 0.39 0.7
0.56 0.37 0.72
0.55 0.39 0.74
0.54 0.38 0.74
0.53 0.38 0.73
0.53 0.37 0.72
0.52 0.38 0.72
0.52 0.38 0.71
0.52 0.38 0.72
0.52 0.38 0.71
0.53 0.39 0.72
0.54 0.39 0.73
0.53 0.39 0.72
0.52 0.38 0.73
0.53 0.38 0.75
0.53 0.37 0.73
0.52 0.37 0.73
0.53 0.38 0.72
0.53 0.39 0.74
0.52 0.4 0.73
0.52 0.4 0.72
0.56 0.38 0.73
0.55 0.38 0.72
0.55 0.4 0.73
0.54 0.4 0.73
0.53 0.39 0.73
0.53 0.41 0.73
0.53 0.41 0.73
0.54 0.4 0.74
0.53 0.4 0.73
0.52 0.41 0.72
0.52 0.41 0.71
0.53 0.42 0.71
0.51 0.4 0.71
0.51 0.4 0.73
0.51 0.41 0.72
0.51 0.41 0.71
0.55 0.39 0.72
0.54 0.39 0.72
0.54 0.38 0.72
0.53 0.38 0.72
0.56 0.37 0.72
0.56 0.38 0.72
0.55 0.39 0.7
0.54 0.39 0.7
0.54 0.39 0.69
0.58 0.38 0.72
0.56 0.38 0.71
0.55 0.39 0.72
0.54 0.39 0.73
0.54 0.39 0.73
0.52 0.39 0.71
0.56 0.38 0.72
0.55 0.38 0.72
0.54 0.38 0.73
0.54 0.38 0.73
0.53 0.38 0.7
0.53 0.38 0.71
0.53 0.39 0.7
0.53 0.39 0.7
0.52 0.39 0.7
0.52 0.39 0.71
0.51 0.39 0.71
0.51 0.4 0.71
0.51 0.39 0.71
0.51 0.38 0.71
0.55 0.39 0.72
0.55 0.39 0.71
0.54 0.39 0.71
0.54 0.4 0.71
0.57 0.38 0.72
0.59 0.37 0.73
0.58 0.38 0.72
0.57 0.39 0.72
0.56 0.39 0.73
0.54 0.39 0.73
0.53 0.38 0.73
0.52 0.38 0.72
0.52 0.38 0.7
0.52 0.38 0.71
0.52 0.38 0.72
0.52 0.39 0.72
0.52 0.4 0.71
0.51 0.39 0.71
0.52 0.39 0.7
0.52 0.38 0.69
0.52 0.38 0.71
0.51 0.39 0.7
0.52 0.4 0.71
0.52 0.4 0.71
0.51 0.38 0.71
0.51 0.39 0.71
0.5 0.37 0.71
0.5 0.38 0.71
0.51 0.39 0.71
0.51 0.39 0.71
0.56 0.36 0.72
0.55 0.37 0.72
0.53 0.38 0.71
0.53 0.37 0.7
0.56 0.36 0.71
0.54 0.38 0.7
0.52 0.37 0.7
0.52 0.37 0.71
0.52 0.36 0.71
0.52 0.36 0.7
0.51 0.37 0.68
0.51 0.37 0.7
0.51 0.36 0.7
0.52 0.37 0.7
0.51 0.37 0.71
0.52 0.38 0.71
0.55 0.38 0.73
0.59 0.36 0.74
0.57 0.36 0.73
0.55 0.37 0.72
0.57 0.37 0.73
0.56 0.37 0.73
0.55 0.38 0.73
0.54 0.39 0.72
0.53 0.39 0.7
0.54 0.39 0.71
0.54 0.4 0.73
0.52 0.41 0.73
0.53 0.39 0.74
0.52 0.38 0.72
0.51 0.38 0.71
0.52 0.38 0.7
0.52 0.39 0.71
0.52 0.41 0.71
0.56 0.39 0.72
0.54 0.39 0.71
0.54 0.39 0.71
0.54 0.38 0.72
0.54 0.37 0.74
0.53 0.37 0.73
0.52 0.39 0.72
0.53 0.38 0.73
0.53 0.39 0.73
0.52 0.38 0.72
0.51 0.39 0.71
0.51 0.39 0.71
0.51 0.4 0.7
0.51 0.4 0.71
0.52 0.41 0.71
0.52 0.4 0.71
0.52 0.41 0.7
0.51 0.41 0.72
0.51 0.4 0.73
0.51 0.4 0.74
0.51 0.41 0.74
0.55 0.39 0.75
0.58 0.38 0.75
0.57 0.38 0.74
0.55 0.39 0.74
0.54 0.39 0.73
0.52 0.39 0.72
0.51 0.5 0.8
0.51 0.48 0.79
0.51 0.46 0.76
0.5 0.44 0.75
0.55 0.42 0.75
0.54 0.42 0.74
0.54 0.42 0.73
0.53 0.41 0.72
0.54 0.41 0.72
0.53 0.41 0.71
0.52 0.41 0.7
0.52 0.39 0.7
0.51 0.38 0.7
0.51 0.39 0.7
0.51 0.39 0.72
0.55 0.37 0.73
0.58 0.37 0.74
0.56 0.39 0.73
0.55 0.38 0.73
0.54 0.38 0.72
0.53 0.4 0.73
0.53 0.41 0.72
0.53 0.4 0.72
0.52 0.4 0.72
0.52 0.39 0.71
0.52 0.4 0.72
0.53 0.39 0.74
0.53 0.39 0.73
0.52 0.39 0.72
0.51 0.39 0.7
0.51 0.39 0.71
0.51 0.39 0.7
0.51 0.38 0.69
0.51 0.38 0.7
0.51 0.37 0.7
0.51 0.37 0.7
0.51 0.38 0.7
0.51 0.39 0.69
0.51 0.4 0.69
0.55 0.39 0.71
0.56 0.38 0.71
0.54 0.38 0.71
0.54 0.37 0.72
0.54 0.37 0.71
0.53 0.37 0.72
0.52 0.38 0.7
0.52 0.38 0.7
0.51 0.36 0.69
0.55 0.36 0.7
0.54 0.37 0.69
0.58 0.37 0.71
0.56 0.36 0.7
0.56 0.38 0.7
0.55 0.38 0.71
0.55 0.39 0.7
0.54 0.39 0.7
0.53 0.39 0.69
0.53 0.38 0.69
0.53 0.39 0.69
0.53 0.39 0.7
0.52 0.39 0.69
0.52 0.38 0.7
0.51 0.38 0.7
0.51 0.38 0.69
0.55 0.37 0.71
0.54 0.37 0.7
0.54 0.38 0.72
0.54 0.39 0.71
0.52 0.39 0.71
0.52 0.41 0.71
0.51 0.42 0.72
0.52 0.42 0.71
0.56 0.4 0.73
0.55 0.4 0.73
0.53 0.4 0.73
0.53 0.4 0.76
0.53 0.41 0.76
0.53 0.42 0.77
0.53 0.42 0.76
0.54 0.42 0.75
0.53 0.43 0.74
0.53 0.41 0.74
0.53 0.42 0.74
0.53 0.43 0.73
0.52 0.42 0.73
0.57 0.41 0.75
0.55 0.41 0.74
0.55 0.42 0.73
0.58 0.4 0.74
0.56 0.41 0.72
0.55 0.4 0.7
0.54 0.39 0.71
0.55 0.37 0.72
0.53 0.38 0.71
0.53 0.39 0.71
0.53 0.39 0.71
0.52 0.39 0.7
0.52 0.39 0.69
0.52 0.4 0.69
0.52 0.39 0.7
0.53 0.4 0.71
0.52 0.39 0.72
0.52 0.41 0.71
0.52 0.41 0.71
0.52 0.42 0.72
0.56 0.41 0.74
0.55 0.42 0.74
0.58 0.4 0.74
0.57 0.4 0.73
0.55 0.4 0.72
0.55 0.4 0.71
0.54 0.4 0.72
0.57 0.37 0.73
0.56 0.39 0.73
0.55 0.41 0.72
0.53 0.4 0.7
0.52 0.41 0.7
0.51 0.39 0.69
0.5 0.4 0.67
0.5 0.39 0.68
0.55 0.37 0.7
0.54 0.38 0.7
0.58 0.36 0.73
0.57 0.37 0.72
0.55 0.36 0.72
0.54 0.37 0.72
0.54 0.38 0.72
0.56 0.37 0.73
0.55 0.37 0.74
0.54 0.38 0.73
0.53 0.39 0.73
0.56 0.37 0.74
0.55 0.38 0.73
0.58 0.38 0.73
0.56 0.4 0.72
0.54 0.39 0.71
0.54 0.39 0.7
0.53 0.39 0.71
0.52 0.39 0.7
0.51 0.4 0.69
0.51 0.41 0.7
0.51 0.4 0.71
0.52 0.41 0.71
0.52 0.41 0.7
0.52 0.41 0.69
0.56 0.4 0.7
0.54 0.39 0.72
