0.82 0.53 0.78
0.82 0.52 0.78
0.82 0.57 0.8
0.82 0.6 0.79
0.82 0.62 0.83
0.82 0.63 0.8
0.82 0.61 0.81
0.81 0.64 0.84
0.81 0.65 0.85
0.81 0.6 0.85
0.8 0.63 0.84
0.81 0.61 0.81
0.82 0.6 0.79
0.82 0.57 0.81
0.82 0.62 0.82
0.81 0.63 0.8
0.81 0.6 0.79
0.81 0.57 0.81
0.82 0.62 0.82
0.82 0.59 0.82
0.82 0.58 0.81
0.82 0.56 0.81
0.82 0.54 0.81
0.82 0.59 0.81
0.82 0.62 0.83
0.81 0.59 0.83
0.82 0.55 0.84
0.82 0.55 0.82
0.81 0.59 0.81
0.82 0.63 0.8
0.83 0.58 0.85
0.83 0.56 0.85
0.83 0.59 0.87
0.82 0.61 0.86
0.82 0.63 0.85
0.82 0.66 0.84
0.82 0.63 0.81
0.82 0.65 0.8
0.81 0.66 0.78
0.82 0.61 0.79
0.83 0.57 0.78
0.83 0.56 0.76
0.83 0.59 0.76
0.83 0.56 0.76
0.83 0.6 0.8
0.82 0.56 0.8
0.84 0.53 0.81
0.82 0.53 0.8
0.82 0.57 0.8
0.82 0.55 0.78
0.83 0.55 0.78
0.84 0.54 0.79
0.84 0.54 0.77
0.83 0.59 0.81
0.82 0.61 0.82
0.82 0.58 0.8
0.83 0.55 0.81
0.83 0.55 0.79
0.83 0.54 0.81
0.83 0.54 0.79
0.83 0.52 0.78
0.84 0.53 0.77
0.84 0.54 0.77
0.84 0.54 0.77
0.84 0.54 0.76
0.83 0.58 0.75
0.83 0.56 0.75
0.83 0.53 0.76
0.83 0.52 0.79
0.82 0.57 0.81
0.82 0.6 0.79
0.82 0.59 0.8
0.82 0.57 0.79
0.82 0.55 0.81
0.82 0.6 0.8
0.82 0.58 0.79
0.83 0.57 0.81
0.83 0.54 0.82
0.82 0.58 0.83
0.82 0.55 0.83
0.82 0.58 0.81
0.82 0.56 0.79
0.82 0.6 0.82
0.83 0.58 0.83
0.83 0.6 0.82
0.83 0.64 0.85
0.83 0.61 0.83
0.83 0.63 0.85
0.83 0.6 0.85
0.83 0.57 0.85
0.82 0.59 0.82
0.82 0.57 0.82
0.82 0.55 0.82
0.82 0.56 0.84
0.82 0.58 0.82
0.83 0.56 0.81
0.82 0.54 0.81
0.83 0.58 0.82
0.83 0.55 0.8
0.83 0.54 0.79
0.82 0.53 0.8
0.83 0.52 0.81
0.82 0.58 0.86
0.82 0.59 0.85
0.81 0.57 0.84
0.82 0.58 0.9
0.82 0.55 0.85
0.82 0.55 0.84
0.82 0.54 0.83
0.82 0.53 0.82
0.82 0.54 0.81
0.82 0.59 0.81
0.83 0.56 0.81
0.83 0.55 0.81
0.83 0.53 0.8
0.83 0.54 0.82
0.83 0.54 0.82
0.83 0.54 0.8
0.84 0.53 0.79
0.83 0.53 0.77
0.82 0.58 0.76
0.82 0.56 0.76
0.82 0.6 0.77
0.83 0.57 0.77
0.83 0.55 0.77
0.82 0.54 0.76
0.82 0.54 0.78
0.82 0.54 0.79
0.82 0.58 0.79
0.82 0.62 0.8
0.81 0.65 0.84
0.82 0.67 0.85
0.82 0.69 0.86
0.82 0.67 0.83
0.83 0.66 0.81
0.82 0.67 0.8
0.82 0.63 0.79
0.82 0.64 0.8
0.82 0.67 0.82
0.82 0.68 0.83
0.82 0.7 0.84
0.82 0.64 0.84
0.82 0.61 0.83
0.82 0.61 0.83
0.82 0.59 0.81
0.82 0.56 0.81
0.82 0.55 0.8
0.82 0.56 0.8
0.82 0.54 0.8
0.82 0.55 0.8
0.82 0.56 0.78
0.82 0.53 0.78
0.83 0.58 0.81
0.83 0.62 0.82
0.83 0.62 0.83
0.83 0.64 0.83
0.82 0.66 0.85
0.82 0.67 0.85
0.82 0.64 0.84
0.82 0.64 0.84
0.82 0.67 0.85
0.81 0.64 0.82
0.82 0.61 0.81
0.82 0.59 0.82
0.81 0.61 0.8
0.82 0.64 0.81
0.82 0.6 0.81
0.82 0.57 0.82
0.81 0.61 0.84
0.82 0.63 0.86
0.82 0.66 0.86
0.82 0.67 0.87
0.82 0.63 0.86
0.82 0.6 0.84
0.81 0.6 0.83
0.82 0.6 0.82
0.82 0.64 0.87
0.82 0.66 0.88
0.81 0.66 0.9
0.81 0.66 0.87
0.81 0.62 0.84
0.81 0.63 0.84
0.81 0.61 0.82
0.81 0.64 0.84
0.81 0.65 0.84
0.81 0.63 0.81
0.81 0.61 0.79
0.81 0.62 0.82
0.81 0.61 0.8
0.81 0.59 0.79
0.81 0.57 0.8
0.81 0.6 0.82
0.81 0.59 0.8
0.78 0.65 0.79
0.8 0.62 0.82
0.8 0.59 0.8
0.81 0.62 0.81
0.81 0.64 0.83
0.81 0.64 0.83
0.8 0.64 0.83
0.81 0.61 0.81
0.81 0.64 0.82
0.81 0.61 0.82
0.81 0.61 0.83
0.81 0.63 0.82
0.81 0.64 0.82
0.81 0.67 0.82
0.81 0.67 0.83
0.81 0.68 0.82
0.81 0.63 0.83
0.82 0.66 0.85
0.82 0.68 0.88
0.82 0.69 0.9
0.82 0.69 0.92
0.81 0.69 0.9
0.83 0.64 0.88
0.83 0.62 0.87
0.84 0.6 0.86
0.83 0.63 0.85
0.82 0.65 0.84
0.81 0.67 0.83
0.81 0.69 0.86
0.81 0.64 0.85
0.81 0.66 0.88
0.81 0.66 0.87
0.82 0.68 0.87
0.82 0.64 0.84
0.82 0.66 0.85
0.81 0.67 0.88
0.81 0.68 0.87
0.81 0.63 0.85
0.82 0.59 0.85
0.83 0.56 0.85
0.82 0.54 0.85
0.82 0.54 0.82
0.82 0.53 0.8
0.82 0.58 0.82
0.82 0.56 0.82
0.82 0.55 0.8
0.82 0.53 0.78
0.81 0.58 0.79
0.81 0.6 0.79
0.82 0.57 0.79
0.81 0.6 0.78
0.81 0.62 0.8
0.81 0.58 0.79
0.8 0.6 0.79
0.81 0.63 0.83
0.82 0.6 0.83
0.82 0.61 0.81
0.82 0.59 0.84
0.82 0.57 0.82
0.83 0.59 0.88
0.83 0.56 0.85
0.82 0.55 0.85
0.82 0.53 0.83
0.82 0.53 0.81
0.82 0.57 0.8
0.83 0.58 0.88
0.82 0.61 0.86
0.82 0.57 0.86
0.82 0.57 0.84
0.83 0.55 0.81
0.82 0.57 0.81
0.82 0.55 0.79
0.82 0.54 0.78
0.83 0.54 0.77
0.83 0.53 0.78
0.82 0.52 0.79
0.83 0.58 0.81
0.82 0.62 0.84
0.83 0.58 0.84
0.83 0.57 0.85
0.83 0.55 0.83
0.83 0.54 0.83
0.83 0.53 0.82
0.83 0.57 0.81
0.83 0.54 0.83
0.82 0.58 0.83
0.82 0.6 0.82
0.82 0.56 0.81
0.83 0.56 0.8
0.84 0.54 0.79
0.84 0.53 0.79
0.84 0.58 0.81
0.84 0.59 0.79
0.84 0.58 0.78
0.84 0.55 0.78
0.83 0.55 0.77
0.84 0.54 0.77
0.85 0.54 0.84
0.84 0.53 0.83
0.83 0.53 0.81
0.83 0.55 0.86
0.83 0.55 0.84
0.82 0.53 0.83
0.82 0.54 0.81
0.82 0.53 0.79
0.83 0.53 0.81
0.83 0.53 0.8
0.83 0.53 0.79
0.82 0.58 0.79
0.83 0.61 0.8
0.83 0.58 0.81
0.84 0.62 0.82
0.83 0.64 0.81
0.83 0.67 0.82
0.84 0.68 0.82
0.83 0.68 0.84
0.83 0.68 0.83
0.83 0.65 0.82
0.82 0.63 0.82
0.82 0.64 0.82
0.81 0.63 0.81
0.82 0.65 0.8
0.82 0.66 0.83
0.82 0.68 0.85
0.82 0.68 0.89
0.82 0.67 0.85
0.82 0.68 0.84
0.82 0.63 0.83
0.82 0.6 0.83
0.82 0.58 0.83
0.81 0.61 0.83
0.81 0.56 0.82
0.82 0.55 0.81
0.82 0.54 0.8
0.83 0.53 0.79
0.83 0.57 0.81
0.82 0.56 0.8
0.83 0.54 0.79
0.83 0.6 0.82
0.82 0.57 0.8
0.82 0.56 0.83
0.83 0.6 0.8
0.83 0.58 0.78
0.83 0.56 0.77
0.83 0.59 0.77
0.83 0.56 0.78
0.83 0.61 0.82
0.83 0.57 0.81
0.83 0.54 0.81
0.83 0.58 0.82
0.83 0.61 0.83
0.83 0.58 0.8
0.83 0.57 0.8
0.83 0.56 0.78
0.83 0.54 0.77
0.82 0.53 0.77
0.83 0.53 0.77
0.82 0.58 0.79
0.82 0.62 0.79
0.82 0.6 0.78
0.81 0.58 0.77
0.81 0.55 0.76
0.81 0.59 0.75
0.81 0.58 0.75
0.82 0.57 0.78
0.82 0.59 0.78
0.82 0.57 0.78
0.81 0.57 0.78
0.81 0.55 0.79
0.82 0.54 0.81
0.82 0.58 0.79
0.82 0.62 0.81
0.82 0.58 0.81
0.82 0.57 0.81
0.82 0.61 0.84
0.82 0.64 0.85
0.82 0.6 0.82
0.82 0.58 0.81
0.83 0.57 0.79
0.83 0.6 0.83
0.82 0.61 0.82
0.82 0.58 0.8
0.82 0.61 0.79
0.82 0.6 0.81
0.83 0.58 0.81
0.83 0.56 0.81
0.83 0.54 0.8
0.83 0.53 0.8
0.83 0.51 0.81
0.83 0.57 0.85
0.83 0.54 0.82
0.82 0.58 0.81
0.82 0.55 0.81
0.82 0.53 0.8
0.82 0.57 0.79
0.82 0.56 0.78
0.82 0.58 0.78
0.82 0.56 0.79
0.83 0.54 0.78
0.83 0.58 0.8
0.83 0.62 0.82
0.82 0.58 0.8
0.83 0.57 0.78
0.83 0.56 0.77
0.82 0.54 0.8
0.81 0.52 0.79
0.82 0.52 0.77
0.82 0.56 0.78
0.82 0.56 0.76
0.82 0.59 0.79
0.82 0.55 0.79
0.82 0.59 0.79
0.81 0.59 0.78
0.82 0.56 0.78
0.82 0.58 0.79
0.82 0.56 0.77
0.82 0.57 0.78
0.82 0.61 0.79
0.83 0.57 0.78
0.83 0.56 0.79
0.83 0.55 0.78
0.83 0.58 0.78
0.83 0.55 0.78
0.83 0.54 0.78
0.84 0.53 0.78
0.83 0.59 0.8
0.83 0.61 0.83
0.83 0.57 0.82
0.83 0.6 0.83
0.82 0.56 0.83
0.82 0.55 0.81
0.82 0.58 0.79
0.82 0.63 0.83
0.83 0.61 0.8
0.83 0.57 0.8
0.83 0.55 0.79
0.83 0.53 0.79
0.82 0.55 0.77
0.82 0.54 0.77
0.82 0.58 0.79
0.82 0.6 0.78
0.82 0.6 0.78
0.81 0.58 0.78
0.81 0.61 0.81
0.82 0.59 0.79
0.81 0.56 0.81
0.82 0.53 0.8
0.82 0.52 0.79
0.82 0.53 0.78
0.83 0.53 0.8
0.82 0.57 0.81
0.82 0.56 0.79
0.82 0.55 0.78
0.82 0.54 0.78
0.83 0.59 0.81
0.84 0.63 0.81
0.84 0.65 0.8
0.83 0.65 0.8
0.83 0.65 0.79
0.83 0.61 0.8
0.83 0.64 0.82
0.83 0.65 0.82
0.83 0.63 0.88
0.83 0.6 0.87
0.83 0.58 0.85
0.82 0.6 0.85
0.82 0.58 0.83
0.82 0.62 0.87
0.82 0.61 0.85
0.83 0.58 0.85
0.82 0.57 0.83
0.81 0.58 0.81
0.82 0.62 0.81
0.82 0.59 0.81
0.82 0.62 0.81
0.82 0.63 0.82
0.82 0.6 0.81
0.83 0.57 0.84
0.83 0.57 0.83
0.82 0.58 0.84
0.82 0.56 0.82
0.82 0.6 0.85
0.82 0.63 0.86
0.82 0.59 0.84
0.82 0.57 0.82
0.82 0.6 0.83
0.82 0.57 0.83
0.82 0.56 0.82
0.82 0.54 0.83
0.82 0.58 0.87
0.83 0.55 0.86
0.83 0.55 0.84
0.84 0.55 0.82
0.83 0.54 0.81
0.82 0.54 0.8
0.82 0.54 0.79
0.82 0.54 0.78
0.82 0.58 0.79
0.81 0.62 0.83
0.82 0.65 0.84
0.83 0.62 0.89
0.82 0.63 0.86
0.82 0.61 0.83
0.83 0.61 0.82
0.83 0.59 0.83
0.82 0.56 0.81
0.82 0.59 0.81
0.82 0.57 0.82
0.83 0.57 0.81
0.82 0.55 0.81
0.81 0.58 0.8
0.81 0.6 0.84
0.81 0.63 0.86
0.81 0.65 0.87
0.82 0.62 0.87
0.83 0.63 0.85
0.83 0.58 0.84
0.83 0.63 0.85
0.82 0.65 0.86
0.83 0.66 0.87
0.82 0.63 0.84
0.83 0.64 0.84
0.83 0.62 0.87
0.82 0.63 0.84
0.82 0.64 0.86
0.83 0.65 0.84
0.83 0.67 0.84
0.83 0.61 0.84
0.82 0.59 0.84
0.83 0.62 0.83
0.82 0.65 0.85
0.81 0.62 0.83
0.81 0.59 0.82
0.82 0.57 0.81
0.82 0.58 0.89
0.81 0.58 0.86
0.81 0.56 0.85
0.81 0.55 0.83
0.82 0.55 0.83
0.82 0.57 0.81
0.83 0.54 0.84
0.83 0.55 0.88
0.83 0.55 0.84
0.83 0.54 0.84
0.83 0.59 0.87
0.83 0.62 0.85
0.82 0.58 0.87
0.82 0.63 0.85
0.82 0.61 0.84
0.81 0.64 0.87
0.82 0.61 0.84
0.82 0.58 0.83
0.82 0.55 0.81
0.83 0.55 0.79
0.83 0.55 0.81
0.82 0.54 0.79
0.82 0.58 0.78
0.82 0.61 0.78
0.82 0.64 0.83
0.82 0.61 0.81
0.82 0.63 0.82
0.82 0.59 0.88
0.81 0.62 0.86
0.81 0.6 0.83
0.81 0.63 0.86
0.81 0.64 0.84
0.82 0.62 0.9
0.82 0.6 0.87
0.82 0.57 0.86
0.81 0.62 0.89
0.82 0.63 0.87
0.81 0.63 0.87
0.81 0.61 0.91
0.81 0.58 0.87
0.81 0.62 0.88
0.81 0.64 0.87
0.82 0.62 0.83
0.82 0.63 0.83
0.82 0.61 0.82
0.82 0.59 0.83
0.82 0.6 0.81
0.81 0.61 0.81
0.81 0.58 0.78
0.81 0.56 0.79
0.82 0.6 0.81
0.82 0.63 0.81
0.82 0.64 0.81
0.82 0.65 0.84
0.84 0.61 0.85
0.83 0.64 0.85
0.82 0.6 0.82
0.81 0.62 0.85
0.81 0.58 0.83
0.81 0.58 0.81
0.81 0.61 0.85
0.81 0.58 0.88
0.81 0.57 0.86
0.81 0.58 0.84
0.82 0.56 0.82
0.82 0.55 0.82
0.82 0.57 0.81
0.82 0.57 0.84
0.81 0.55 0.84
0.81 0.58 0.84
0.82 0.57 0.86
0.82 0.59 0.83
0.82 0.63 0.83
0.81 0.65 0.83
0.81 0.62 0.8
0.81 0.59 0.82
0.81 0.57 0.82
0.81 0.54 0.81
0.81 0.54 0.79
0.82 0.58 0.79
0.82 0.56 0.8
0.81 0.6 0.83
0.81 0.62 0.84
0.81 0.6 0.82
0.82 0.63 0.87
0.83 0.6 0.87
0.82 0.62 0.85
0.82 0.59 0.82
0.82 0.63 0.83
0.82 0.59 0.82
0.83 0.61 0.82
0.82 0.63 0.81
0.83 0.64 0.81
0.82 0.59 0.81
0.82 0.57 0.81
0.82 0.56 0.8
0.83 0.54 0.81
0.83 0.54 0.79
0.83 0.58 0.79
0.83 0.57 0.8
0.83 0.56 0.78
0.83 0.6 0.83
0.83 0.62 0.81
0.84 0.65 0.83
0.83 0.67 0.84
0.83 0.68 0.85
0.83 0.65 0.82
0.82 0.62 0.82
0.82 0.56 0.83
0.81 0.53 0.82
0.81 0.54 0.82
0.82 0.53 0.82
0.81 0.52 0.81
0.82 0.51 0.79
0.82 0.52 0.78
0.84 0.53 0.8
0.84 0.54 0.79
0.83 0.53 0.82
0.83 0.52 0.8
0.83 0.54 0.81
0.84 0.58 0.82
0.82 0.6 0.81
0.82 0.61 0.81
0.82 0.65 0.85
0.82 0.62 0.83
0.82 0.59 0.81
0.82 0.58 0.88
0.81 0.56 0.85
0.81 0.59 0.83
0.81 0.58 0.82
0.81 0.62 0.82
0.82 0.59 0.87
0.82 0.6 0.84
0.82 0.62 0.87
0.82 0.65 0.86
0.83 0.65 0.86
0.82 0.6 0.85
0.82 0.58 0.83
0.81 0.57 0.81
0.81 0.55 0.8
0.81 0.58 0.79
0.82 0.58 0.85
0.82 0.58 0.89
0.82 0.6 0.88
0.82 0.63 0.86
0.82 0.64 0.85
0.82 0.66 0.84
0.81 0.68 0.85
0.81 0.68 0.88
0.82 0.64 0.85
0.81 0.67 0.86
0.82 0.62 0.83
0.82 0.61 0.88
0.82 0.59 0.85
0.82 0.58 0.81
0.82 0.62 0.82
0.81 0.64 0.85
0.81 0.61 0.85
0.81 0.64 0.84
0.81 0.62 0.82
0.81 0.63 0.82
0.81 0.61 0.86
0.81 0.62 0.83
0.82 0.6 0.83
0.82 0.57 0.82
0.82 0.58 0.81
0.81 0.59 0.81
0.82 0.58 0.84
0.82 0.61 0.87
0.82 0.59 0.84
0.82 0.63 0.87
0.81 0.62 0.85
0.81 0.62 0.82
0.82 0.6 0.81
0.81 0.59 0.8
0.81 0.63 0.84
0.82 0.62 0.89
0.81 0.63 0.86
0.81 0.65 0.85
0.8 0.66 0.85
0.81 0.67 0.89
0.82 0.67 0.86
0.81 0.67 0.85
0.81 0.62 0.85
0.81 0.61 0.82
0.81 0.62 0.84
0.81 0.64 0.83
0.81 0.63 0.81
0.81 0.64 0.81
0.81 0.66 0.84
0.81 0.67 0.85
0.81 0.67 0.89
0.81 0.63 0.87
0.82 0.65 0.86
0.82 0.6 0.89
0.82 0.61 0.85
0.83 0.59 0.88
0.82 0.61 0.88
0.82 0.64 0.87
0.82 0.65 0.86
0.81 0.64 0.84
0.81 0.62 0.91
0.81 0.64 0.88
0.81 0.65 0.88
0.82 0.62 0.89
0.81 0.6 0.87
0.82 0.59 0.89
0.81 0.6 0.86
0.81 0.62 0.93
0.81 0.59 0.91
0.81 0.62 0.9
0.81 0.63 0.92
0.81 0.6 0.89
0.81 0.63 0.9
0.81 0.63 0.88
0.81 0.6 0.85
0.81 0.63 0.87
0.81 0.64 0.84
0.81 0.65 0.85
0.81 0.67 0.87
0.81 0.63 0.84
0.82 0.62 0.89
0.83 0.64 0.88
0.83 0.66 0.86
0.82 0.67 0.88
0.83 0.69 0.88
0.82 0.64 0.89
0.82 0.6 0.87
0.82 0.6 0.85
0.82 0.63 0.86
0.82 0.65 0.85
0.82 0.65 0.85
0.82 0.65 0.83
0.82 0.65 0.82
0.82 0.62 0.82
0.82 0.6 0.81
0.81 0.6 0.8
0.81 0.62 0.8
0.8 0.63 0.79
0.81 0.6 0.79
0.81 0.58 0.83
0.81 0.6 0.84
0.81 0.61 0.83
0.81 0.62 0.81
0.82 0.6 0.81
0.81 0.62 0.82
0.81 0.66 0.82
0.81 0.68 0.84
0.81 0.63 0.84
0.81 0.59 0.83
0.81 0.57 0.82
0.81 0.59 0.81
0.81 0.62 0.81
0.81 0.58 0.8
0.82 0.57 0.83
0.82 0.55 0.82
0.82 0.6 0.84
0.81 0.62 0.83
0.8 0.59 0.82
0.8 0.63 0.82
0.8 0.64 0.83
0.8 0.64 0.83
0.8 0.66 0.82
0.8 0.68 0.85
0.8 0.64 0.84
0.8 0.61 0.84
0.8 0.62 0.81
0.81 0.64 0.81
0.81 0.61 0.8
0.81 0.59 0.8
0.83 0.56 0.83
0.83 0.6 0.83
0.82 0.62 0.84
0.82 0.6 0.83
0.82 0.61 0.82
0.82 0.63 0.85
0.82 0.64 0.84
0.81 0.65 0.82
0.8 0.64 0.81
0.8 0.62 0.78
0.8 0.6 0.78
0.8 0.61 0.77
0.8 0.62 0.79
0.8 0.64 0.79
0.81 0.66 0.81
0.81 0.66 0.83
0.81 0.67 0.82
0.81 0.7 0.82
0.81 0.69 0.81
0.81 0.63 0.81
0.81 0.61 0.78
0.81 0.63 0.77
0.81 0.6 0.77
0.81 0.56 0.79
0.81 0.54 0.8
0.81 0.58 0.79
0.81 0.57 0.88
0.81 0.55 0.87
0.81 0.55 0.83
0.82 0.55 0.82
0.82 0.56 0.85
0.82 0.57 0.83
0.81 0.61 0.82
0.81 0.6 0.8
0.81 0.59 0.8
0.81 0.57 0.82
0.81 0.62 0.82
0.81 0.63 0.82
0.81 0.6 0.81
0.81 0.58 0.81
0.82 0.57 0.81
0.81 0.56 0.81
0.81 0.6 0.8
0.8 0.6 0.79
0.82 0.57 0.82
0.81 0.6 0.82
0.81 0.61 0.82
0.82 0.61 0.85
0.81 0.57 0.84
0.81 0.57 0.81
0.81 0.61 0.84
0.81 0.63 0.82
0.81 0.66 0.82
0.81 0.69 0.81
0.81 0.64 0.81
0.82 0.65 0.85
0.82 0.61 0.85
0.82 0.57 0.84
0.81 0.59 0.83
0.82 0.56 0.82
0.82 0.6 0.83
0.82 0.6 0.9
0.82 0.57 0.87
0.82 0.56 0.83
0.82 0.56 0.82
0.81 0.54 0.84
0.81 0.55 0.9
0.81 0.54 0.88
0.81 0.53 0.87
0.81 0.57 0.85
0.82 0.56 0.83
0.82 0.59 0.82
0.81 0.6 0.81
0.81 0.62 0.82
0.8 0.65 0.86
0.81 0.67 0.86
0.8 0.66 0.84
0.81 0.61 0.84
0.81 0.6 0.86
0.81 0.6 0.93
0.82 0.62 0.92
0.82 0.57 0.9
0.81 0.59 0.87
0.81 0.61 0.87
0.81 0.6 0.84
0.82 0.59 0.86
0.81 0.62 0.84
0.82 0.64 0.83
0.83 0.61 0.85
0.83 0.63 0.83
0.83 0.65 0.85
0.83 0.65 0.83
0.82 0.66 0.8
0.81 0.62 0.79
0.81 0.65 0.79
0.82 0.6 0.78
0.81 0.64 0.81
0.82 0.65 0.81
0.81 0.62 0.82
0.81 0.61 0.82
0.81 0.63 0.82
0.82 0.64 0.83
0.82 0.61 0.81
0.83 0.61 0.84
0.83 0.63 0.86
0.82 0.65 0.84
0.82 0.61 0.82
0.82 0.63 0.82
0.82 0.65 0.81
0.81 0.63 0.82
0.81 0.59 0.82
0.81 0.57 0.81
0.8 0.59 0.81
0.81 0.63 0.84
0.81 0.61 0.83
0.8 0.63 0.83
0.8 0.6 0.8
0.8 0.56 0.8
0.8 0.59 0.82
0.8 0.62 0.83
0.8 0.64 0.83
0.8 0.6 0.82
0.81 0.61 0.82
0.81 0.65 0.83
0.8 0.66 0.82
0.81 0.68 0.82
0.81 0.63 0.84
0.81 0.6 0.84
0.81 0.62 0.85
0.8 0.59 0.82
0.8 0.6 0.82
0.81 0.62 0.81
0.81 0.65 0.81
0.8 0.66 0.83
0.8 0.61 0.82
0.81 0.58 0.82
0.81 0.59 0.82
0.8 0.62 0.81
0.8 0.65 0.79
0.8 0.62 0.78
0.8 0.6 0.8
0.8 0.58 0.79
0.8 0.61 0.79
0.81 0.6 0.83
0.81 0.62 0.81
0.82 0.64 0.84
0.82 0.6 0.82
0.81 0.64 0.84
0.82 0.61 0.82
0.82 0.61 0.81
0.82 0.63 0.8
0.82 0.61 0.78
0.82 0.61 0.78
0.82 0.58 0.79
0.82 0.57 0.79
0.82 0.58 0.86
0.82 0.6 0.85
0.81 0.58 0.83
0.82 0.61 0.84
0.81 0.58 0.85
0.82 0.61 0.89
0.82 0.57 0.89
0.82 0.56 0.87
0.82 0.58 0.87
0.82 0.57 0.85
0.83 0.56 0.84
0.82 0.58 0.82
0.82 0.62 0.84
0.82 0.58 0.86
0.82 0.61 0.86
0.81 0.62 0.85
0.8 0.61 0.83
0.81 0.63 0.82
0.81 0.59 0.83
0.82 0.57 0.83
0.8 0.62 0.8
0.8 0.59 0.81
0.8 0.61 0.81
0.8 0.62 0.8
0.81 0.6 0.8
0.82 0.62 0.83
0.82 0.64 0.83
0.81 0.61 0.82
0.81 0.64 0.84
0.82 0.62 0.83
0.82 0.64 0.83
0.83 0.61 0.83
0.83 0.64 0.84
0.83 0.66 0.85
0.83 0.62 0.84
0.83 0.6 0.81
0.82 0.61 0.81
0.82 0.58 0.81
0.82 0.62 0.83
0.82 0.59 0.82
0.82 0.57 0.81
0.82 0.57 0.82
0.83 0.61 0.84
0.82 0.59 0.83
0.82 0.56 0.83
0.82 0.59 0.84
0.82 0.6 0.82
0.83 0.57 0.82
0.83 0.59 0.81
0.82 0.57 0.8
0.83 0.59 0.81
0.82 0.61 0.83
0.82 0.58 0.81
0.83 0.61 0.83
0.83 0.58 0.84
0.82 0.62 0.85
0.81 0.58 0.85
0.81 0.59 0.83
0.81 0.62 0.83
0.82 0.65 0.84
0.82 0.6 0.85
0.82 0.63 0.86
0.82 0.59 0.86
0.82 0.63 0.87
0.82 0.6 0.86
0.82 0.58 0.84
0.83 0.59 0.83
0.83 0.62 0.83
0.83 0.59 0.82
0.83 0.56 0.81
0.83 0.59 0.82
0.81 0.57 0.81
0.81 0.59 0.79
0.82 0.57 0.77
0.81 0.61 0.81
0.81 0.63 0.82
0.82 0.6 0.82
0.81 0.61 0.81
