1.1 0.63 0.81
1.1 0.61 0.81
1.1 0.64 0.81
1.11 0.64 0.8
1.12 0.61 0.83
1.11 0.64 0.82
1.11 0.61 0.84
1.11 0.61 0.84
1.11 0.58 0.84
1.12 0.57 0.83
1.11 0.61 0.84
1.11 0.64 0.85
1.12 0.62 0.83
1.11 0.63 0.81
1.11 0.59 0.84
1.1 0.61 0.82
1.1 0.59 0.83
1.1 0.59 0.86
1.1 0.6 0.82
1.1 0.58 0.83
1.1 0.61 0.83
1.11 0.58 0.83
1.11 0.61 0.83
1.11 0.6 0.8
1.11 0.59 0.81
1.1 0.61 0.8
1.11 0.63 0.81
1.12 0.61 0.81
1.12 0.61 0.81
1.11 0.59 0.86
1.11 0.61 0.84
1.11 0.62 0.83
1.12 0.6 0.85
1.11 0.61 0.84
1.11 0.6 0.84
1.11 0.62 0.84
1.11 0.64 0.83
1.11 0.64 0.82
1.11 0.62 0.81
1.11 0.65 0.8
1.11 0.63 0.81
1.12 0.6 0.81
1.12 0.61 0.83
1.12 0.61 0.81
1.12 0.63 0.83
1.12 0.61 0.83
1.12 0.64 0.83
1.12 0.64 0.82
1.12 0.65 0.83
1.12 0.63 0.83
1.12 0.65 0.86
1.11 0.62 0.91
1.12 0.6 0.89
1.12 0.61 0.87
1.11 0.58 0.85
1.1 0.58 0.88
1.11 0.61 0.88
1.1 0.62 0.87
1.1 0.61 0.86
1.1 0.63 0.84
1.1 0.62 0.87
1.11 0.6 0.85
1.11 0.59 0.84
1.11 0.62 0.83
1.12 0.61 0.81
1.12 0.63 0.82
1.12 0.61 0.83
1.11 0.58 0.86
1.12 0.56 0.84
1.13 0.56 0.84
1.13 0.55 0.83
1.14 0.55 0.83
1.13 0.58 0.83
1.13 0.58 0.83
1.12 0.63 0.83
1.12 0.65 0.82
1.12 0.6 0.86
1.12 0.61 0.87
1.12 0.64 0.85
1.11 0.62 0.84
1.11 0.62 0.82
1.12 0.61 0.83
1.12 0.59 0.83
1.12 0.58 0.83
1.12 0.57 0.88
1.12 0.59 0.86
1.11 0.62 0.89
1.11 0.61 0.87
1.1 0.61 0.87
1.1 0.6 0.87
1.1 0.58 0.87
1.11 0.57 0.91
1.1 0.61 0.92
1.1 0.64 0.89
1.1 0.65 0.87
1.1 0.61 0.88
1.1 0.63 0.86
1.11 0.63 0.84
1.12 0.62 0.82
1.12 0.61 0.81
1.11 0.63 0.85
1.11 0.65 0.84
1.11 0.63 0.84
1.11 0.62 0.83
1.11 0.63 0.82
1.11 0.6 0.82
1.12 0.59 0.82
1.12 0.58 0.81
1.12 0.61 0.8
1.12 0.58 0.82
1.12 0.6 0.81
1.11 0.59 0.84
1.11 0.62 0.83
1.11 0.62 0.92
1.11 0.64 0.92
1.11 0.65 0.9
1.11 0.65 0.88
1.11 0.64 0.86
1.11 0.63 0.86
1.11 0.62 0.92
1.11 0.64 0.91
1.11 0.65 0.89
1.11 0.67 0.89
1.11 0.63 0.87
1.12 0.6 0.88
1.12 0.62 0.87
1.12 0.61 0.9
1.11 0.63 0.88
1.12 0.61 0.86
1.14 0.58 0.87
1.14 0.56 0.87
1.14 0.55 0.87
1.13 0.59 0.86
1.12 0.62 0.85
1.12 0.59 0.84
1.12 0.6 0.84
1.12 0.6 0.83
1.12 0.58 0.82
1.11 0.61 0.83
1.1 0.65 0.84
1.11 0.62 0.82
1.11 0.64 0.83
1.11 0.63 0.81
1.12 0.63 0.82
1.13 0.6 0.83
1.12 0.6 0.82
1.13 0.59 0.83
1.13 0.61 0.81
1.13 0.61 0.8
1.12 0.63 0.82
1.12 0.64 0.8
1.12 0.61 0.8
1.11 0.63 0.81
1.12 0.64 0.9
1.11 0.64 0.87
1.12 0.65 0.86
1.12 0.62 0.85
1.13 0.6 0.85
1.13 0.58 0.91
1.12 0.6 0.88
1.12 0.62 0.88
1.12 0.61 0.9
1.11 0.62 0.87
1.11 0.64 0.86
1.11 0.66 0.86
1.11 0.61 0.86
1.11 0.63 0.84
1.13 0.6 0.86
1.12 0.6 0.85
1.12 0.59 0.89
1.12 0.62 0.9
1.12 0.63 0.87
1.12 0.65 0.87
1.12 0.61 0.87
1.11 0.65 0.89
1.12 0.62 0.87
1.12 0.63 0.85
1.12 0.63 0.84
1.11 0.63 0.82
1.11 0.63 0.81
1.11 0.59 0.82
1.11 0.55 0.85
1.1 0.59 0.84
1.1 0.61 0.83
1.1 0.59 0.85
1.11 0.59 0.83
1.11 0.6 0.84
1.11 0.61 0.83
1.11 0.61 0.81
1.1 0.6 0.81
1.1 0.58 0.82
1.1 0.57 0.8
1.11 0.58 0.79
1.11 0.61 0.8
1.11 0.63 0.79
1.11 0.64 0.8
1.12 0.61 0.84
1.11 0.63 0.85
1.11 0.6 0.84
1.11 0.63 0.84
1.12 0.61 0.86
1.11 0.63 0.86
1.11 0.61 0.85
1.11 0.62 0.84
1.12 0.61 0.88
1.12 0.62 0.87
1.12 0.62 0.85
1.12 0.61 0.85
1.11 0.59 0.84
1.12 0.59 0.83
1.12 0.58 0.84
1.12 0.55 0.85
1.11 0.6 0.85
1.12 0.6 0.85
1.12 0.63 0.84
1.13 0.6 0.85
1.12 0.62 0.83
1.11 0.63 0.81
1.11 0.65 0.8
1.11 0.62 0.8
1.11 0.6 0.81
1.1 0.61 0.81
1.09 0.62 0.84
1.09 0.62 0.84
1.09 0.63 0.83
1.11 0.62 0.82
1.1 0.62 0.81
1.1 0.64 0.82
1.1 0.64 0.83
1.11 0.62 0.83
1.13 0.6 0.84
1.12 0.61 0.83
1.11 0.62 0.81
1.1 0.64 0.82
1.09 0.66 0.81
1.09 0.64 0.87
1.11 0.61 0.87
1.11 0.62 0.86
1.11 0.61 0.85
1.11 0.6 0.84
1.11 0.62 0.84
1.11 0.62 0.85
1.1 0.64 0.84
1.11 0.64 0.84
1.11 0.63 0.83
1.11 0.64 0.83
1.11 0.65 0.82
1.11 0.65 0.83
1.1 0.66 0.85
1.11 0.66 0.82
1.11 0.66 0.84
1.1 0.65 0.86
1.12 0.62 0.87
1.1 0.63 0.86
1.1 0.61 0.89
1.1 0.62 0.88
1.11 0.6 0.87
1.1 0.59 0.85
1.11 0.58 0.86
1.1 0.62 0.87
1.11 0.6 0.86
1.1 0.6 0.82
1.1 0.58 0.81
1.1 0.6 0.82
1.11 0.61 0.82
1.11 0.61 0.83
1.11 0.61 0.87
1.11 0.59 0.86
1.11 0.59 0.85
1.11 0.59 0.85
1.11 0.57 0.83
1.12 0.56 0.85
1.12 0.58 0.83
1.11 0.6 0.81
1.13 0.59 0.81
1.12 0.6 0.82
1.12 0.6 0.83
1.11 0.62 0.82
1.11 0.61 0.83
1.11 0.63 0.83
1.12 0.61 0.84
1.13 0.57 0.86
1.12 0.6 0.84
1.11 0.61 0.84
1.11 0.63 0.83
1.12 0.61 0.82
1.11 0.62 0.81
1.12 0.6 0.82
1.11 0.61 0.81
1.12 0.6 0.82
1.12 0.61 0.81
1.12 0.61 0.81
1.12 0.62 0.81
1.12 0.61 0.81
1.11 0.64 0.83
1.1 0.61 0.86
1.11 0.59 0.86
1.11 0.6 0.83
1.12 0.59 0.82
1.11 0.59 0.82
1.12 0.61 0.82
1.11 0.62 0.81
1.11 0.61 0.88
1.11 0.62 0.86
1.12 0.6 0.85
1.12 0.58 0.85
1.12 0.57 0.88
1.11 0.56 0.88
1.11 0.55 0.85
1.11 0.58 0.85
1.11 0.57 0.85
1.11 0.6 0.85
1.11 0.59 0.86
1.12 0.58 0.85
1.11 0.6 0.84
1.11 0.62 0.83
1.12 0.63 0.83
1.11 0.65 0.85
1.12 0.63 0.84
1.12 0.63 0.84
1.12 0.62 0.84
1.12 0.61 0.9
1.11 0.61 0.87
1.12 0.61 0.87
1.13 0.58 0.87
1.12 0.57 0.86
1.12 0.57 0.85
1.12 0.59 0.85
1.12 0.61 0.84
1.11 0.59 0.88
1.11 0.62 0.87
1.11 0.62 0.83
1.11 0.65 0.83
1.1 0.67 0.86
1.1 0.63 0.85
1.11 0.65 0.83
1.11 0.61 0.86
1.11 0.6 0.91
1.1 0.64 0.91
1.1 0.64 0.88
1.1 0.66 0.86
1.1 0.67 0.85
1.1 0.69 0.85
1.09 0.68 0.84
1.11 0.64 0.85
1.11 0.65 0.84
1.1 0.65 0.82
1.1 0.64 0.81
1.1 0.61 0.82
1.09 0.6 0.84
1.1 0.62 0.82
1.1 0.62 0.81
1.11 0.63 0.8
1.1 0.63 0.81
1.12 0.6 0.84
1.12 0.62 0.84
1.12 0.62 0.83
1.11 0.62 0.82
1.11 0.62 0.81
1.1 0.65 0.86
1.11 0.64 0.83
1.11 0.65 0.82
1.1 0.64 0.81
1.12 0.6 0.85
1.11 0.59 0.88
1.12 0.58 0.87
1.12 0.59 0.88
1.11 0.58 0.87
1.11 0.6 0.86
1.11 0.57 0.86
1.11 0.6 0.85
1.12 0.58 0.85
1.12 0.61 0.83
1.12 0.59 0.85
1.12 0.58 0.86
1.11 0.57 0.88
1.11 0.58 0.85
1.1 0.61 0.83
1.1 0.59 0.84
1.11 0.6 0.83
1.11 0.58 0.83
1.12 0.56 0.87
1.12 0.55 0.84
1.11 0.59 0.84
1.12 0.58 0.83
1.13 0.58 0.82
1.12 0.6 0.81
1.11 0.62 0.81
1.12 0.62 0.8
1.13 0.6 0.82
1.12 0.61 0.84
1.12 0.63 0.9
1.12 0.61 0.89
1.11 0.62 0.87
1.11 0.6 0.91
1.11 0.61 0.88
1.11 0.62 0.88
1.1 0.65 0.87
1.11 0.63 0.85
1.11 0.6 0.84
1.11 0.57 0.87
1.1 0.55 0.92
1.1 0.57 0.89
1.1 0.58 0.93
1.11 0.56 0.92
1.1 0.59 0.88
1.11 0.6 0.85
1.1 0.6 0.83
1.11 0.61 0.83
1.12 0.59 0.82
1.13 0.61 0.82
1.12 0.59 0.84
1.12 0.61 0.84
1.12 0.61 0.82
1.12 0.6 0.82
1.12 0.61 0.82
1.11 0.6 0.81
1.1 0.61 0.82
1.1 0.64 0.83
1.11 0.62 0.83
1.11 0.65 0.86
1.12 0.61 0.88
1.11 0.62 0.87
1.11 0.63 0.87
1.11 0.6 0.88
1.11 0.63 0.87
1.11 0.59 0.87
1.11 0.6 0.84
1.11 0.6 0.86
1.12 0.6 0.84
1.12 0.6 0.85
1.12 0.62 0.85
1.12 0.6 0.84
1.11 0.63 0.85
1.11 0.62 0.84
1.1 0.64 0.85
1.1 0.66 0.87
1.1 0.66 0.85
1.1 0.65 0.84
1.11 0.63 0.84
1.12 0.61 0.84
1.12 0.62 0.83
1.13 0.6 0.84
1.12 0.62 0.83
1.12 0.64 0.82
1.11 0.66 0.84
1.11 0.65 0.83
1.12 0.6 0.83
1.12 0.62 0.82
1.11 0.64 0.82
1.11 0.65 0.82
1.12 0.61 0.84
1.12 0.61 0.85
1.11 0.6 0.84
1.11 0.63 0.85
1.1 0.65 0.85
1.1 0.66 0.87
1.11 0.65 0.86
1.1 0.66 0.85
1.11 0.63 0.85
1.12 0.63 0.91
1.12 0.65 0.9
1.11 0.66 0.88
1.1 0.66 0.86
1.1 0.67 0.88
1.11 0.67 0.87
1.11 0.67 0.86
1.11 0.66 0.84
1.11 0.67 0.85
1.11 0.68 0.85
1.1 0.64 0.88
1.12 0.62 0.86
1.12 0.58 0.86
1.12 0.6 0.84
1.11 0.57 0.87
1.12 0.55 0.88
1.12 0.59 0.87
1.12 0.61 0.84
1.11 0.63 0.85
1.11 0.59 0.86
1.12 0.59 0.85
1.11 0.61 0.85
1.11 0.63 0.85
1.11 0.63 0.86
1.12 0.61 0.86
1.11 0.59 0.85
1.11 0.6 0.84
1.12 0.6 0.84
1.11 0.58 0.85
1.11 0.56 0.85
1.12 0.56 0.84
1.12 0.59 0.82
1.12 0.6 0.81
1.12 0.61 0.82
1.11 0.62 0.83
1.11 0.61 0.83
1.11 0.59 0.83
1.11 0.58 0.88
1.11 0.58 0.85
1.11 0.61 0.84
1.11 0.59 0.84
1.11 0.61 0.82
1.11 0.59 0.81
1.11 0.6 0.82
1.1 0.62 0.82
1.1 0.61 0.82
1.1 0.62 0.8
1.1 0.62 0.78
1.1 0.64 0.79
1.1 0.61 0.8
1.1 0.63 0.81
1.09 0.64 0.84
1.1 0.63 0.85
1.11 0.62 0.85
1.11 0.61 0.89
1.12 0.6 0.89
1.12 0.6 0.85
1.11 0.63 0.87
1.11 0.65 0.85
1.11 0.66 0.84
1.11 0.66 0.82
1.11 0.62 0.84
1.1 0.62 0.82
1.1 0.63 0.81
1.1 0.64 0.83
1.1 0.66 0.84
1.09 0.65 0.82
1.09 0.64 0.8
1.09 0.66 0.83
1.09 0.65 0.81
1.1 0.65 0.8
1.1 0.67 0.8
1.11 0.67 0.8
1.1 0.66 0.79
1.1 0.63 0.81
1.1 0.64 0.8
1.11 0.63 0.8
1.11 0.61 0.84
1.11 0.61 0.81
1.12 0.6 0.81
1.11 0.59 0.82
1.11 0.6 0.89
1.11 0.59 0.9
1.11 0.58 0.88
1.11 0.57 0.86
1.11 0.57 0.85
1.11 0.58 0.82
1.1 0.62 0.81
1.1 0.61 0.8
1.11 0.59 0.81
1.11 0.58 0.79
1.11 0.57 0.8
1.11 0.58 0.79
1.11 0.59 0.78
1.11 0.62 0.8
1.11 0.63 0.78
1.12 0.62 0.78
1.11 0.6 0.78
1.11 0.58 0.78
1.11 0.57 0.8
1.12 0.56 0.8
1.11 0.6 0.83
1.11 0.62 0.81
1.11 0.64 0.82
1.11 0.62 0.81
1.1 0.64 0.84
1.1 0.61 0.84
1.1 0.64 0.84
1.1 0.65 0.82
1.1 0.67 0.83
1.11 0.64 0.83
1.11 0.66 0.82
1.11 0.65 0.81
1.11 0.63 0.9
1.11 0.65 0.87
1.12 0.65 0.85
1.11 0.62 0.84
1.11 0.61 0.83
1.11 0.64 0.84
1.1 0.62 0.82
1.11 0.6 0.82
1.1 0.59 0.82
1.1 0.6 0.85
1.11 0.59 0.83
1.11 0.58 0.82
1.11 0.62 0.83
1.11 0.65 0.83
1.11 0.62 0.88
1.11 0.6 0.86
1.11 0.59 0.85
1.11 0.58 0.82
1.1 0.57 0.84
1.1 0.56 0.83
1.1 0.59 0.82
1.11 0.62 0.82
1.11 0.61 0.82
1.11 0.59 0.81
1.12 0.59 0.81
1.12 0.59 0.79
1.12 0.62 0.81
1.11 0.64 0.8
1.12 0.64 0.79
1.11 0.62 0.78
1.11 0.61 0.8
1.11 0.6 0.83
1.11 0.61 0.89
1.11 0.6 0.88
1.11 0.63 0.87
1.11 0.62 0.91
1.1 0.64 0.89
1.1 0.62 0.86
1.1 0.6 0.84
1.1 0.56 0.86
1.1 0.57 0.83
1.1 0.6 0.84
1.1 0.61 0.82
1.1 0.59 0.81
1.11 0.6 0.81
1.11 0.62 0.8
1.11 0.61 0.84
1.11 0.63 0.82
1.11 0.64 0.81
1.1 0.67 0.81
1.11 0.64 0.82
1.11 0.66 0.82
1.11 0.62 0.84
1.12 0.6 0.82
1.12 0.62 0.81
1.11 0.61 0.79
1.11 0.61 0.78
1.13 0.59 0.78
1.12 0.62 0.78
1.12 0.64 0.78
1.12 0.62 0.78
1.11 0.6 0.78
1.1 0.61 0.78
1.1 0.64 0.77
1.1 0.62 0.83
1.1 0.61 0.87
1.1 0.61 0.84
1.1 0.59 0.87
1.1 0.6 0.84
1.1 0.62 0.82
1.11 0.61 0.82
1.1 0.63 0.8
1.11 0.65 0.79
1.11 0.64 0.78
1.11 0.62 0.78
1.11 0.6 0.8
1.1 0.64 0.8
1.1 0.65 0.8
1.11 0.64 0.81
1.11 0.63 0.84
1.11 0.65 0.83
1.1 0.62 0.83
1.1 0.61 0.82
1.11 0.61 0.82
1.1 0.6 0.86
1.1 0.62 0.83
1.1 0.64 0.82
1.1 0.62 0.82
1.11 0.63 0.81
1.11 0.64 0.8
1.11 0.65 0.8
1.11 0.64 0.8
1.11 0.61 0.81
1.11 0.63 0.8
1.1 0.65 0.81
1.1 0.66 0.79
1.1 0.67 0.81
1.1 0.64 0.79
1.11 0.61 0.8
1.11 0.62 0.81
1.11 0.6 0.82
1.12 0.58 0.83
1.12 0.58 0.84
1.12 0.59 0.81
1.11 0.62 0.8
1.11 0.6 0.79
1.1 0.62 0.79
1.09 0.65 0.8
1.09 0.67 0.79
1.1 0.68 0.79
1.09 0.7 0.79
1.1 0.67 0.8
1.11 0.64 0.84
1.1 0.65 0.85
1.1 0.66 0.84
1.1 0.68 0.83
1.09 0.69 0.83
1.11 0.66 0.84
1.11 0.67 0.81
1.1 0.65 0.88
1.09 0.66 0.86
1.09 0.62 0.87
1.09 0.61 0.84
1.1 0.58 0.85
1.11 0.57 0.84
1.11 0.57 0.85
1.11 0.61 0.84
1.11 0.63 0.83
1.11 0.63 0.81
1.11 0.65 0.81
1.1 0.67 0.79
1.1 0.64 0.8
1.1 0.62 0.78
1.09 0.63 0.79
1.09 0.64 0.79
1.09 0.62 0.81
1.1 0.63 0.82
1.1 0.61 0.82
1.11 0.6 0.81
1.11 0.61 0.81
1.1 0.61 0.79
1.1 0.58 0.82
1.1 0.56 0.82
1.11 0.57 0.89
1.1 0.58 0.86
1.11 0.57 0.84
1.12 0.55 0.85
1.13 0.56 0.83
1.12 0.56 0.88
1.11 0.6 0.85
1.11 0.62 0.82
1.11 0.63 0.8
1.11 0.63 0.87
1.12 0.61 0.85
1.11 0.63 0.83
1.1 0.63 0.83
1.11 0.61 0.83
1.11 0.6 0.84
1.11 0.59 0.82
1.11 0.58 0.84
1.11 0.59 0.82
1.11 0.58 0.85
1.11 0.57 0.85
1.1 0.6 0.82
1.1 0.63 0.83
1.1 0.64 0.81
1.1 0.67 0.85
1.11 0.64 0.91
1.11 0.61 0.89
1.11 0.6 0.9
1.11 0.63 0.9
1.11 0.61 0.87
1.11 0.63 0.84
1.11 0.61 0.82
1.1 0.63 0.8
1.1 0.63 0.8
1.1 0.63 0.79
1.1 0.65 0.79
1.1 0.65 0.77
1.1 0.62 0.76
1.11 0.6 0.78
1.11 0.6 0.79
1.11 0.59 0.8
1.11 0.57 0.81
1.11 0.6 0.8
1.11 0.6 0.89
1.12 0.59 0.87
1.12 0.59 0.86
1.12 0.62 0.85
1.11 0.66 0.85
1.11 0.64 0.89
1.1 0.65 0.85
1.11 0.63 0.83
1.11 0.61 0.85
1.12 0.6 0.84
1.11 0.59 0.87
1.1 0.58 0.87
1.1 0.56 0.86
1.11 0.56 0.83
1.1 0.59 0.82
1.1 0.59 0.81
1.1 0.6 0.8
1.11 0.58 0.82
1.1 0.6 0.82
1.1 0.62 0.81
1.1 0.63 0.79
1.1 0.61 0.8
1.1 0.63 0.8
1.1 0.64 0.8
1.11 0.63 0.8
1.1 0.65 0.8
1.1 0.64 0.8
1.11 0.62 0.8
1.1 0.63 0.79
1.1 0.65 0.82
1.11 0.61 0.83
1.1 0.58 0.83
1.11 0.57 0.84
1.11 0.6 0.85
1.1 0.62 0.84
1.09 0.61 0.83
1.09 0.58 0.85
1.09 0.61 0.85
1.09 0.59 0.84
1.1 0.6 0.84
1.1 0.62 0.82
1.1 0.61 0.83
1.1 0.61 0.82
1.11 0.58 0.83
1.1 0.57 0.82
1.11 0.55 0.84
1.12 0.57 0.83
1.13 0.57 0.83
1.12 0.6 0.83
1.11 0.61 0.82
1.11 0.59 0.82
1.09 0.65 0.8
1.1 0.66 0.8
1.09 0.68 0.83
1.09 0.66 0.82
1.1 0.64 0.82
1.1 0.61 0.84
1.1 0.57 0.84
1.1 0.6 0.85
1.1 0.64 0.89
1.1 0.66 0.88
1.1 0.63 0.86
1.1 0.59 0.87
1.11 0.58 0.86
1.11 0.6 0.85
1.12 0.59 0.84
1.11 0.58 0.83
1.1 0.61 0.83
1.1 0.62 0.84
1.1 0.65 0.85
1.11 0.66 0.83
1.1 0.67 0.85
1.1 0.64 0.85
1.1 0.62 0.9
1.11 0.61 0.87
1.1 0.6 0.86
1.1 0.58 0.84
1.1 0.57 0.84
1.1 0.56 0.82
1.1 0.58 0.8
1.1 0.58 0.84
1.1 0.58 0.84
1.1 0.61 0.83
1.1 0.62 0.83
1.1 0.63 0.83
1.1 0.64 0.83
1.12 0.61 0.83
1.12 0.61 0.82
1.11 0.63 0.82
1.1 0.65 0.81
1.11 0.63 0.8
1.11 0.62 0.82
1.11 0.6 0.81
1.11 0.61 0.8
1.11 0.6 0.79
1.1 0.62 0.79
1.1 0.61 0.8
1.1 0.63 0.8
1.11 0.62 0.8
1.11 0.64 0.81
1.11 0.62 0.81
1.1 0.61 0.82
1.1 0.59 0.81
1.1 0.58 0.81
1.1 0.6 0.8
1.1 0.59 0.79
1.11 0.58 0.81
1.12 0.6 0.82
1.1 0.63 0.81
1.1 0.64 0.81
1.09 0.65 0.81
1.09 0.65 0.8
1.1 0.66 0.8
1.1 0.66 0.78
1.1 0.63 0.86
1.1 0.65 0.86
1.1 0.62 0.84
1.1 0.59 0.85
1.1 0.6 0.89
1.1 0.62 0.87
1.1 0.64 0.85
1.1 0.6 0.85
1.11 0.61 0.83
1.11 0.58 0.83
1.1 0.58 0.81
1.1 0.6 0.82
1.1 0.63 0.83
1.11 0.6 0.85
1.11 0.61 0.83
1.12 0.59 0.83
1.11 0.58 0.86
1.11 0.58 0.85
1.11 0.57 0.85
1.11 0.59 0.85
1.11 0.62 0.85
1.1 0.59 0.85
1.1 0.63 0.87
1.11 0.61 0.85
1.11 0.58 0.85
1.11 0.6 0.84
1.11 0.63 0.85
1.11 0.63 0.82
1.1 0.64 0.83
1.1 0.66 0.85
1.09 0.68 0.84
1.1 0.67 0.83
1.1 0.68 0.84
1.09 0.68 0.84
1.1 0.61 0.88
1.09 0.58 0.89
1.09 0.61 0.86
1.09 0.64 0.85
1.1 0.62 0.83
1.11 0.59 0.86
1.11 0.6 0.86
1.11 0.61 0.84
1.12 0.61 0.87
1.12 0.6 0.86
1.13 0.59 0.85
1.12 0.58 0.85
1.11 0.57 0.86
1.11 0.57 0.86
1.1 0.6 0.86
1.11 0.59 0.85
1.12 0.59 0.83
