1.37 0.72 0.82
1.36 0.73 0.85
1.37 0.71 0.83
1.37 0.74 0.83
1.37 0.76 0.84
1.37 0.7 0.85
1.35 0.71 0.84
1.35 0.73 0.86
1.35 0.75 0.89
1.36 0.75 0.9
1.37 0.75 0.86
1.38 0.73 0.83
1.38 0.7 0.82
1.38 0.68 0.81
1.36 0.7 0.84
1.35 0.69 0.86
1.34 0.69 0.85
1.34 0.71 0.84
1.35 0.67 0.86
1.35 0.68 0.87
1.36 0.7 0.83
1.34 0.73 0.8
1.35 0.69 0.8
1.35 0.65 0.8
1.36 0.66 0.81
1.36 0.68 0.83
1.37 0.7 0.82
1.37 0.66 0.82
1.37 0.65 0.82
1.38 0.68 0.82
1.4 0.62 0.79
1.39 0.61 0.8
1.38 0.61 0.81
1.38 0.64 0.82
1.36 0.68 0.85
1.37 0.68 0.84
1.34 0.71 0.88
1.36 0.69 0.94
1.36 0.7 0.96
1.36 0.71 0.93
1.36 0.71 0.93
1.37 0.71 0.89
1.36 0.72 0.89
1.36 0.69 0.86
1.37 0.69 0.85
1.35 0.7 0.85
1.36 0.69 0.81
1.36 0.64 0.82
1.36 0.67 0.82
1.37 0.67 0.81
1.36 0.7 0.83
1.36 0.68 0.82
1.37 0.65 0.79
1.36 0.68 0.85
1.39 0.58 0.83
1.39 0.61 0.84
1.39 0.59 0.83
1.38 0.59 0.81
1.38 0.58 0.81
1.38 0.61 0.79
1.37 0.63 0.84
1.37 0.63 0.82
1.36 0.66 0.85
1.36 0.69 0.87
1.34 0.72 0.84
1.34 0.7 0.84
1.35 0.67 0.84
1.35 0.65 0.81
1.35 0.62 0.85
1.38 0.55 0.82
1.38 0.6 0.81
1.38 0.64 0.85
1.37 0.65 0.86
1.36 0.67 0.89
1.36 0.69 0.92
1.36 0.69 0.89
1.36 0.69 0.86
1.35 0.69 0.84
1.36 0.71 0.84
1.36 0.73 0.86
1.36 0.74 0.86
1.34 0.74 0.88
1.35 0.75 0.86
1.35 0.76 0.87
1.33 0.77 0.88
1.33 0.77 0.87
1.33 0.76 0.86
1.35 0.76 0.83
1.35 0.72 0.82
1.34 0.72 0.84
1.35 0.72 0.84
1.36 0.7 0.81
1.34 0.72 0.86
1.32 0.74 0.89
1.33 0.75 0.86
1.34 0.76 0.86
1.35 0.74 0.83
1.36 0.75 0.85
1.37 0.73 0.83
1.35 0.73 0.84
1.36 0.73 0.82
1.36 0.73 0.83
1.35 0.74 0.89
1.33 0.76 0.84
1.37 0.66 0.82
1.36 0.68 0.85
1.34 0.71 0.89
1.35 0.67 0.86
1.35 0.69 0.85
1.38 0.61 0.82
1.38 0.65 0.83
1.36 0.69 0.84
1.36 0.65 0.84
1.39 0.58 0.82
1.39 0.61 0.79
1.39 0.66 0.81
1.38 0.68 0.8
1.38 0.64 0.81
1.37 0.63 0.83
1.37 0.66 0.84
1.37 0.68 0.87
1.37 0.71 0.85
1.37 0.73 0.83
1.37 0.74 0.82
1.37 0.74 0.83
1.38 0.73 0.81
1.38 0.69 0.8
1.37 0.7 0.79
1.34 0.72 0.86
1.34 0.72 0.85
1.35 0.72 0.85
1.35 0.68 0.85
1.35 0.7 0.86
1.35 0.67 0.84
1.35 0.68 0.83
1.36 0.65 0.8
1.36 0.68 0.82
1.35 0.7 0.86
1.35 0.65 0.86
1.35 0.67 0.88
1.38 0.59 0.86
1.37 0.62 0.89
1.36 0.64 0.88
1.36 0.61 0.87
1.36 0.64 0.85
1.36 0.65 0.86
1.37 0.66 0.86
1.38 0.61 0.88
1.36 0.64 0.9
1.37 0.65 0.88
1.37 0.67 0.89
1.36 0.62 0.9
1.36 0.64 0.91
1.36 0.61 0.89
1.34 0.64 0.9
1.34 0.64 0.88
1.34 0.67 0.89
1.34 0.68 0.93
1.34 0.7 0.91
1.35 0.7 0.87
1.35 0.69 0.87
1.36 0.69 0.86
1.35 0.66 0.86
1.36 0.61 0.89
1.36 0.64 0.92
1.39 0.58 0.87
1.38 0.61 0.86
1.38 0.63 0.83
1.37 0.66 0.86
1.37 0.67 0.85
1.37 0.67 0.83
1.37 0.69 0.82
1.36 0.71 0.86
1.35 0.67 0.86
1.36 0.69 0.84
1.39 0.61 0.81
1.37 0.63 0.86
1.36 0.62 0.86
1.35 0.66 0.91
1.38 0.59 0.86
1.4 0.54 0.83
1.38 0.56 0.8
1.37 0.54 0.8
1.35 0.59 0.8
1.36 0.61 0.79
1.34 0.64 0.83
1.34 0.66 0.83
1.34 0.62 0.84
1.33 0.63 0.84
1.32 0.65 0.89
1.31 0.67 0.84
1.3 0.71 0.81
1.31 0.68 0.84
1.3 0.7 0.82
1.3 0.72 0.83
1.32 0.72 0.83
1.33 0.71 0.89
1.34 0.67 0.89
1.34 0.69 0.96
1.32 0.7 0.99
1.36 0.62 0.93
1.35 0.64 0.91
1.35 0.6 0.92
1.36 0.58 0.91
1.36 0.62 0.92
1.36 0.6 0.9
1.37 0.6 0.9
1.36 0.64 0.92
1.35 0.66 0.9
1.33 0.7 0.94
1.32 0.72 0.93
1.33 0.67 0.9
1.33 0.68 0.88
1.34 0.64 0.88
1.35 0.6 0.86
1.36 0.62 0.84
1.37 0.66 0.84
1.37 0.63 0.83
1.36 0.65 0.83
1.37 0.66 0.81
1.38 0.62 0.8
1.36 0.66 0.83
1.36 0.64 0.83
1.36 0.67 0.85
1.36 0.68 0.86
1.39 0.61 0.83
1.37 0.59 0.84
1.37 0.59 0.81
1.37 0.61 0.8
1.37 0.64 0.83
1.37 0.67 0.84
1.37 0.64 0.86
1.37 0.61 0.84
1.37 0.6 0.83
1.37 0.61 0.82
1.37 0.63 0.82
1.36 0.64 0.82
1.35 0.66 0.86
1.35 0.63 0.86
1.36 0.6 0.83
1.36 0.63 0.81
1.35 0.66 0.83
1.36 0.68 0.82
1.36 0.65 0.82
1.37 0.67 0.83
1.37 0.69 0.86
1.38 0.7 0.88
1.38 0.66 0.87
1.37 0.68 0.87
1.38 0.69 0.86
1.39 0.7 0.85
1.38 0.66 0.86
1.37 0.68 0.89
1.38 0.7 0.88
1.38 0.7 0.88
1.41 0.62 0.84
1.39 0.64 0.88
1.37 0.66 0.9
1.37 0.69 0.89
1.37 0.69 0.9
1.37 0.7 0.89
1.37 0.72 0.9
1.38 0.7 0.88
1.38 0.68 0.86
1.36 0.69 0.88
1.34 0.7 0.84
1.34 0.73 0.84
1.35 0.74 0.88
1.35 0.76 0.91
1.37 0.77 0.89
1.39 0.68 0.85
1.38 0.64 0.83
1.38 0.67 0.84
1.37 0.69 0.86
1.37 0.65 0.84
1.38 0.68 0.82
1.38 0.7 0.83
1.37 0.7 0.85
1.37 0.68 0.83
1.4 0.6 0.8
1.39 0.58 0.8
1.39 0.61 0.79
1.38 0.64 0.81
1.37 0.61 0.82
1.38 0.63 0.79
1.37 0.65 0.82
1.36 0.66 0.81
1.36 0.63 0.84
1.36 0.65 0.83
1.34 0.67 0.89
1.33 0.69 0.9
1.34 0.7 0.87
1.34 0.7 0.85
1.35 0.7 0.9
1.36 0.7 0.87
1.36 0.72 0.88
1.37 0.67 0.89
1.36 0.69 0.91
1.36 0.71 0.9
1.37 0.73 0.87
1.37 0.72 0.84
1.36 0.72 0.82
1.36 0.69 0.8
1.37 0.66 0.8
1.36 0.68 0.84
1.39 0.61 0.8
1.36 0.65 0.87
1.35 0.69 0.86
1.35 0.69 0.85
1.36 0.7 0.87
1.35 0.72 0.9
1.36 0.71 0.87
1.37 0.68 0.83
1.36 0.65 0.82
1.36 0.67 0.81
1.37 0.69 0.83
1.36 0.7 0.86
1.36 0.7 0.86
1.36 0.7 0.87
1.36 0.7 0.86
1.36 0.69 0.82
1.37 0.66 0.8
1.38 0.68 0.79
1.37 0.65 0.83
1.37 0.68 0.83
1.37 0.67 0.89
1.37 0.67 0.86
1.36 0.62 0.87
1.36 0.61 0.84
1.37 0.59 0.81
1.37 0.62 0.82
1.37 0.59 0.82
1.37 0.61 0.81
1.36 0.61 0.82
1.36 0.64 0.85
1.37 0.64 0.82
1.37 0.66 0.82
1.37 0.69 0.83
1.38 0.65 0.82
1.38 0.68 0.82
1.38 0.69 0.83
1.37 0.69 0.88
1.37 0.66 0.84
1.36 0.68 0.83
1.37 0.69 0.81
1.37 0.69 0.8
1.37 0.65 0.83
1.37 0.62 0.85
1.36 0.63 0.83
1.37 0.64 0.83
1.38 0.62 0.81
1.37 0.65 0.84
1.37 0.67 0.9
1.37 0.67 0.88
1.37 0.68 0.87
1.37 0.68 0.88
1.37 0.68 0.87
1.37 0.67 0.85
1.38 0.64 0.82
1.37 0.66 0.82
1.36 0.68 0.83
1.36 0.68 0.86
1.36 0.68 0.84
1.36 0.68 0.82
1.39 0.61 0.8
1.41 0.55 0.78
1.39 0.55 0.78
1.39 0.56 0.78
1.39 0.6 0.78
1.39 0.63 0.77
1.42 0.55 0.75
1.4 0.58 0.87
1.39 0.6 0.84
1.38 0.62 0.84
1.39 0.64 0.88
1.38 0.63 0.86
1.38 0.66 0.92
1.38 0.65 0.87
1.37 0.69 0.88
1.37 0.65 0.87
1.38 0.65 0.86
1.37 0.64 0.84
1.37 0.67 0.83
1.38 0.64 0.8
1.38 0.61 0.79
1.37 0.63 0.79
1.36 0.6 0.85
1.37 0.63 0.84
1.37 0.65 0.82
1.38 0.67 0.8
1.38 0.68 0.81
1.37 0.63 0.81
1.37 0.63 0.79
1.37 0.61 0.78
1.38 0.62 0.77
1.38 0.64 0.78
1.37 0.66 0.8
1.37 0.64 0.8
1.35 0.65 0.88
1.36 0.61 0.86
1.37 0.62 0.84
1.37 0.6 0.83
1.37 0.58 0.84
1.37 0.62 0.86
1.37 0.65 0.84
1.37 0.62 0.81
1.37 0.63 0.81
1.37 0.6 0.82
1.37 0.59 0.81
1.35 0.64 0.87
1.34 0.66 0.88
1.35 0.63 0.85
1.35 0.66 0.84
1.36 0.67 0.85
1.36 0.68 0.87
1.34 0.7 0.89
1.34 0.68 0.89
1.34 0.69 0.88
1.34 0.66 0.87
1.36 0.65 0.84
1.37 0.68 0.87
1.36 0.68 0.87
1.34 0.71 0.88
1.35 0.72 0.84
1.36 0.67 0.81
1.37 0.7 0.83
1.37 0.69 0.81
1.37 0.66 0.81
1.36 0.63 0.82
1.37 0.65 0.81
1.37 0.67 0.83
1.38 0.65 0.81
1.38 0.68 0.81
1.38 0.69 0.83
1.38 0.65 0.82
1.37 0.67 0.83
1.36 0.67 0.82
1.36 0.63 0.83
1.35 0.65 0.84
1.34 0.68 0.84
1.35 0.69 0.85
1.35 0.7 0.85
1.36 0.72 0.85
1.36 0.67 0.85
1.36 0.63 0.84
1.39 0.56 0.8
1.39 0.59 0.8
1.38 0.62 0.8
1.37 0.65 0.86
1.37 0.65 0.84
1.37 0.67 0.87
1.36 0.68 0.88
1.36 0.69 0.87
1.36 0.7 0.88
1.39 0.61 0.84
1.38 0.64 0.84
1.39 0.67 0.82
1.36 0.68 0.84
1.35 0.69 0.84
1.34 0.7 0.86
1.35 0.7 0.86
1.36 0.71 0.83
1.36 0.71 0.83
1.36 0.7 0.85
1.37 0.66 0.88
1.37 0.67 0.9
1.37 0.69 0.88
1.37 0.66 0.87
1.37 0.63 0.88
1.38 0.65 0.84
1.37 0.67 0.82
1.36 0.68 0.85
1.37 0.67 0.83
1.37 0.69 0.85
1.37 0.69 0.85
1.37 0.69 0.85
1.4 0.62 0.82
1.39 0.65 0.83
1.39 0.67 0.83
1.38 0.68 0.82
1.4 0.6 0.8
1.39 0.64 0.81
1.38 0.63 0.81
1.38 0.67 0.83
1.38 0.68 0.84
1.38 0.7 0.84
1.37 0.71 0.83
1.37 0.72 0.84
1.37 0.73 0.85
1.38 0.73 0.84
1.37 0.73 0.86
1.37 0.72 0.84
1.38 0.73 0.86
1.37 0.75 0.89
1.35 0.75 0.93
1.36 0.71 0.89
1.36 0.72 0.92
1.36 0.73 0.91
1.36 0.74 0.93
1.35 0.75 0.94
1.35 0.74 0.9
1.36 0.7 0.87
1.35 0.71 0.89
1.35 0.72 0.9
1.36 0.73 0.88
1.36 0.71 0.88
1.37 0.67 0.87
1.34 0.71 0.9
1.38 0.62 0.85
1.39 0.65 0.82
1.39 0.68 0.81
1.36 0.7 0.87
1.36 0.69 0.85
1.37 0.68 0.82
1.38 0.64 0.81
1.37 0.66 0.82
1.37 0.64 0.81
1.37 0.65 0.81
1.37 0.63 0.81
1.37 0.66 0.82
1.37 0.68 0.86
1.36 0.65 0.84
1.36 0.69 0.84
1.36 0.69 0.83
1.36 0.7 0.84
1.36 0.72 0.84
1.36 0.73 0.85
1.36 0.74 0.85
1.35 0.74 0.88
1.35 0.69 0.88
1.34 0.71 0.89
1.35 0.68 0.87
1.35 0.66 0.85
1.36 0.67 0.84
1.36 0.69 0.85
1.37 0.71 0.83
1.36 0.72 0.84
1.36 0.72 0.84
1.35 0.66 0.86
1.36 0.69 0.86
1.36 0.7 0.86
1.36 0.7 0.85
1.36 0.72 0.85
1.37 0.69 0.83
1.39 0.6 0.8
1.38 0.59 0.81
1.38 0.63 0.82
1.37 0.64 0.83
1.37 0.63 0.81
1.37 0.66 0.81
1.36 0.7 0.79
1.36 0.71 0.79
1.36 0.68 0.79
1.36 0.65 0.78
1.37 0.67 0.79
1.37 0.69 0.78
1.36 0.71 0.87
1.37 0.71 0.87
1.37 0.72 0.87
1.38 0.74 0.86
1.38 0.75 0.87
1.37 0.73 0.89
1.38 0.7 0.85
1.38 0.71 0.85
1.38 0.72 0.82
1.38 0.73 0.81
1.38 0.72 0.81
1.39 0.73 0.79
1.39 0.73 0.78
1.39 0.72 0.78
1.39 0.72 0.77
1.39 0.72 0.77
1.38 0.72 0.76
1.37 0.72 0.79
1.38 0.73 0.79
1.41 0.62 0.77
1.4 0.64 0.8
1.39 0.66 0.78
1.38 0.68 0.81
1.38 0.69 0.84
1.38 0.69 0.85
1.35 0.71 0.88
1.34 0.72 0.87
1.35 0.72 0.84
1.33 0.74 0.82
1.33 0.75 0.88
1.34 0.7 0.86
1.35 0.65 0.86
1.35 0.62 0.85
1.34 0.67 0.88
1.35 0.68 0.86
1.36 0.68 0.85
1.37 0.65 0.83
1.34 0.67 0.85
1.33 0.69 0.87
1.34 0.71 0.89
1.35 0.66 0.88
1.35 0.68 0.9
1.36 0.69 0.86
1.34 0.7 0.86
1.36 0.64 0.83
1.37 0.63 0.82
1.37 0.6 0.82
1.37 0.59 0.81
1.38 0.62 0.8
1.39 0.61 0.79
1.39 0.63 0.8
1.39 0.65 0.79
1.38 0.67 0.81
1.38 0.64 0.8
1.4 0.58 0.78
1.39 0.62 0.8
1.38 0.6 0.78
1.37 0.59 0.8
1.37 0.62 0.82
1.38 0.59 0.82
1.38 0.61 0.82
1.38 0.65 0.84
1.38 0.63 0.84
1.41 0.57 0.82
1.4 0.56 0.8
1.4 0.6 0.81
1.39 0.58 0.82
1.39 0.64 0.85
1.38 0.67 0.85
1.37 0.68 0.86
1.38 0.65 0.84
1.37 0.62 0.85
1.36 0.66 0.84
1.34 0.68 0.86
1.35 0.7 0.84
1.35 0.65 0.86
1.36 0.67 0.85
1.36 0.67 0.84
1.34 0.7 0.86
1.38 0.61 0.82
1.38 0.59 0.81
1.37 0.63 0.82
1.36 0.66 0.85
1.37 0.68 0.82
1.37 0.69 0.83
1.38 0.7 0.84
1.38 0.71 0.81
1.37 0.66 0.84
1.38 0.68 0.85
1.36 0.69 0.87
1.36 0.7 0.86
1.34 0.72 0.88
1.34 0.72 0.88
1.35 0.72 0.87
1.36 0.67 0.86
1.36 0.69 0.85
1.34 0.71 0.86
1.35 0.72 0.85
1.38 0.62 0.82
1.38 0.64 0.83
1.38 0.62 0.82
1.37 0.6 0.83
1.37 0.64 0.83
1.35 0.69 0.87
1.35 0.71 0.85
1.36 0.66 0.85
1.36 0.69 0.87
1.35 0.7 0.9
1.36 0.71 0.89
1.35 0.71 0.9
1.35 0.72 0.9
1.35 0.73 0.9
1.35 0.73 0.92
1.36 0.73 0.9
1.37 0.74 0.87
1.38 0.73 0.86
1.38 0.74 0.86
1.38 0.74 0.85
1.4 0.64 0.81
1.4 0.66 0.81
1.39 0.64 0.79
1.42 0.56 0.77
1.4 0.6 0.77
1.4 0.64 0.78
1.37 0.68 0.82
1.37 0.69 0.84
1.36 0.7 0.84
1.37 0.71 0.81
1.38 0.72 0.8
1.38 0.74 0.8
1.37 0.73 0.81
1.37 0.73 0.8
1.34 0.74 0.84
1.35 0.73 0.84
1.39 0.64 0.82
1.41 0.57 0.79
1.4 0.62 0.79
1.39 0.65 0.82
1.38 0.67 0.85
1.38 0.68 0.84
1.38 0.7 0.84
1.37 0.67 0.85
1.36 0.68 0.86
1.34 0.7 0.89
1.34 0.72 0.85
1.34 0.73 0.88
1.35 0.67 0.86
1.36 0.63 0.84
1.36 0.66 0.84
1.39 0.59 0.81
1.37 0.62 0.83
1.37 0.62 0.82
1.35 0.66 0.85
1.36 0.68 0.87
1.36 0.7 0.88
1.38 0.63 0.84
1.38 0.66 0.83
1.37 0.68 0.84
1.37 0.68 0.85
1.37 0.68 0.83
1.37 0.63 0.85
1.35 0.65 0.87
1.33 0.68 0.83
1.34 0.68 0.81
1.33 0.7 0.83
1.33 0.69 0.84
1.33 0.64 0.85
1.34 0.61 0.84
1.35 0.65 0.85
1.35 0.66 0.86
1.35 0.68 0.88
1.35 0.7 0.89
1.35 0.7 0.88
1.34 0.7 0.88
1.34 0.69 0.89
1.34 0.7 0.93
1.35 0.72 0.91
1.36 0.67 0.87
1.36 0.67 0.84
1.34 0.59 0.83
1.34 0.62 0.9
1.34 0.61 0.87
1.34 0.63 0.86
1.35 0.64 0.86
1.35 0.64 0.87
1.34 0.62 0.85
1.34 0.65 0.87
1.34 0.67 0.86
1.34 0.67 0.86
1.34 0.67 0.87
1.35 0.64 0.86
1.35 0.66 0.86
1.35 0.68 0.86
1.35 0.7 0.85
1.36 0.71 0.84
1.36 0.67 0.86
1.36 0.64 0.87
1.34 0.66 0.88
1.33 0.68 0.9
1.32 0.69 0.91
1.33 0.7 0.88
1.34 0.7 0.88
1.34 0.72 0.94
1.34 0.72 0.92
1.35 0.73 0.92
1.35 0.73 0.91
1.36 0.71 0.89
1.35 0.73 0.95
1.35 0.72 0.94
1.36 0.67 0.9
1.36 0.64 0.87
1.36 0.63 0.84
1.35 0.65 0.86
1.35 0.67 0.86
1.34 0.7 0.82
1.34 0.67 0.85
1.33 0.64 0.84
1.33 0.63 0.83
1.34 0.65 0.83
1.38 0.58 0.8
1.36 0.55 0.83
1.37 0.58 0.8
1.37 0.63 0.81
1.35 0.66 0.83
1.35 0.68 0.83
1.35 0.71 0.82
1.34 0.72 0.85
1.35 0.74 0.85
1.35 0.74 0.84
1.33 0.74 0.86
1.34 0.71 0.82
1.34 0.72 0.81
1.35 0.72 0.8
1.35 0.71 0.8
1.39 0.62 0.78
1.38 0.64 0.8
1.37 0.66 0.84
1.36 0.64 0.84
1.34 0.69 0.88
1.32 0.71 0.89
1.33 0.71 0.87
1.34 0.66 0.85
1.35 0.65 0.85
1.36 0.67 0.84
1.37 0.64 0.82
1.38 0.66 0.8
1.38 0.68 0.79
1.38 0.69 0.79
1.38 0.68 0.81
1.38 0.69 0.81
1.37 0.7 0.79
1.36 0.73 0.83
1.36 0.68 0.82
1.36 0.68 0.83
1.37 0.68 0.82
1.37 0.65 0.83
1.37 0.62 0.84
1.37 0.65 0.84
1.37 0.68 0.85
1.38 0.7 0.85
1.37 0.64 0.93
1.36 0.66 0.91
1.36 0.69 0.88
1.37 0.71 0.86
1.37 0.7 0.82
1.37 0.67 0.81
1.37 0.65 0.79
1.37 0.66 0.79
1.35 0.69 0.82
1.35 0.7 0.86
1.36 0.69 0.89
1.35 0.63 0.88
1.34 0.66 0.88
1.35 0.69 0.88
1.33 0.71 0.91
1.34 0.71 0.89
1.34 0.71 0.88
1.34 0.72 0.87
1.35 0.71 0.87
1.35 0.73 0.86
1.36 0.73 0.85
1.36 0.69 0.86
1.36 0.67 0.85
1.36 0.67 0.86
1.36 0.68 0.87
1.37 0.7 0.85
1.36 0.71 0.85
1.35 0.7 0.87
1.34 0.72 0.84
1.35 0.73 0.84
1.35 0.73 0.86
1.35 0.7 0.86
1.35 0.66 0.87
1.34 0.67 0.87
1.34 0.67 0.84
1.35 0.67 0.82
1.35 0.67 0.9
1.36 0.63 0.87
1.36 0.66 0.89
1.36 0.68 0.88
1.36 0.65 0.86
1.36 0.68 0.87
1.36 0.69 0.88
1.37 0.7 0.85
1.37 0.71 0.84
1.36 0.67 0.86
1.36 0.69 0.87
1.36 0.7 0.88
1.37 0.7 0.86
1.37 0.71 0.88
1.37 0.71 0.87
1.37 0.73 0.87
1.38 0.7 0.86
1.38 0.71 0.84
1.37 0.7 0.87
1.37 0.7 0.9
1.37 0.73 0.88
1.4 0.66 0.84
1.39 0.67 0.87
1.39 0.68 0.87
1.37 0.71 0.88
1.36 0.72 0.86
1.36 0.67 0.85
1.37 0.63 0.83
1.37 0.64 0.87
1.37 0.62 0.86
1.37 0.6 0.85
1.37 0.64 0.88
1.37 0.62 0.85
1.37 0.63 0.84
1.37 0.62 0.84
1.36 0.66 0.88
1.36 0.68 0.91
1.34 0.69 0.9
1.35 0.69 0.87
1.35 0.66 0.85
1.35 0.67 0.86
1.35 0.68 0.84
1.39 0.6 0.81
1.39 0.61 0.79
1.38 0.6 0.8
1.38 0.62 0.8
1.38 0.65 0.82
1.38 0.68 0.82
1.36 0.69 0.83
1.36 0.7 0.83
1.36 0.71 0.86
1.36 0.73 0.84
1.36 0.72 0.82
1.37 0.71 0.82
1.37 0.71 0.8
1.37 0.71 0.79
1.36 0.67 0.79
1.37 0.63 0.8
1.37 0.6 0.79
1.4 0.55 0.77
1.39 0.59 0.84
1.37 0.63 0.89
1.38 0.65 0.89
1.37 0.65 0.87
1.38 0.66 0.83
1.37 0.66 0.87
1.38 0.63 0.87
1.37 0.65 0.9
1.37 0.67 0.87
1.37 0.69 0.88
1.37 0.71 0.86
1.36 0.67 0.84
1.37 0.69 0.86
1.36 0.7 0.91
1.36 0.67 0.88
1.36 0.68 0.88
1.37 0.66 0.85
1.37 0.69 0.85
1.37 0.69 0.83
1.37 0.66 0.83
1.36 0.68 0.83
1.36 0.64 0.84
1.36 0.66 0.84
1.37 0.67 0.85
1.36 0.69 0.88
1.37 0.7 0.85
1.37 0.68 0.83
1.38 0.63 0.84
1.38 0.65 0.81
1.38 0.67 0.83
1.35 0.7 0.89
1.35 0.7 0.87
1.36 0.7 0.94
1.37 0.71 0.9
1.37 0.71 0.87
1.37 0.67 0.85
1.37 0.69 0.87
1.35 0.69 0.89
1.36 0.65 0.87
1.36 0.62 0.85
1.36 0.65 0.86
1.35 0.67 0.89
1.36 0.69 0.88
1.37 0.69 0.86
1.36 0.71 0.9
1.36 0.66 0.91
1.36 0.63 0.88
1.36 0.65 0.86
1.37 0.66 0.85
1.36 0.68 0.84
1.37 0.69 0.84
1.37 0.66 0.82
1.4 0.58 0.8
1.4 0.62 0.81
1.38 0.64 0.82
1.38 0.6 0.81
1.37 0.63 0.82
1.38 0.66 0.82
1.36 0.68 0.9
1.36 0.7 0.91
1.36 0.72 0.91
1.36 0.71 0.92
1.35 0.74 0.87
1.36 0.72 0.84
1.36 0.71 0.82
1.34 0.72 0.88
1.34 0.72 0.91
1.35 0.71 0.89
1.35 0.7 0.88
1.35 0.66 0.86
1.35 0.69 0.86
1.36 0.66 0.83
1.37 0.69 0.82
1.37 0.71 0.84
1.37 0.66 0.83
1.36 0.67 0.88
1.36 0.65 0.84
1.35 0.68 0.88
1.36 0.7 0.86
1.37 0.71 0.83
1.37 0.72 0.82
1.37 0.72 0.82
1.38 0.72 0.8
1.38 0.66 0.82
1.38 0.63 0.82
1.38 0.63 0.81
1.36 0.65 0.83
1.36 0.68 0.86
1.38 0.61 0.82
1.37 0.64 0.85
1.37 0.65 0.83
1.37 0.69 0.84
1.4 0.6 0.82
1.39 0.63 0.83
1.38 0.64 0.83
1.38 0.63 0.82
1.34 0.67 0.8
1.35 0.63 0.8
1.35 0.66 0.85
1.35 0.68 0.88
1.35 0.7 0.88
1.33 0.72 0.84
1.34 0.72 0.86
1.35 0.71 0.85
1.36 0.68 0.83
1.36 0.71 0.82
1.36 0.71 0.87
1.35 0.71 0.88
1.36 0.71 0.85
1.36 0.72 0.83
1.36 0.73 0.82
1.36 0.67 0.83
1.36 0.67 0.85
1.39 0.6 0.81
1.38 0.63 0.84
1.4 0.58 0.81
1.39 0.58 0.82
1.39 0.61 0.83
1.39 0.62 0.82
1.38 0.62 0.83
1.38 0.61 0.82
1.38 0.63 0.84
1.38 0.65 0.83
1.41 0.57 0.8
1.39 0.6 0.86
1.38 0.62 0.84
1.38 0.65 0.83
1.38 0.66 0.83
1.38 0.67 0.82
1.38 0.67 0.8
1.39 0.68 0.8
1.38 0.69 0.83
1.39 0.68 0.82
1.39 0.67 0.81
1.37 0.69 0.82
1.37 0.69 0.83
1.37 0.7 0.82
1.37 0.69 0.81
1.37 0.69 0.83
1.4 0.62 0.8
1.39 0.61 0.79
1.37 0.63 0.81
1.38 0.64 0.79
1.38 0.63 0.79
1.35 0.64 0.81
1.35 0.62 0.81
1.35 0.65 0.81
1.34 0.67 0.83
1.35 0.68 0.83
1.35 0.7 0.86
1.35 0.71 0.87
1.36 0.67 0.85
1.36 0.68 0.84
1.36 0.7 0.87
1.36 0.67 0.86
1.35 0.69 0.9
1.36 0.7 0.9
1.39 0.61 0.86
1.39 0.64 0.86
1.38 0.67 0.88
1.36 0.7 0.84
1.35 0.68 0.84
1.36 0.7 0.85
1.36 0.69 0.85
1.37 0.66 0.84
1.37 0.63 0.83
1.35 0.66 0.87
1.35 0.68 0.85
1.36 0.71 0.85
1.39 0.62 0.82
1.39 0.66 0.83
1.36 0.7 0.8
1.34 0.71 0.78
1.35 0.7 0.78
1.34 0.71 0.84
1.35 0.72 0.84
1.36 0.71 0.84
1.36 0.71 0.85
1.35 0.73 0.82
1.34 0.7 0.83
1.36 0.7 0.82
1.36 0.69 0.81
1.37 0.65 0.79
1.38 0.67 0.82
1.38 0.68 0.8
1.38 0.71 0.84
1.41 0.63 0.82
1.43 0.56 0.8
1.4 0.55 0.82
1.39 0.61 0.88
1.39 0.65 0.87
1.39 0.62 0.86
1.4 0.63 0.83
1.39 0.65 0.83
1.39 0.64 0.8
1.38 0.61 0.84
1.38 0.58 0.84
1.41 0.55 0.81
1.43 0.49 0.79
1.41 0.57 0.82
1.4 0.59 0.8
1.42 0.56 0.78
1.39 0.6 0.87
1.38 0.64 0.86
1.38 0.66 0.89
1.38 0.67 0.88
1.38 0.7 0.9
1.38 0.71 0.86
1.38 0.71 0.85
1.38 0.72 0.87
1.37 0.73 0.88
1.37 0.73 0.89
1.37 0.74 0.9
1.38 0.74 0.91
1.36 0.73 0.91
1.36 0.74 0.87
1.36 0.69 0.86
1.37 0.69 0.84
1.37 0.71 0.85
1.37 0.72 0.85
1.36 0.72 0.84
1.35 0.73 0.88
1.33 0.75 0.84
1.32 0.75 0.81
1.36 0.66 0.79
1.36 0.63 0.81
1.35 0.6 0.83
1.36 0.6 0.82
1.35 0.63 0.85
1.36 0.6 0.87
1.37 0.65 0.87
1.38 0.67 0.85
1.41 0.59 0.83
1.4 0.61 0.82
1.39 0.59 0.82
1.39 0.58 0.82
1.41 0.53 0.8
1.41 0.57 0.81
1.4 0.61 0.82
1.4 0.61 0.8
1.38 0.62 0.81
1.38 0.66 0.8
1.36 0.69 0.78
1.34 0.69 0.85
1.35 0.69 0.83
1.37 0.63 0.8
1.35 0.68 0.79
1.34 0.71 0.85
1.34 0.71 0.84
1.33 0.74 0.86
1.32 0.74 0.86
1.33 0.74 0.9
1.34 0.73 0.89
1.34 0.72 0.9
1.37 0.63 0.86
1.37 0.64 0.82
1.37 0.66 0.87
1.37 0.66 0.89
1.38 0.68 0.86
1.38 0.69 0.84
1.38 0.66 0.82
1.38 0.62 0.84
1.38 0.64 0.87
1.38 0.65 0.85
1.37 0.66 0.87
1.37 0.66 0.84
1.36 0.68 0.85
1.37 0.69 0.85
1.37 0.7 0.86
1.37 0.7 0.89
1.38 0.66 0.84
1.37 0.67 0.87
1.38 0.68 0.86
1.38 0.68 0.85
1.37 0.69 0.87
1.37 0.63 0.91
1.35 0.67 0.92
1.36 0.69 0.91
1.36 0.71 0.89
1.36 0.72 0.9
1.34 0.74 0.9
1.34 0.75 0.9
1.35 0.73 0.86
1.35 0.74 0.87
1.35 0.73 0.85
1.35 0.68 0.84
1.35 0.68 0.83
1.36 0.69 0.85
1.36 0.7 0.85
1.35 0.66 0.89
1.36 0.62 0.89
1.36 0.58 0.89
1.37 0.63 0.9
1.36 0.65 0.92
1.37 0.66 0.92
1.36 0.63 0.9
1.36 0.59 0.92
1.37 0.63 0.92
1.38 0.65 0.92
1.38 0.62 0.92
1.38 0.6 0.91
1.38 0.6 0.88
1.4 0.55 0.83
1.4 0.6 0.86
1.4 0.62 0.83
1.4 0.6 0.86
1.4 0.66 0.83
1.38 0.67 0.85
1.37 0.69 0.86
1.38 0.66 0.84
1.38 0.67 0.83
1.38 0.67 0.82
1.38 0.69 0.86
1.41 0.61 0.83
1.4 0.64 0.87
1.37 0.67 0.84
1.37 0.68 0.87
1.37 0.69 0.86
1.37 0.64 0.86
1.37 0.65 0.88
1.38 0.67 0.85
1.38 0.65 0.83
1.35 0.69 0.83
1.34 0.7 0.85
1.35 0.68 0.82
1.36 0.65 0.8
1.37 0.7 0.78
1.38 0.66 0.79
1.38 0.67 0.82
1.38 0.7 0.83
1.38 0.71 0.84
1.38 0.72 0.86
1.38 0.72 0.85
1.37 0.66 0.84
1.37 0.67 0.83
1.37 0.68 0.86
1.37 0.63 0.88
1.38 0.65 0.86
1.38 0.66 0.86
1.38 0.64 0.85
1.37 0.61 0.86
1.38 0.64 0.87
1.38 0.61 0.85
1.38 0.64 0.88
1.38 0.59 0.93
1.41 0.56 0.87
1.4 0.6 0.87
1.38 0.65 0.9
1.41 0.57 0.85
1.39 0.62 0.87
1.39 0.66 0.87
1.42 0.59 0.83
1.41 0.62 0.83
1.4 0.64 0.81
1.39 0.67 0.81
1.38 0.68 0.83
1.38 0.69 0.83
1.39 0.69 0.82
1.39 0.69 0.83
1.39 0.71 0.87
1.38 0.71 0.88
1.38 0.73 0.9
1.36 0.74 0.91
1.37 0.74 0.86
1.37 0.7 0.86
1.37 0.69 0.83
1.37 0.65 0.84
1.37 0.68 0.85
1.35 0.69 0.81
1.34 0.7 0.84
1.34 0.7 0.84
1.34 0.7 0.85
1.33 0.7 0.86
1.34 0.7 0.87
1.35 0.65 0.85
1.36 0.67 0.84
1.37 0.69 0.85
1.37 0.66 0.83
1.37 0.67 0.86
1.37 0.68 0.93
1.37 0.68 0.91
1.37 0.69 0.9
1.38 0.7 0.88
1.38 0.7 0.87
1.38 0.66 0.86
1.38 0.67 0.85
1.37 0.68 0.86
1.37 0.68 0.85
1.38 0.69 0.87
1.38 0.7 0.87
1.4 0.62 0.83
1.4 0.65 0.82
1.39 0.68 0.82
1.39 0.7 0.82
1.38 0.71 0.84
1.38 0.72 0.87
1.38 0.73 0.85
1.37 0.73 0.85
1.36 0.73 0.87
1.38 0.73 0.86
1.38 0.73 0.84
1.37 0.73 0.84
1.36 0.74 0.88
1.36 0.68 0.87
1.37 0.7 0.87
1.37 0.69 0.84
1.37 0.65 0.86
1.38 0.63 0.84
1.38 0.66 0.85
1.38 0.67 0.85
1.39 0.69 0.82
1.38 0.66 0.83
1.41 0.6 0.8
1.4 0.63 0.82
1.4 0.66 0.82
1.39 0.67 0.84
1.39 0.69 0.83
1.38 0.71 0.83
1.41 0.61 0.8
1.4 0.59 0.81
1.4 0.6 0.78
1.39 0.62 0.77
1.39 0.65 0.79
1.38 0.68 0.82
1.38 0.66 0.8
1.38 0.68 0.79
1.38 0.7 0.81
1.39 0.65 0.81
1.39 0.68 0.8
1.4 0.66 0.79
1.4 0.68 0.83
1.37 0.69 0.85
1.37 0.7 0.84
1.34 0.73 0.9
1.35 0.73 0.88
1.35 0.73 0.88
1.34 0.75 0.84
1.35 0.71 0.82
1.39 0.64 0.79
1.39 0.66 0.8
1.38 0.69 0.82
1.37 0.68 0.89
1.37 0.7 0.89
1.37 0.7 0.85
1.38 0.71 0.84
1.37 0.7 0.81
1.36 0.64 0.84
1.37 0.66 0.84
1.35 0.67 0.88
1.35 0.69 0.87
1.35 0.67 0.84
1.36 0.66 0.84
1.36 0.66 0.83
1.36 0.67 0.84
1.39 0.59 0.81
1.38 0.57 0.85
1.38 0.58 0.82
1.37 0.61 0.83
1.37 0.65 0.83
1.36 0.69 0.86
1.36 0.71 0.87
1.35 0.74 0.87
1.36 0.73 0.87
1.39 0.65 0.83
1.41 0.58 0.8
1.39 0.63 0.83
1.38 0.66 0.85
1.38 0.69 0.82
1.38 0.69 0.8
1.37 0.7 0.79
1.37 0.69 0.79
1.37 0.69 0.85
1.37 0.69 0.85
1.38 0.7 0.84
1.38 0.68 0.82
1.38 0.69 0.8
1.38 0.65 0.8
1.38 0.67 0.82
1.38 0.69 0.83
1.37 0.64 0.87
1.37 0.63 0.85
1.37 0.6 0.85
1.37 0.63 0.83
1.37 0.64 0.82
1.37 0.67 0.82
1.36 0.69 0.83
1.36 0.7 0.85
1.34 0.71 0.81
1.34 0.71 0.85
1.34 0.67 0.85
1.35 0.67 0.81
1.36 0.65 0.8
1.36 0.68 0.81
1.39 0.6 0.8
1.38 0.61 0.84
1.38 0.63 0.85
1.4 0.56 0.82
1.42 0.5 0.81
1.41 0.56 0.79
1.39 0.59 0.83
1.38 0.62 0.83
1.38 0.64 0.84
1.38 0.66 0.85
1.38 0.63 0.83
1.38 0.66 0.84
1.37 0.67 0.84
1.37 0.69 0.84
1.38 0.7 0.82
1.38 0.7 0.83
1.38 0.71 0.84
1.36 0.71 0.9
1.36 0.71 0.87
1.36 0.66 0.85
1.4 0.58 0.81
1.36 0.62 0.84
1.36 0.64 0.85
1.36 0.61 0.87
1.37 0.64 0.86
1.37 0.65 0.87
1.37 0.67 0.88
1.37 0.67 0.87
1.36 0.69 0.87
1.37 0.69 0.87
1.39 0.6 0.84
1.38 0.63 0.84
1.37 0.62 0.82
1.37 0.6 0.81
1.38 0.63 0.83
1.4 0.55 0.8
1.39 0.61 0.83
1.39 0.62 0.8
1.38 0.65 0.84
1.38 0.66 0.81
1.36 0.68 0.85
1.35 0.7 0.86
1.35 0.66 0.85
1.36 0.68 0.85
1.36 0.69 0.85
1.36 0.69 0.87
1.37 0.69 0.85
1.37 0.65 0.85
1.36 0.67 0.86
1.37 0.68 0.85
1.37 0.69 0.84
1.37 0.65 0.85
1.37 0.66 0.85
1.34 0.68 0.88
1.35 0.7 0.88
1.38 0.63 0.88
1.38 0.61 0.87
1.37 0.6 0.86
1.37 0.64 0.87
1.37 0.67 0.86
1.37 0.68 0.83
1.36 0.62 0.86
1.36 0.65 0.87
1.36 0.67 0.9
1.34 0.68 0.92
1.35 0.69 0.92
1.35 0.69 0.88
1.35 0.71 0.89
1.36 0.71 0.88
1.36 0.72 0.88
1.39 0.63 0.84
1.39 0.66 0.82
1.38 0.68 0.83
1.4 0.6 0.81
1.42 0.53 0.79
1.41 0.59 0.78
1.4 0.58 0.79
1.39 0.63 0.84
1.38 0.65 0.87
1.36 0.69 0.83
1.36 0.7 0.85
1.37 0.66 0.85
1.37 0.67 0.86
1.38 0.69 0.84
1.38 0.7 0.81
1.37 0.71 0.83
1.37 0.69 0.82
1.35 0.72 0.8
1.35 0.7 0.78
1.36 0.7 0.8
1.36 0.71 0.8
1.37 0.73 0.8
1.37 0.74 0.83
1.37 0.69 0.82
1.35 0.7 0.83
1.36 0.7 0.82
1.36 0.65 0.85
1.36 0.68 0.85
1.36 0.7 0.85
1.36 0.7 0.84
1.37 0.73 0.86
1.36 0.73 0.88
1.37 0.68 0.86
1.37 0.7 0.86
1.37 0.7 0.82
1.37 0.71 0.81
1.37 0.71 0.82
1.37 0.71 0.82
1.37 0.7 0.83
