1.71 0.53 0.82
1.71 0.52 0.81
1.71 0.52 0.8
1.7 0.54 0.88
1.71 0.52 0.88
1.7 0.54 0.88
1.7 0.55 0.88
1.7 0.56 0.88
1.7 0.58 0.86
1.7 0.55 0.85
1.7 0.54 0.85
1.7 0.56 0.82
1.7 0.56 0.87
1.7 0.58 0.85
1.71 0.57 0.85
1.72 0.55 0.83
1.71 0.53 0.84
1.71 0.51 0.85
1.72 0.49 0.83
1.71 0.47 0.84
1.72 0.48 0.85
1.72 0.48 0.86
1.72 0.49 0.87
1.72 0.49 0.85
1.72 0.53 0.86
1.72 0.56 0.88
1.71 0.57 0.86
1.71 0.58 0.87
1.71 0.61 0.88
1.71 0.57 0.86
1.72 0.55 0.85
1.72 0.54 0.85
1.72 0.57 0.83
1.72 0.53 0.83
1.72 0.51 0.83
1.72 0.54 0.85
1.72 0.51 0.86
1.72 0.54 0.87
1.72 0.56 0.89
1.71 0.54 0.87
1.71 0.56 0.84
1.71 0.54 0.86
1.71 0.53 0.86
1.71 0.55 0.83
1.71 0.57 0.82
1.72 0.58 0.83
1.71 0.58 0.86
1.71 0.59 0.84
1.7 0.59 0.87
1.71 0.56 0.85
1.72 0.55 0.83
1.71 0.54 0.82
1.71 0.53 0.8
1.72 0.54 0.8
1.72 0.56 0.83
1.72 0.58 0.83
1.72 0.55 0.83
1.72 0.54 0.85
1.72 0.51 0.84
1.72 0.54 0.86
1.72 0.54 0.85
1.72 0.54 0.83
1.71 0.53 0.83
1.72 0.53 0.81
1.71 0.55 0.85
1.72 0.54 0.83
1.71 0.56 0.88
1.7 0.53 0.89
1.7 0.51 0.88
1.71 0.56 0.85
1.7 0.57 0.83
1.71 0.55 0.82
1.72 0.54 0.82
1.72 0.55 0.84
1.73 0.57 0.85
1.71 0.54 0.85
1.71 0.57 0.86
1.7 0.56 0.84
1.7 0.58 0.81
1.7 0.56 0.81
1.69 0.55 0.8
1.7 0.53 0.79
1.71 0.51 0.79
1.71 0.53 0.82
1.7 0.54 0.84
1.7 0.54 0.83
1.7 0.56 0.85
1.69 0.55 0.91
1.69 0.57 0.9
1.7 0.58 0.86
1.7 0.59 0.86
1.7 0.57 0.84
1.7 0.54 0.84
1.71 0.56 0.86
1.71 0.53 0.85
1.7 0.55 0.88
1.7 0.57 0.85
1.7 0.55 0.84
1.7 0.57 0.86
1.7 0.59 0.85
1.7 0.55 0.85
1.7 0.54 0.84
1.71 0.55 0.84
1.71 0.57 0.85
1.72 0.54 0.84
1.72 0.56 0.86
1.71 0.54 0.86
1.72 0.53 0.84
1.71 0.54 0.85
1.71 0.56 0.83
1.71 0.54 0.82
1.71 0.57 0.8
1.7 0.54 0.81
1.71 0.53 0.82
1.69 0.54 0.88
1.69 0.56 0.89
1.69 0.58 0.86
1.68 0.59 0.86
1.68 0.6 0.85
1.68 0.56 0.86
1.68 0.57 0.83
1.68 0.54 0.84
1.68 0.56 0.83
1.68 0.54 0.82
1.69 0.57 0.82
1.69 0.58 0.82
1.68 0.58 0.8
1.68 0.59 0.85
1.68 0.6 0.83
1.67 0.59 0.81
1.68 0.56 0.82
1.69 0.53 0.84
1.69 0.52 0.84
1.69 0.5 0.83
1.69 0.53 0.85
1.69 0.55 0.89
1.69 0.56 0.9
1.69 0.54 0.88
1.7 0.52 0.87
1.7 0.54 0.89
1.7 0.52 0.87
1.69 0.54 0.93
1.69 0.53 0.89
1.68 0.56 0.87
1.68 0.57 0.89
1.68 0.54 0.9
1.7 0.53 0.87
1.69 0.55 0.9
1.69 0.54 0.88
1.7 0.54 0.87
1.69 0.56 0.88
1.69 0.57 0.9
1.69 0.55 0.88
1.7 0.57 0.89
1.7 0.55 0.86
1.7 0.56 0.87
1.7 0.57 0.84
1.71 0.54 0.82
1.71 0.56 0.85
1.7 0.57 0.87
1.7 0.54 0.88
1.71 0.53 0.86
1.71 0.55 0.9
1.71 0.55 0.87
1.71 0.57 0.85
1.7 0.57 0.87
1.71 0.55 0.87
1.71 0.54 0.84
1.71 0.53 0.83
1.71 0.56 0.81
1.7 0.57 0.85
1.7 0.57 0.82
1.7 0.54 0.82
1.7 0.53 0.82
1.7 0.53 0.82
1.71 0.56 0.84
1.71 0.56 0.83
1.7 0.57 0.88
1.7 0.58 0.88
1.7 0.55 0.88
1.7 0.59 0.86
1.71 0.57 0.84
1.7 0.58 0.84
1.7 0.55 0.82
1.7 0.54 0.82
1.71 0.52 0.83
1.71 0.52 0.82
1.7 0.54 0.85
1.7 0.52 0.88
1.7 0.54 0.9
1.7 0.52 0.9
1.7 0.52 0.88
1.7 0.5 0.87
1.7 0.54 0.86
1.7 0.52 0.85
1.71 0.54 0.84
1.7 0.55 0.83
1.7 0.53 0.83
1.71 0.53 0.82
1.7 0.57 0.85
1.71 0.57 0.84
1.72 0.56 0.84
1.72 0.55 0.83
1.72 0.55 0.82
1.72 0.56 0.84
1.71 0.59 0.83
1.71 0.6 0.88
1.7 0.6 0.89
1.7 0.61 0.96
1.7 0.6 0.94
1.71 0.6 0.9
1.71 0.57 0.9
1.7 0.58 0.91
1.7 0.6 0.9
1.69 0.6 0.92
1.7 0.61 0.88
1.69 0.63 0.88
1.69 0.6 0.88
1.69 0.61 0.85
1.7 0.62 0.83
1.69 0.62 0.82
1.71 0.59 0.81
1.71 0.61 0.81
1.71 0.6 0.82
1.71 0.58 0.83
1.7 0.58 0.87
1.69 0.59 0.84
1.7 0.6 0.83
1.69 0.63 0.82
1.7 0.64 0.81
1.69 0.65 0.83
1.7 0.6 0.83
1.7 0.57 0.82
1.7 0.55 0.84
1.71 0.52 0.83
1.71 0.51 0.81
1.71 0.51 0.8
1.7 0.54 0.82
1.71 0.53 0.82
1.7 0.54 0.82
1.7 0.56 0.84
1.7 0.54 0.84
1.69 0.57 0.82
1.69 0.58 0.81
1.69 0.58 0.85
1.68 0.59 0.86
1.68 0.57 0.85
1.68 0.59 0.83
1.69 0.55 0.84
1.7 0.56 0.85
1.69 0.58 0.83
1.69 0.59 0.83
1.69 0.6 0.83
1.7 0.56 0.84
1.7 0.58 0.85
1.7 0.59 0.83
1.7 0.57 0.84
1.71 0.56 0.85
1.71 0.57 0.85
1.72 0.58 0.85
1.72 0.59 0.83
1.71 0.57 0.82
1.71 0.55 0.84
1.71 0.56 0.85
1.71 0.55 0.83
1.72 0.58 0.83
1.72 0.58 0.82
1.71 0.59 0.8
1.7 0.59 0.83
1.69 0.6 0.81
1.69 0.61 0.8
1.69 0.59 0.82
1.7 0.58 0.82
1.7 0.59 0.86
1.71 0.61 0.84
1.71 0.58 0.83
1.72 0.57 0.82
1.72 0.56 0.82
1.71 0.54 0.86
1.71 0.57 0.83
1.71 0.57 0.86
1.71 0.57 0.86
1.7 0.54 0.86
1.71 0.54 0.84
1.7 0.52 0.83
1.71 0.51 0.84
1.69 0.55 0.84
1.7 0.55 0.85
1.69 0.55 0.9
1.7 0.57 0.91
1.69 0.59 0.94
1.69 0.56 0.9
1.68 0.53 0.89
1.68 0.55 0.92
1.68 0.56 0.92
1.68 0.58 0.89
1.69 0.6 0.92
1.69 0.61 0.94
1.69 0.56 0.92
1.69 0.58 0.88
1.69 0.55 0.87
1.68 0.56 0.88
1.68 0.57 0.84
1.69 0.59 0.83
1.68 0.6 0.91
1.68 0.56 0.9
1.68 0.56 0.93
1.68 0.57 0.92
1.69 0.56 0.89
1.69 0.58 0.85
1.69 0.54 0.87
1.69 0.56 0.89
1.68 0.57 0.86
1.69 0.57 0.84
1.69 0.59 0.82
1.7 0.55 0.82
1.7 0.58 0.8
1.71 0.56 0.8
1.72 0.53 0.81
1.71 0.53 0.82
1.71 0.56 0.85
1.71 0.55 0.85
1.71 0.57 0.89
1.71 0.54 0.88
1.7 0.56 0.89
1.7 0.58 0.87
1.7 0.59 0.91
1.71 0.57 0.87
1.71 0.58 0.85
1.71 0.59 0.83
1.7 0.57 0.81
1.7 0.58 0.8
1.7 0.54 0.82
1.7 0.54 0.81
1.71 0.57 0.8
1.7 0.58 0.78
1.7 0.54 0.8
1.69 0.56 0.83
1.69 0.59 0.82
1.7 0.55 0.82
1.69 0.57 0.81
1.69 0.58 0.81
1.68 0.58 0.8
1.69 0.59 0.83
1.68 0.59 0.86
1.67 0.6 0.84
1.67 0.6 0.83
1.68 0.59 0.84
1.68 0.6 0.82
1.68 0.57 0.83
1.69 0.57 0.8
1.68 0.57 0.86
1.68 0.54 0.85
1.7 0.57 0.86
1.7 0.6 0.86
1.7 0.56 0.86
1.7 0.57 0.85
1.69 0.54 0.87
1.69 0.56 0.86
1.69 0.53 0.86
1.69 0.53 0.87
1.69 0.56 0.86
1.68 0.59 0.84
1.69 0.54 0.84
1.69 0.54 0.85
1.7 0.55 0.84
1.71 0.55 0.82
1.71 0.56 0.85
1.71 0.57 0.86
1.7 0.58 0.83
1.71 0.6 0.82
1.71 0.58 0.82
1.71 0.6 0.81
1.71 0.59 0.83
1.73 0.61 0.83
1.72 0.56 0.86
1.72 0.59 0.84
1.71 0.6 0.83
1.7 0.6 0.82
1.69 0.6 0.8
1.69 0.62 0.82
1.69 0.58 0.83
1.7 0.58 0.82
1.7 0.58 0.85
1.69 0.57 0.83
1.7 0.56 0.82
1.71 0.54 0.81
1.7 0.56 0.83
1.7 0.53 0.82
1.7 0.52 0.83
1.7 0.5 0.82
1.7 0.5 0.83
1.7 0.52 0.81
1.7 0.56 0.81
1.71 0.58 0.8
1.72 0.59 0.8
1.7 0.6 0.79
1.7 0.6 0.78
1.71 0.57 0.78
1.71 0.55 0.78
1.71 0.57 0.82
1.71 0.53 0.81
1.71 0.55 0.84
1.71 0.56 0.82
1.71 0.57 0.86
1.71 0.55 0.84
1.71 0.56 0.86
1.7 0.57 0.89
1.69 0.58 0.91
1.69 0.54 0.9
1.69 0.56 0.96
1.68 0.57 0.97
1.69 0.58 0.97
1.69 0.59 0.95
1.69 0.6 0.9
1.69 0.61 0.88
1.69 0.58 0.88
1.69 0.55 0.9
1.7 0.56 0.9
1.7 0.57 0.87
1.7 0.59 0.85
1.69 0.58 0.85
1.7 0.57 0.84
1.7 0.53 0.83
1.7 0.55 0.84
1.7 0.57 0.82
1.7 0.58 0.82
1.68 0.59 0.81
1.7 0.57 0.81
1.71 0.55 0.81
1.71 0.57 0.8
1.7 0.59 0.81
1.71 0.6 0.84
1.71 0.57 0.83
1.71 0.58 0.81
1.71 0.55 0.81
1.71 0.56 0.79
1.71 0.54 0.8
1.71 0.56 0.79
1.72 0.59 0.8
1.71 0.55 0.8
1.71 0.57 0.82
1.72 0.55 0.81
1.72 0.52 0.82
1.72 0.57 0.81
1.72 0.58 0.81
1.71 0.59 0.79
1.71 0.6 0.79
1.7 0.56 0.83
1.7 0.58 0.82
1.71 0.6 0.83
1.71 0.57 0.85
1.7 0.58 0.88
1.72 0.56 0.86
1.71 0.58 0.84
1.71 0.55 0.84
1.71 0.56 0.86
1.72 0.53 0.86
1.72 0.55 0.83
1.73 0.57 0.83
1.72 0.6 0.83
1.72 0.58 0.84
1.7 0.59 0.84
1.7 0.6 0.85
1.7 0.61 0.85
1.7 0.61 0.83
1.7 0.62 0.83
1.7 0.62 0.83
1.7 0.62 0.81
1.69 0.58 0.83
1.7 0.56 0.82
1.7 0.57 0.81
1.72 0.58 0.81
1.71 0.59 0.79
1.71 0.55 0.81
1.72 0.57 0.8
1.71 0.59 0.82
1.71 0.57 0.83
1.7 0.59 0.82
1.71 0.6 0.82
1.7 0.61 0.82
1.68 0.62 0.85
1.68 0.63 0.88
1.7 0.63 0.86
1.69 0.63 0.83
1.69 0.62 0.85
1.68 0.63 0.84
1.69 0.6 0.82
1.68 0.61 0.81
1.68 0.57 0.82
1.68 0.58 0.81
1.68 0.6 0.8
1.69 0.61 0.8
1.68 0.56 0.82
1.69 0.54 0.81
1.69 0.52 0.82
1.7 0.53 0.81
1.7 0.52 0.81
1.71 0.5 0.81
1.7 0.54 0.8
1.71 0.51 0.82
1.71 0.51 0.85
1.71 0.55 0.82
1.71 0.56 0.85
1.71 0.58 0.83
1.71 0.58 0.81
1.7 0.58 0.8
1.7 0.56 0.79
1.7 0.57 0.83
1.69 0.58 0.84
1.7 0.59 0.86
1.69 0.61 0.85
1.7 0.57 0.86
1.69 0.58 0.83
1.69 0.58 0.82
1.7 0.61 0.82
1.69 0.61 0.8
1.69 0.62 0.8
1.7 0.58 0.81
1.72 0.56 0.79
1.71 0.57 0.79
1.71 0.55 0.8
1.7 0.58 0.79
1.72 0.58 0.8
1.72 0.59 0.81
1.72 0.6 0.8
1.71 0.61 0.79
1.71 0.58 0.82
1.7 0.58 0.85
1.72 0.59 0.85
1.71 0.59 0.83
1.71 0.59 0.86
1.7 0.6 0.86
1.71 0.57 0.84
1.71 0.55 0.84
1.71 0.56 0.87
1.71 0.53 0.86
1.7 0.56 0.84
1.7 0.54 0.83
1.71 0.57 0.8
1.7 0.54 0.83
1.7 0.57 0.87
1.71 0.54 0.87
1.71 0.51 0.87
1.72 0.54 0.85
1.71 0.57 0.84
1.7 0.59 0.85
1.7 0.6 0.87
1.71 0.61 0.87
1.71 0.61 0.84
1.7 0.6 0.81
1.71 0.56 0.81
1.71 0.58 0.83
1.71 0.59 0.82
1.71 0.6 0.8
1.7 0.6 0.8
1.69 0.6 0.84
1.7 0.61 0.84
1.7 0.61 0.85
1.7 0.61 0.83
1.71 0.57 0.84
1.7 0.55 0.82
1.69 0.58 0.82
1.7 0.54 0.83
1.7 0.52 0.83
1.69 0.54 0.81
1.69 0.55 0.82
1.68 0.58 0.82
1.68 0.59 0.8
1.68 0.55 0.83
1.69 0.52 0.82
1.69 0.5 0.83
1.69 0.49 0.83
1.7 0.48 0.82
1.7 0.47 0.81
1.7 0.45 0.83
1.69 0.5 0.82
1.7 0.5 0.84
1.7 0.47 0.84
1.7 0.5 0.85
1.7 0.54 0.83
1.7 0.56 0.85
1.7 0.54 0.86
1.7 0.56 0.88
1.69 0.58 0.86
1.71 0.55 0.84
1.71 0.52 0.84
1.7 0.54 0.85
1.7 0.56 0.85
1.69 0.58 0.85
1.7 0.6 0.84
1.71 0.61 0.82
1.7 0.62 0.83
1.7 0.61 0.85
1.69 0.61 0.89
1.7 0.58 0.87
1.69 0.59 0.86
1.68 0.59 0.91
1.69 0.6 0.86
1.68 0.6 0.83
1.69 0.6 0.81
1.7 0.57 0.82
1.7 0.59 0.85
1.7 0.6 0.82
1.7 0.56 0.84
1.7 0.55 0.83
1.69 0.56 0.83
1.69 0.56 0.85
1.69 0.58 0.88
1.69 0.59 0.85
1.68 0.61 0.83
1.68 0.6 0.83
1.68 0.6 0.87
1.69 0.58 0.85
1.7 0.58 0.84
1.7 0.6 0.82
1.69 0.6 0.82
1.7 0.58 0.81
1.7 0.6 0.8
1.7 0.56 0.82
1.71 0.53 0.82
1.72 0.52 0.82
1.71 0.52 0.81
1.72 0.55 0.8
1.71 0.58 0.79
1.71 0.55 0.82
1.72 0.55 0.81
1.72 0.55 0.82
1.72 0.53 0.81
1.72 0.52 0.81
1.71 0.54 0.85
1.71 0.55 0.86
1.71 0.58 0.84
1.71 0.58 0.89
1.71 0.6 0.86
1.7 0.61 0.85
1.7 0.62 0.84
1.7 0.63 0.82
1.7 0.62 0.84
1.71 0.58 0.84
1.71 0.59 0.81
1.7 0.59 0.86
1.7 0.61 0.85
1.69 0.62 0.84
1.7 0.58 0.84
1.69 0.6 0.84
1.7 0.57 0.83
1.7 0.54 0.84
1.71 0.54 0.83
1.7 0.56 0.81
1.71 0.56 0.8
1.7 0.58 0.8
1.7 0.59 0.86
1.7 0.59 0.89
1.72 0.6 0.88
1.71 0.6 0.85
1.7 0.62 0.83
1.7 0.57 0.83
1.7 0.59 0.82
1.7 0.61 0.82
1.7 0.61 0.84
1.7 0.58 0.86
1.71 0.59 0.83
1.71 0.56 0.84
1.71 0.54 0.85
1.71 0.56 0.83
1.72 0.57 0.83
1.72 0.55 0.82
1.73 0.56 0.83
1.72 0.53 0.82
1.71 0.5 0.83
1.72 0.49 0.82
1.72 0.53 0.81
1.73 0.55 0.82
1.72 0.56 0.8
1.72 0.58 0.84
1.71 0.55 0.83
1.71 0.57 0.87
1.71 0.58 0.91
1.71 0.59 0.9
1.7 0.6 0.87
1.69 0.6 0.93
1.69 0.61 0.88
1.69 0.62 0.85
1.69 0.62 0.83
1.7 0.63 0.83
1.69 0.62 0.82
1.7 0.61 0.83
1.71 0.57 0.82
1.7 0.58 0.85
1.71 0.54 0.85
1.71 0.57 0.83
1.7 0.58 0.82
1.71 0.56 0.83
1.71 0.54 0.84
1.71 0.53 0.85
1.71 0.52 0.87
1.7 0.54 0.88
1.71 0.53 0.86
1.72 0.53 0.84
1.72 0.56 0.87
1.71 0.57 0.85
1.7 0.57 0.83
1.71 0.56 0.82
1.72 0.55 0.81
1.71 0.58 0.85
1.72 0.54 0.86
1.71 0.56 0.88
1.72 0.55 0.87
1.72 0.53 0.87
1.72 0.56 0.84
1.71 0.58 0.83
1.7 0.6 0.81
1.7 0.6 0.83
1.7 0.57 0.84
1.69 0.59 0.83
1.69 0.61 0.83
1.69 0.58 0.86
1.71 0.58 0.85
1.71 0.6 0.86
1.7 0.62 0.86
1.7 0.63 0.84
1.7 0.63 0.82
1.69 0.64 0.84
1.69 0.64 0.81
1.7 0.6 0.82
1.71 0.6 0.83
1.71 0.57 0.82
1.73 0.53 0.85
1.72 0.53 0.83
1.71 0.56 0.82
1.7 0.59 0.81
1.69 0.6 0.82
1.68 0.6 0.81
1.69 0.57 0.82
1.69 0.56 0.83
1.69 0.54 0.83
1.68 0.56 0.82
1.68 0.57 0.85
1.68 0.54 0.84
1.69 0.57 0.85
1.69 0.59 0.88
1.69 0.56 0.89
1.69 0.57 0.88
1.69 0.59 0.86
1.69 0.6 0.84
1.7 0.57 0.85
1.69 0.58 0.87
1.69 0.57 0.88
1.69 0.59 0.85
1.68 0.6 0.84
1.68 0.58 0.83
1.68 0.6 0.83
1.68 0.6 0.86
1.68 0.61 0.86
1.67 0.62 0.87
1.68 0.63 0.85
1.68 0.58 0.86
1.69 0.59 0.88
1.68 0.59 0.89
1.68 0.57 0.86
1.69 0.59 0.85
1.69 0.6 0.84
1.7 0.6 0.82
1.7 0.6 0.84
1.7 0.6 0.81
1.7 0.62 0.81
1.7 0.63 0.8
1.71 0.63 0.79
1.71 0.63 0.78
1.71 0.65 0.78
1.7 0.6 0.78
1.7 0.62 0.78
1.69 0.63 0.79
1.71 0.62 0.81
1.71 0.64 0.8
1.7 0.62 0.79
1.7 0.6 0.8
1.71 0.58 0.81
1.7 0.59 0.85
1.7 0.6 0.83
1.71 0.58 0.83
1.71 0.54 0.85
1.71 0.56 0.86
1.71 0.54 0.85
1.71 0.55 0.86
1.71 0.58 0.83
1.71 0.57 0.85
1.72 0.59 0.84
1.72 0.55 0.84
1.72 0.54 0.83
1.72 0.56 0.86
1.72 0.57 0.85
1.71 0.57 0.85
1.7 0.58 0.83
1.7 0.6 0.83
1.7 0.6 0.87
1.7 0.61 0.85
1.7 0.62 0.83
1.69 0.63 0.83
1.69 0.63 0.83
1.7 0.58 0.84
1.7 0.56 0.84
1.69 0.58 0.83
1.69 0.56 0.83
1.7 0.54 0.82
1.7 0.52 0.82
1.71 0.56 0.81
1.71 0.54 0.84
1.71 0.57 0.83
1.71 0.59 0.82
1.7 0.58 0.89
1.68 0.55 0.87
1.68 0.58 0.85
1.68 0.6 0.83
1.69 0.6 0.83
1.69 0.57 0.84
1.7 0.58 0.82
1.7 0.58 0.82
1.7 0.55 0.81
1.7 0.58 0.79
1.7 0.59 0.79
1.71 0.6 0.8
1.71 0.6 0.81
1.72 0.57 0.8
1.71 0.59 0.8
1.71 0.59 0.84
1.7 0.6 0.85
1.7 0.61 0.83
1.7 0.57 0.85
1.69 0.59 0.82
1.69 0.58 0.82
1.71 0.59 0.84
1.71 0.59 0.81
1.71 0.61 0.79
1.71 0.57 0.83
1.71 0.54 0.84
1.7 0.56 0.87
1.7 0.55 0.87
1.7 0.53 0.86
1.7 0.56 0.88
1.69 0.58 0.85
1.68 0.58 0.89
1.68 0.55 0.89
1.7 0.53 0.87
1.69 0.55 0.84
1.7 0.52 0.84
1.7 0.55 0.83
1.71 0.57 0.81
1.7 0.58 0.83
1.7 0.53 0.83
1.71 0.57 0.82
1.7 0.54 0.82
1.71 0.53 0.82
1.71 0.56 0.8
1.71 0.57 0.81
1.71 0.59 0.81
1.71 0.56 0.82
1.71 0.58 0.81
1.71 0.55 0.82
1.7 0.57 0.86
1.7 0.57 0.89
1.7 0.58 0.88
1.69 0.6 0.87
1.69 0.6 0.84
1.68 0.61 0.83
1.69 0.61 0.81
1.7 0.62 0.79
1.69 0.62 0.79
1.69 0.6 0.8
1.69 0.61 0.8
1.7 0.56 0.81
1.7 0.55 0.8
1.7 0.54 0.8
1.72 0.57 0.81
1.7 0.58 0.81
1.71 0.6 0.8
1.7 0.6 0.83
1.69 0.59 0.85
1.7 0.59 0.85
1.7 0.6 0.86
1.7 0.57 0.86
1.71 0.56 0.84
1.71 0.57 0.82
1.71 0.55 0.81
1.71 0.56 0.83
1.71 0.58 0.82
1.71 0.59 0.83
1.71 0.59 0.82
1.7 0.6 0.81
1.7 0.6 0.8
1.7 0.6 0.79
1.72 0.61 0.79
1.71 0.61 0.79
1.71 0.58 0.79
1.7 0.58 0.84
1.69 0.59 0.82
1.69 0.6 0.8
1.7 0.57 0.8
1.7 0.57 0.81
1.7 0.58 0.84
1.7 0.59 0.86
1.7 0.56 0.85
1.71 0.53 0.83
1.71 0.55 0.85
1.71 0.56 0.86
1.7 0.54 0.86
1.7 0.56 0.88
1.71 0.54 0.88
1.7 0.54 0.88
1.7 0.56 0.88
1.69 0.59 0.86
1.69 0.59 0.89
1.69 0.59 0.89
1.69 0.55 0.88
1.7 0.56 0.89
1.68 0.58 0.86
1.68 0.57 0.91
1.68 0.55 0.88
1.7 0.57 0.88
1.71 0.53 0.88
1.7 0.54 0.88
1.7 0.56 0.9
