1.98 0.61 0.88
1.97 0.61 0.89
1.97 0.6 0.93
1.98 0.61 0.9
1.99 0.61 0.93
1.98 0.63 0.91
1.99 0.62 0.89
1.98 0.63 0.89
1.97 0.63 0.88
1.99 0.62 0.87
2 0.6 0.87
2.01 0.59 0.86
2.03 0.6 0.89
2.01 0.6 0.88
2.01 0.61 0.92
2.01 0.61 0.89
2 0.62 0.93
2 0.63 0.9
2.01 0.61 0.9
2 0.62 0.88
2 0.61 0.86
2 0.59 0.88
2.01 0.6 0.92
2.01 0.59 0.91
2 0.59 0.91
2 0.59 0.92
2 0.6 0.97
1.99 0.6 0.94
2 0.6 0.94
1.99 0.61 0.92
1.99 0.61 0.89
2 0.59 0.88
2 0.6 0.86
2 0.61 0.86
1.99 0.61 0.85
2 0.62 0.89
2 0.62 0.86
1.98 0.62 0.93
2 0.61 0.92
1.99 0.61 0.96
1.98 0.61 0.93
1.98 0.61 0.94
1.99 0.61 0.96
1.98 0.62 0.93
1.97 0.62 0.94
1.98 0.62 0.94
1.98 0.62 0.96
1.98 0.62 0.92
1.98 0.63 0.9
1.98 0.6 0.9
1.99 0.61 0.95
2 0.59 0.93
1.99 0.6 0.91
1.99 0.61 0.93
1.99 0.62 0.9
1.99 0.61 0.88
1.99 0.62 0.86
1.98 0.62 0.86
1.97 0.62 0.86
1.97 0.61 0.88
1.98 0.61 0.9
1.98 0.61 0.94
1.98 0.62 0.91
1.97 0.63 0.89
1.97 0.63 0.87
1.98 0.61 0.87
1.98 0.62 0.87
1.98 0.61 0.85
1.98 0.62 0.86
1.99 0.6 0.86
1.99 0.58 0.87
1.99 0.59 0.91
1.99 0.61 0.89
1.99 0.61 0.91
1.99 0.61 0.89
1.99 0.61 0.93
1.99 0.62 0.9
2.01 0.59 0.89
2.01 0.6 0.88
2.01 0.61 0.91
2.02 0.62 0.88
2.03 0.62 0.91
2.01 0.62 0.9
2.01 0.61 0.91
2 0.61 0.91
2 0.61 0.89
2.01 0.61 0.88
2.01 0.61 0.86
2.01 0.59 0.89
2.01 0.59 0.87
2.01 0.6 0.87
2 0.6 0.9
2 0.61 0.88
2.01 0.59 0.88
2 0.6 0.87
1.99 0.61 0.94
1.99 0.6 0.92
1.99 0.61 0.9
1.98 0.62 0.88
1.98 0.62 0.86
1.98 0.63 0.85
1.98 0.62 0.84
2 0.62 0.86
2 0.6 0.88
2 0.6 0.87
2 0.58 0.88
2 0.58 0.91
1.99 0.59 0.89
1.97 0.6 0.87
1.96 0.6 0.87
1.97 0.58 0.9
1.97 0.58 0.88
1.97 0.59 0.86
1.98 0.6 0.85
1.99 0.61 0.84
1.99 0.61 0.83
1.99 0.61 0.88
2 0.6 0.9
1.99 0.61 0.87
1.99 0.62 0.87
1.98 0.62 0.85
2 0.62 0.89
2 0.62 0.87
1.99 0.62 0.86
1.99 0.62 0.85
1.98 0.62 0.85
1.99 0.62 0.9
1.99 0.62 0.91
2 0.6 0.9
1.99 0.6 0.93
1.98 0.6 0.96
1.99 0.6 0.95
1.99 0.6 0.92
1.98 0.6 0.89
1.98 0.62 0.87
1.99 0.62 0.86
1.99 0.62 0.89
1.98 0.62 0.87
1.99 0.62 0.89
2 0.59 0.89
2 0.57 0.91
2.02 0.58 0.91
2.02 0.59 0.92
2.01 0.57 0.94
2.01 0.58 0.95
2.01 0.59 0.94
2.01 0.59 0.96
2 0.56 0.96
2 0.57 0.99
2 0.58 1
2 0.59 0.95
1.99 0.6 0.92
1.98 0.6 0.93
1.98 0.61 0.89
1.98 0.61 0.88
1.98 0.61 0.9
1.99 0.58 0.92
1.99 0.59 0.89
1.98 0.59 0.94
1.99 0.6 0.91
1.99 0.61 0.88
1.99 0.61 0.92
1.98 0.58 0.92
1.98 0.6 0.9
1.97 0.6 0.91
1.98 0.6 0.89
1.98 0.6 0.95
1.98 0.61 0.93
1.98 0.61 0.9
1.99 0.61 0.94
1.99 0.62 0.91
1.98 0.62 0.89
1.99 0.59 0.91
2 0.6 0.93
1.99 0.6 0.9
2 0.6 0.87
1.99 0.6 0.86
2 0.6 0.89
2 0.57 0.9
2.01 0.59 0.88
2 0.58 0.92
2 0.55 0.92
1.99 0.58 0.9
2 0.57 0.89
1.99 0.59 0.88
1.99 0.61 0.91
2 0.61 0.95
2 0.59 0.93
2 0.61 0.9
2 0.61 0.88
1.99 0.61 0.91
2 0.61 0.94
1.99 0.62 0.9
1.98 0.61 0.89
1.98 0.61 0.87
1.98 0.6 0.9
1.98 0.62 0.89
1.99 0.61 0.92
2 0.61 0.98
1.99 0.62 0.94
1.99 0.61 0.91
1.99 0.62 0.89
1.99 0.63 0.88
2 0.6 0.9
1.99 0.6 0.94
1.99 0.6 0.96
1.99 0.6 0.97
1.99 0.61 0.99
1.98 0.61 0.95
1.98 0.62 1
1.98 0.61 1
1.99 0.61 0.95
1.99 0.61 0.91
1.99 0.59 0.92
1.99 0.6 0.89
1.98 0.59 0.92
1.98 0.6 0.9
1.97 0.61 0.9
1.97 0.6 0.87
1.98 0.6 0.86
1.99 0.59 0.86
1.98 0.6 0.9
1.98 0.61 0.89
1.97 0.61 0.87
1.98 0.62 0.86
1.99 0.64 0.87
2.01 0.63 0.89
2 0.63 0.88
1.99 0.64 0.87
2 0.63 0.91
2.01 0.63 0.89
2 0.6 0.89
2 0.6 0.91
1.99 0.61 0.89
1.99 0.62 0.88
1.98 0.63 0.87
1.97 0.63 0.87
1.97 0.63 0.85
1.98 0.62 0.84
1.98 0.63 0.83
1.99 0.62 0.83
1.99 0.63 0.82
1.99 0.63 0.83
1.99 0.6 0.83
1.99 0.58 0.84
1.99 0.59 0.84
1.99 0.58 0.86
1.97 0.6 0.88
1.98 0.6 0.91
1.97 0.61 0.88
1.97 0.61 0.91
1.96 0.62 0.9
1.97 0.62 0.94
1.97 0.62 0.91
1.97 0.62 0.88
1.97 0.62 0.92
1.98 0.61 0.92
1.98 0.6 0.9
2 0.6 0.88
2 0.6 0.9
2 0.58 0.9
1.99 0.6 0.96
1.98 0.61 0.93
1.98 0.61 0.89
1.99 0.6 0.89
2 0.61 0.88
1.99 0.6 0.87
1.98 0.6 0.85
1.99 0.61 0.84
1.98 0.61 0.84
1.99 0.62 0.83
1.99 0.59 0.85
1.99 0.59 0.84
1.98 0.6 0.85
1.98 0.59 0.83
1.99 0.57 0.85
2 0.59 0.85
1.99 0.6 0.84
1.99 0.6 0.85
1.99 0.59 0.88
1.99 0.6 0.87
1.99 0.61 0.85
1.99 0.62 0.88
1.98 0.62 0.93
1.99 0.65 0.92
2 0.63 0.9
2 0.61 0.91
1.99 0.62 0.92
1.99 0.59 0.92
1.99 0.57 0.93
1.99 0.58 0.96
1.99 0.59 0.93
2 0.6 0.9
1.99 0.61 0.95
1.99 0.61 0.96
1.99 0.62 0.98
1.99 0.6 0.95
2 0.58 0.95
2 0.59 0.98
1.99 0.6 1.02
2 0.59 0.99
2 0.59 1.01
2 0.6 1.04
2 0.61 0.99
1.99 0.61 0.95
1.99 0.61 0.96
2 0.6 0.94
2 0.6 0.92
2 0.58 0.93
2 0.59 0.9
2 0.6 0.91
1.99 0.61 0.89
2 0.61 0.92
2 0.6 0.91
2 0.6 0.91
1.99 0.59 0.93
1.99 0.57 0.93
2 0.58 0.96
2 0.59 0.94
1.99 0.58 0.93
1.99 0.58 0.94
1.99 0.6 0.92
1.98 0.6 0.9
1.99 0.61 0.88
1.99 0.61 0.94
2 0.59 0.92
1.99 0.61 0.9
1.98 0.62 0.87
1.98 0.61 0.93
1.96 0.62 0.9
1.97 0.62 0.88
1.97 0.62 0.86
1.97 0.63 0.84
1.98 0.61 0.85
1.99 0.62 0.83
1.98 0.6 0.84
1.99 0.61 0.85
1.99 0.61 0.85
2 0.6 0.86
1.99 0.58 0.87
1.98 0.6 0.86
1.98 0.61 0.85
1.98 0.59 0.86
1.99 0.61 0.86
2 0.58 0.88
1.98 0.59 0.96
1.99 0.59 0.96
2 0.6 0.97
2 0.61 0.95
2 0.58 0.95
2 0.59 0.91
2 0.58 0.91
1.98 0.59 0.91
1.98 0.6 0.89
1.98 0.62 0.88
1.99 0.61 0.88
1.98 0.61 0.87
1.98 0.62 0.86
1.97 0.63 0.86
1.97 0.63 0.85
1.98 0.62 0.85
1.97 0.63 0.84
1.97 0.63 0.84
1.97 0.63 0.83
1.97 0.63 0.88
1.96 0.63 0.88
1.97 0.63 0.87
1.98 0.61 0.88
1.99 0.6 0.88
1.99 0.62 0.87
1.98 0.61 0.89
1.97 0.61 0.87
1.98 0.61 0.87
1.98 0.61 0.86
1.99 0.61 0.86
1.99 0.61 0.85
1.99 0.59 0.87
1.98 0.6 0.86
1.99 0.59 0.87
1.98 0.6 0.86
1.98 0.6 0.86
1.98 0.6 0.85
1.98 0.6 0.84
1.99 0.61 0.83
1.98 0.61 0.83
1.98 0.62 0.83
1.97 0.62 0.82
1.98 0.62 0.82
1.98 0.63 0.83
1.98 0.59 0.85
1.99 0.6 0.88
1.98 0.58 0.89
1.99 0.59 0.87
2 0.6 0.85
1.99 0.6 0.85
2 0.58 0.85
2.01 0.61 0.85
2 0.62 0.85
1.99 0.6 0.86
1.99 0.6 0.86
1.99 0.57 0.89
1.99 0.58 0.92
1.99 0.59 0.9
1.98 0.6 0.88
1.98 0.6 0.9
1.98 0.62 0.87
1.99 0.6 0.88
2 0.58 0.89
1.99 0.59 0.88
1.99 0.58 0.89
1.98 0.59 0.88
1.98 0.59 0.91
1.98 0.58 0.91
1.99 0.57 0.91
2.01 0.56 0.9
2 0.57 0.87
1.98 0.58 0.86
1.99 0.59 0.92
2 0.57 0.92
1.99 0.58 0.94
1.99 0.59 0.94
1.99 0.6 0.99
2 0.58 0.98
1.99 0.59 0.93
1.99 0.58 0.92
1.99 0.58 0.9
1.98 0.59 0.88
1.98 0.6 0.87
1.98 0.61 0.91
1.98 0.62 0.89
1.97 0.61 0.88
1.98 0.61 0.91
1.97 0.63 0.89
1.97 0.63 0.87
1.98 0.6 0.88
1.97 0.61 0.86
1.98 0.62 0.84
1.98 0.62 0.85
1.99 0.62 0.85
1.99 0.63 0.85
2 0.6 0.85
2 0.6 0.93
1.99 0.61 0.93
1.99 0.61 0.95
2 0.61 0.92
2.01 0.62 0.93
2 0.62 0.9
2 0.62 0.88
2.02 0.62 0.87
2.01 0.62 0.86
2.01 0.62 0.93
2.01 0.62 0.96
2 0.62 0.93
1.99 0.61 0.96
1.99 0.61 0.97
2.01 0.6 0.96
2 0.61 0.93
2 0.58 0.94
1.99 0.58 0.9
1.98 0.6 0.88
1.98 0.57 0.89
1.98 0.59 0.88
1.98 0.6 0.9
1.97 0.6 0.94
1.99 0.6 0.92
1.99 0.6 0.96
1.99 0.6 0.98
2.01 0.57 1.01
2.01 0.57 0.96
2.01 0.59 1.01
2 0.6 1.03
2 0.6 0.98
2 0.61 0.93
2.01 0.61 0.93
2 0.62 0.9
1.99 0.63 0.88
1.99 0.63 0.86
1.98 0.63 0.86
1.97 0.63 0.84
1.97 0.63 0.83
1.97 0.62 0.87
1.98 0.63 0.9
1.98 0.6 0.91
1.98 0.61 0.89
1.99 0.6 0.91
1.99 0.6 0.94
1.98 0.61 0.91
1.99 0.62 0.89
1.98 0.61 0.95
1.98 0.62 0.92
1.98 0.62 0.89
1.99 0.61 0.89
1.99 0.59 0.9
1.99 0.59 0.88
1.99 0.58 0.89
1.98 0.58 0.92
1.98 0.59 0.9
1.97 0.59 0.93
1.97 0.6 0.91
1.98 0.61 0.88
1.98 0.61 0.86
1.98 0.59 0.87
1.98 0.6 0.91
1.98 0.6 0.88
1.98 0.62 0.87
1.98 0.62 0.92
1.98 0.62 0.99
1.98 0.63 0.96
1.99 0.63 0.93
1.99 0.63 0.9
1.98 0.63 0.89
1.98 0.61 0.9
1.98 0.61 0.87
1.97 0.6 0.93
1.98 0.6 0.91
1.99 0.61 0.89
2 0.62 0.87
2 0.62 0.86
1.99 0.62 0.86
2 0.6 0.87
2 0.61 0.9
2 0.58 0.88
2 0.59 0.88
2 0.58 0.9
2 0.58 0.88
2 0.56 0.9
1.99 0.57 0.93
1.99 0.58 0.91
2 0.59 0.88
2 0.61 0.86
2 0.59 0.87
2.02 0.6 0.88
2 0.61 0.87
2 0.62 0.85
2 0.63 0.85
2 0.62 0.86
2.01 0.61 0.86
2 0.61 0.94
1.99 0.62 0.9
1.98 0.62 0.9
1.99 0.63 0.92
1.99 0.62 0.94
1.98 0.63 0.9
1.98 0.64 0.89
1.97 0.63 0.86
1.97 0.63 0.85
1.97 0.63 0.88
1.97 0.64 0.87
1.99 0.62 0.87
1.98 0.62 0.91
1.98 0.61 0.89
1.98 0.61 0.93
1.99 0.59 0.92
1.98 0.59 0.95
1.98 0.59 0.92
1.97 0.6 0.89
1.98 0.6 0.91
1.99 0.62 0.94
1.98 0.61 0.9
1.99 0.59 0.88
1.99 0.6 0.91
2 0.58 0.9
2 0.59 0.93
2 0.61 0.9
2 0.61 0.89
1.99 0.62 0.87
1.99 0.61 0.94
1.99 0.62 0.91
1.99 0.62 0.88
2 0.6 0.9
1.98 0.61 0.88
1.97 0.61 0.93
1.99 0.61 0.94
1.98 0.63 0.92
1.99 0.62 0.95
1.98 0.62 0.92
1.98 0.63 0.89
1.99 0.6 0.88
1.99 0.58 0.9
2.01 0.58 0.89
2 0.58 0.9
2 0.6 0.88
1.99 0.61 0.9
1.99 0.59 0.91
2 0.57 0.92
1.99 0.58 0.95
1.99 0.55 0.96
2 0.58 0.95
2 0.59 0.92
1.99 0.59 0.96
2 0.58 0.94
1.99 0.59 0.91
1.99 0.59 0.93
1.97 0.6 0.99
1.97 0.6 1.04
1.98 0.61 0.98
1.97 0.62 0.95
1.98 0.6 0.93
1.99 0.6 0.95
2 0.6 0.96
1.99 0.62 0.93
2 0.61 0.91
2 0.61 0.9
2 0.59 0.91
2.01 0.58 0.9
2.01 0.58 0.9
2.01 0.59 0.89
2.02 0.59 0.88
2 0.6 0.87
1.99 0.62 0.86
1.99 0.59 0.86
2 0.6 0.89
1.99 0.6 0.92
2 0.59 0.91
2 0.59 0.9
1.99 0.59 0.92
1.99 0.6 0.91
1.99 0.6 0.88
1.98 0.59 0.87
1.98 0.6 0.86
1.98 0.59 0.91
1.99 0.59 0.9
2 0.59 0.89
1.99 0.59 0.91
1.99 0.6 0.89
1.99 0.61 0.87
1.99 0.62 0.92
1.96 0.62 0.91
1.97 0.6 0.9
1.97 0.61 0.92
1.97 0.61 0.9
1.97 0.61 0.92
1.97 0.62 0.89
1.99 0.62 0.88
1.99 0.6 0.88
1.99 0.6 0.95
1.99 0.61 0.92
1.99 0.62 0.89
1.97 0.61 0.91
1.97 0.61 0.93
1.99 0.61 0.9
1.99 0.62 0.95
1.99 0.62 0.98
2 0.62 0.95
2 0.63 0.96
1.99 0.63 0.92
1.99 0.63 0.89
1.99 0.62 0.92
1.99 0.62 0.95
1.98 0.61 0.99
1.99 0.61 0.95
1.98 0.57 0.94
1.99 0.6 0.92
1.99 0.6 0.96
1.99 0.61 0.94
2 0.61 0.92
2 0.6 0.91
2 0.59 0.9
1.99 0.61 0.88
1.99 0.61 0.95
2 0.6 0.92
1.98 0.61 0.96
1.98 0.6 0.96
1.98 0.61 0.93
1.99 0.59 0.92
2 0.62 0.89
2 0.62 0.87
2 0.62 0.93
2 0.63 0.91
1.99 0.6 0.9
2 0.62 0.89
1.99 0.6 0.92
1.98 0.6 0.98
1.99 0.62 0.93
1.99 0.61 0.91
1.98 0.61 0.89
1.98 0.61 0.87
1.99 0.61 0.86
1.99 0.61 0.92
1.99 0.62 0.9
1.98 0.62 0.89
1.98 0.62 0.88
1.98 0.62 0.86
1.97 0.61 0.85
1.98 0.57 0.87
1.97 0.58 0.86
1.99 0.59 0.84
1.98 0.61 0.84
1.98 0.62 0.85
2 0.62 0.85
2 0.61 0.87
1.99 0.62 0.87
2 0.62 0.91
1.99 0.63 0.89
1.98 0.63 0.87
1.99 0.63 0.85
1.99 0.6 0.87
2 0.61 0.85
1.99 0.61 0.93
2 0.61 0.95
1.99 0.62 0.93
1.99 0.62 0.94
1.99 0.62 0.91
2 0.6 0.91
2 0.61 0.88
1.99 0.61 0.92
1.98 0.62 0.9
1.98 0.62 0.89
1.99 0.61 0.88
1.99 0.61 0.9
2 0.6 0.9
2 0.61 0.92
2 0.61 0.96
2 0.6 0.94
2 0.61 0.91
2 0.57 0.91
2 0.59 0.93
2.01 0.58 0.93
2.02 0.58 0.91
2.02 0.6 0.9
2.01 0.6 0.93
2 0.61 0.91
2 0.62 0.93
1.99 0.62 0.9
1.99 0.6 0.9
1.99 0.61 0.96
1.99 0.62 0.98
2 0.6 0.96
2 0.61 0.92
1.99 0.61 0.9
2 0.61 0.93
2 0.61 0.99
2.01 0.64 0.98
2.01 0.64 1
2.01 0.64 0.95
2.01 0.61 0.94
2.01 0.58 0.94
2 0.6 0.91
2.01 0.59 0.91
1.99 0.58 0.94
2 0.6 0.92
2.01 0.6 0.92
2.01 0.6 0.96
2.01 0.61 0.93
2.01 0.6 0.92
2.02 0.59 0.91
2.02 0.59 0.89
2.02 0.58 0.89
2.03 0.59 0.92
2.02 0.57 0.93
2.01 0.58 0.98
2 0.59 0.99
2 0.59 0.99
2 0.6 0.94
1.99 0.59 0.97
2 0.59 0.94
2 0.59 0.92
1.99 0.59 0.89
1.99 0.6 0.93
1.99 0.6 0.97
1.98 0.61 0.94
1.98 0.6 0.99
2 0.6 0.96
2 0.61 0.92
2 0.61 0.97
2 0.61 0.95
1.99 0.61 0.92
1.99 0.61 0.99
2 0.62 0.96
2 0.59 0.96
2 0.61 0.93
2.01 0.58 0.93
2.01 0.57 0.94
2 0.58 1
2.01 0.61 0.98
2.02 0.61 0.93
2.02 0.62 0.95
2.02 0.64 0.93
2.02 0.65 0.9
2.03 0.65 0.9
2.01 0.64 0.95
2 0.62 0.94
2 0.62 0.97
2 0.63 1.01
2 0.62 1.03
1.99 0.62 1.04
2 0.64 0.99
1.99 0.65 0.95
1.98 0.65 0.93
2 0.63 0.92
2 0.63 0.93
1.99 0.62 0.95
1.99 0.61 0.94
2 0.6 0.92
2 0.58 0.93
2 0.57 0.94
2 0.55 0.93
2.01 0.58 0.93
2.01 0.56 0.94
