2.19 0.64 0.74
2.2 0.63 0.75
2.2 0.63 0.75
2.21 0.63 0.76
2.2 0.63 0.76
2.19 0.62 0.76
2.18 0.62 0.75
2.19 0.61 0.76
2.19 0.61 0.75
2.19 0.6 0.75
2.19 0.61 0.75
2.18 0.61 0.74
2.18 0.62 0.75
2.18 0.61 0.75
2.19 0.62 0.75
2.19 0.62 0.74
2.19 0.62 0.73
2.2 0.62 0.74
2.2 0.62 0.74
2.2 0.61 0.75
2.2 0.61 0.74
2.2 0.62 0.75
2.21 0.62 0.75
2.21 0.63 0.75
2.22 0.63 0.76
2.21 0.63 0.74
2.23 0.64 0.75
2.23 0.63 0.75
2.22 0.62 0.76
2.24 0.63 0.76
2.24 0.63 0.77
2.23 0.63 0.75
2.27 0.62 0.76
2.26 0.62 0.75
2.25 0.62 0.75
2.26 0.63 0.76
2.24 0.62 0.75
2.24 0.62 0.73
2.24 0.62 0.73
2.21 0.62 0.73
2.21 0.62 0.72
2.21 0.63 0.74
2.2 0.62 0.75
2.2 0.62 0.76
2.19 0.62 0.76
2.21 0.62 0.75
2.21 0.62 0.75
2.22 0.62 0.76
2.24 0.62 0.76
2.23 0.63 0.75
2.25 0.62 0.76
2.23 0.63 0.76
2.23 0.63 0.76
2.23 0.63 0.76
2.24 0.62 0.75
2.24 0.61 0.75
2.23 0.6 0.76
2.22 0.6 0.77
2.22 0.61 0.76
2.23 0.61 0.76
2.24 0.63 0.76
2.23 0.64 0.75
2.22 0.64 0.75
2.21 0.64 0.75
2.21 0.62 0.75
2.22 0.61 0.75
2.22 0.61 0.76
2.22 0.61 0.77
2.22 0.61 0.77
2.22 0.62 0.75
2.22 0.62 0.74
2.22 0.63 0.75
2.21 0.62 0.74
2.22 0.61 0.74
2.22 0.61 0.75
2.21 0.61 0.75
2.22 0.61 0.75
2.22 0.62 0.76
2.22 0.62 0.76
2.22 0.63 0.76
2.22 0.62 0.76
2.21 0.61 0.76
2.21 0.62 0.75
2.22 0.61 0.75
2.22 0.61 0.75
2.22 0.62 0.75
2.21 0.62 0.75
2.23 0.62 0.74
2.23 0.62 0.75
2.21 0.63 0.74
2.22 0.63 0.75
2.21 0.63 0.75
2.21 0.63 0.75
2.21 0.62 0.77
2.22 0.62 0.76
2.21 0.63 0.76
2.21 0.62 0.77
2.2 0.61 0.77
2.2 0.63 0.76
2.2 0.63 0.75
2.2 0.63 0.76
2.2 0.63 0.75
2.22 0.63 0.74
2.21 0.64 0.73
2.23 0.64 0.74
2.25 0.64 0.75
2.25 0.63 0.74
2.24 0.63 0.74
2.26 0.63 0.75
2.26 0.64 0.75
2.25 0.63 0.75
2.24 0.62 0.75
2.22 0.62 0.74
2.21 0.63 0.75
2.21 0.61 0.75
2.21 0.62 0.75
2.2 0.63 0.75
2.21 0.63 0.74
2.21 0.63 0.73
2.21 0.63 0.72
2.2 0.63 0.74
2.2 0.62 0.76
2.2 0.62 0.77
2.21 0.62 0.76
2.2 0.61 0.75
2.2 0.62 0.75
2.2 0.62 0.75
2.22 0.62 0.76
2.22 0.63 0.75
2.21 0.62 0.76
2.23 0.63 0.76
2.23 0.63 0.76
2.24 0.63 0.76
2.24 0.62 0.75
2.22 0.62 0.75
2.22 0.62 0.75
2.22 0.62 0.76
2.24 0.63 0.75
2.24 0.62 0.76
2.22 0.61 0.76
2.23 0.61 0.76
2.23 0.62 0.76
2.22 0.62 0.76
2.22 0.62 0.76
2.24 0.62 0.76
2.23 0.62 0.75
2.23 0.62 0.76
2.25 0.62 0.76
2.24 0.62 0.75
2.24 0.62 0.75
2.23 0.62 0.75
2.24 0.63 0.74
2.26 0.63 0.74
2.25 0.64 0.74
2.27 0.64 0.74
2.25 0.63 0.75
2.23 0.63 0.77
2.22 0.62 0.76
2.21 0.63 0.76
2.22 0.63 0.78
2.22 0.63 0.77
2.22 0.63 0.77
2.22 0.63 0.75
2.22 0.64 0.75
2.22 0.64 0.75
2.22 0.64 0.76
2.24 0.64 0.76
2.24 0.64 0.76
2.22 0.62 0.76
2.23 0.62 0.76
2.22 0.62 0.76
2.23 0.63 0.75
2.22 0.64 0.75
2.21 0.63 0.76
2.21 0.63 0.77
2.21 0.64 0.76
2.21 0.63 0.77
2.22 0.63 0.77
2.22 0.64 0.77
2.23 0.64 0.76
2.25 0.63 0.75
2.24 0.63 0.75
2.23 0.63 0.75
2.23 0.63 0.76
2.22 0.62 0.75
2.21 0.62 0.76
2.23 0.62 0.76
2.23 0.63 0.77
2.24 0.63 0.76
2.22 0.63 0.76
2.21 0.64 0.76
2.21 0.63 0.77
2.22 0.62 0.78
2.22 0.62 0.77
2.22 0.59 0.79
2.24 0.61 0.77
2.23 0.62 0.78
2.24 0.6 0.79
2.23 0.6 0.79
2.22 0.61 0.78
2.22 0.6 0.77
2.22 0.61 0.77
2.22 0.61 0.78
2.21 0.63 0.76
2.21 0.62 0.76
2.2 0.63 0.75
2.19 0.63 0.76
2.19 0.63 0.77
2.19 0.62 0.76
2.22 0.63 0.75
2.23 0.62 0.77
2.21 0.62 0.77
2.22 0.62 0.75
2.21 0.63 0.75
2.22 0.63 0.75
2.24 0.63 0.74
2.24 0.64 0.74
2.24 0.64 0.74
2.24 0.63 0.75
2.22 0.62 0.74
2.23 0.61 0.75
2.21 0.62 0.75
2.22 0.61 0.78
2.24 0.62 0.77
2.24 0.62 0.77
2.24 0.62 0.78
2.24 0.63 0.77
2.24 0.62 0.78
2.23 0.62 0.78
2.23 0.62 0.79
2.23 0.61 0.77
2.25 0.63 0.75
2.25 0.62 0.75
2.23 0.63 0.76
2.23 0.63 0.76
2.22 0.63 0.76
2.21 0.64 0.76
2.22 0.64 0.76
2.21 0.63 0.76
2.21 0.63 0.76
2.2 0.62 0.76
2.22 0.62 0.76
2.21 0.62 0.76
2.22 0.62 0.76
2.21 0.62 0.76
2.21 0.62 0.76
2.24 0.62 0.77
2.24 0.63 0.76
2.24 0.62 0.75
2.24 0.63 0.75
2.25 0.63 0.75
2.25 0.62 0.76
2.24 0.63 0.75
2.24 0.63 0.76
2.25 0.63 0.76
2.25 0.62 0.77
2.24 0.63 0.76
2.23 0.63 0.76
2.23 0.64 0.76
2.24 0.63 0.76
2.25 0.64 0.76
2.24 0.64 0.76
2.25 0.63 0.77
2.24 0.63 0.77
2.25 0.62 0.77
2.28 0.62 0.78
2.26 0.62 0.76
2.25 0.62 0.76
2.24 0.62 0.76
2.23 0.62 0.77
2.23 0.61 0.76
2.22 0.61 0.77
2.24 0.62 0.76
2.24 0.62 0.76
2.23 0.63 0.74
2.22 0.62 0.73
2.23 0.63 0.74
2.21 0.62 0.73
2.2 0.62 0.75
2.21 0.62 0.74
2.22 0.62 0.75
2.25 0.62 0.75
2.24 0.63 0.75
2.23 0.63 0.74
2.24 0.62 0.76
2.25 0.62 0.77
2.24 0.62 0.76
2.22 0.62 0.77
2.23 0.62 0.77
2.23 0.63 0.77
2.24 0.62 0.78
2.23 0.62 0.77
2.24 0.62 0.76
2.23 0.61 0.76
2.25 0.63 0.76
2.24 0.61 0.76
2.24 0.62 0.77
2.23 0.62 0.77
2.23 0.61 0.77
2.23 0.61 0.78
2.24 0.61 0.77
2.24 0.62 0.76
2.26 0.63 0.75
2.26 0.62 0.75
2.24 0.62 0.75
2.22 0.62 0.74
2.22 0.62 0.74
2.22 0.6 0.75
2.22 0.61 0.75
2.21 0.62 0.75
2.22 0.62 0.75
2.2 0.61 0.76
2.21 0.61 0.75
2.2 0.62 0.76
2.21 0.61 0.77
2.2 0.61 0.75
2.2 0.61 0.78
2.23 0.59 0.78
2.23 0.6 0.77
2.23 0.6 0.76
2.22 0.61 0.76
2.22 0.61 0.77
2.23 0.61 0.79
2.24 0.61 0.78
2.24 0.61 0.77
2.25 0.62 0.76
2.24 0.62 0.75
2.25 0.62 0.75
2.26 0.62 0.76
2.26 0.61 0.77
2.27 0.62 0.77
2.25 0.63 0.76
2.25 0.63 0.76
2.25 0.62 0.78
2.24 0.62 0.77
2.23 0.62 0.77
2.22 0.62 0.77
2.23 0.62 0.76
2.23 0.62 0.77
2.22 0.62 0.77
2.24 0.63 0.76
2.25 0.63 0.76
2.24 0.63 0.76
2.23 0.62 0.77
2.23 0.63 0.75
2.22 0.62 0.74
2.22 0.63 0.73
2.23 0.63 0.73
2.24 0.63 0.73
2.24 0.62 0.74
2.23 0.62 0.73
2.25 0.63 0.72
2.23 0.62 0.74
2.22 0.63 0.74
2.22 0.61 0.74
2.23 0.62 0.74
2.24 0.62 0.74
2.26 0.62 0.74
2.25 0.63 0.73
2.26 0.64 0.73
2.27 0.58 0.77
2.26 0.59 0.77
2.24 0.6 0.77
2.23 0.61 0.77
2.24 0.61 0.76
2.23 0.62 0.76
2.23 0.62 0.76
2.23 0.63 0.75
2.23 0.62 0.77
2.25 0.62 0.76
2.24 0.61 0.77
2.24 0.61 0.76
2.23 0.62 0.76
2.22 0.61 0.75
2.22 0.61 0.76
2.21 0.61 0.77
2.2 0.62 0.76
2.21 0.62 0.77
2.21 0.6 0.77
2.21 0.6 0.78
2.22 0.59 0.8
2.22 0.59 0.8
2.22 0.61 0.79
2.21 0.6 0.77
2.22 0.61 0.77
2.22 0.61 0.8
2.21 0.61 0.79
2.24 0.62 0.77
2.24 0.62 0.78
2.24 0.61 0.78
2.22 0.61 0.78
2.22 0.61 0.79
2.22 0.61 0.78
2.21 0.61 0.77
2.19 0.62 0.76
2.2 0.61 0.75
2.19 0.62 0.75
2.2 0.62 0.75
2.22 0.61 0.76
2.24 0.62 0.75
2.24 0.63 0.76
2.23 0.64 0.75
2.23 0.64 0.75
2.21 0.63 0.76
2.2 0.62 0.74
2.23 0.62 0.75
2.21 0.62 0.77
2.22 0.62 0.76
2.23 0.62 0.75
2.23 0.62 0.76
2.23 0.62 0.77
2.22 0.63 0.75
2.21 0.64 0.75
2.23 0.64 0.77
2.24 0.64 0.76
2.25 0.65 0.75
2.26 0.65 0.75
2.26 0.63 0.77
2.23 0.63 0.76
2.23 0.63 0.76
2.23 0.6 0.78
2.22 0.6 0.77
2.22 0.61 0.76
2.22 0.6 0.78
2.2 0.62 0.76
2.22 0.61 0.77
2.19 0.63 0.77
2.21 0.63 0.77
2.21 0.62 0.77
2.21 0.62 0.77
2.22 0.64 0.76
2.21 0.63 0.77
2.21 0.63 0.77
2.2 0.63 0.77
2.2 0.63 0.77
2.21 0.62 0.77
2.2 0.62 0.77
2.21 0.62 0.76
2.22 0.61 0.75
2.22 0.62 0.75
2.23 0.61 0.76
2.24 0.61 0.77
2.23 0.62 0.76
2.23 0.62 0.77
2.23 0.63 0.76
2.23 0.63 0.75
2.23 0.62 0.76
2.24 0.63 0.77
2.22 0.63 0.77
2.24 0.63 0.76
2.24 0.62 0.75
2.26 0.63 0.75
2.27 0.62 0.77
2.25 0.63 0.75
2.24 0.62 0.76
2.24 0.63 0.76
2.23 0.63 0.77
2.23 0.63 0.76
2.24 0.63 0.76
2.24 0.63 0.75
2.23 0.62 0.74
2.23 0.62 0.75
2.24 0.62 0.76
2.22 0.62 0.75
2.21 0.62 0.76
2.22 0.61 0.76
2.24 0.61 0.76
2.22 0.61 0.74
2.21 0.62 0.74
2.22 0.63 0.74
2.24 0.63 0.75
2.24 0.63 0.75
2.23 0.63 0.75
2.23 0.62 0.77
2.25 0.61 0.77
2.24 0.61 0.76
2.24 0.61 0.75
2.23 0.61 0.76
2.24 0.61 0.75
2.23 0.61 0.76
2.23 0.62 0.76
2.22 0.62 0.76
2.24 0.62 0.75
2.23 0.62 0.75
2.23 0.62 0.76
2.24 0.62 0.77
2.23 0.62 0.77
2.22 0.62 0.77
2.22 0.62 0.77
2.23 0.61 0.77
2.25 0.62 0.76
2.23 0.62 0.76
2.23 0.62 0.76
2.25 0.62 0.76
2.24 0.63 0.75
2.23 0.62 0.75
2.22 0.63 0.75
2.22 0.64 0.75
2.22 0.62 0.76
2.23 0.62 0.76
2.23 0.62 0.76
2.22 0.63 0.76
2.22 0.62 0.76
2.24 0.62 0.76
2.22 0.62 0.75
2.23 0.62 0.75
2.23 0.62 0.76
2.22 0.62 0.77
2.23 0.62 0.77
2.22 0.61 0.76
2.23 0.62 0.76
2.22 0.62 0.76
2.21 0.62 0.76
2.22 0.62 0.76
2.23 0.63 0.75
2.22 0.62 0.76
2.22 0.61 0.76
2.23 0.62 0.75
2.25 0.62 0.76
2.24 0.63 0.75
2.24 0.63 0.76
2.24 0.63 0.76
2.24 0.62 0.77
2.24 0.62 0.78
2.24 0.6 0.8
2.22 0.59 0.79
2.22 0.6 0.79
2.24 0.61 0.78
2.21 0.62 0.78
2.23 0.63 0.77
2.22 0.61 0.78
2.24 0.6 0.78
2.24 0.61 0.78
2.23 0.6 0.77
2.23 0.61 0.77
2.23 0.62 0.78
2.21 0.62 0.77
2.22 0.62 0.77
2.2 0.62 0.77
2.2 0.62 0.77
2.21 0.61 0.76
2.2 0.61 0.77
2.2 0.6 0.77
2.2 0.6 0.77
2.2 0.6 0.76
2.22 0.62 0.76
2.23 0.61 0.78
2.22 0.61 0.79
2.22 0.61 0.78
2.22 0.61 0.78
2.23 0.62 0.77
2.22 0.61 0.78
2.22 0.62 0.78
2.22 0.61 0.79
2.24 0.6 0.78
2.24 0.61 0.77
2.23 0.61 0.76
2.23 0.6 0.76
2.22 0.61 0.76
2.22 0.61 0.75
2.22 0.61 0.76
2.21 0.61 0.76
2.21 0.61 0.76
2.21 0.62 0.76
2.21 0.62 0.75
2.2 0.62 0.75
2.2 0.61 0.76
2.2 0.62 0.77
2.2 0.62 0.76
2.21 0.63 0.76
2.21 0.62 0.76
2.2 0.61 0.76
2.21 0.62 0.76
2.21 0.62 0.75
2.21 0.61 0.75
2.2 0.61 0.76
2.22 0.61 0.76
2.21 0.62 0.75
2.21 0.62 0.76
2.23 0.63 0.75
2.21 0.64 0.76
2.21 0.63 0.75
2.21 0.63 0.75
2.2 0.63 0.75
2.2 0.64 0.74
2.2 0.63 0.75
2.21 0.63 0.75
2.22 0.63 0.75
2.22 0.62 0.74
2.21 0.61 0.74
2.21 0.61 0.74
2.22 0.62 0.75
2.24 0.62 0.75
2.22 0.63 0.75
2.23 0.63 0.74
2.24 0.63 0.74
2.23 0.63 0.74
2.22 0.62 0.75
2.22 0.63 0.75
2.21 0.62 0.75
2.21 0.63 0.75
2.2 0.63 0.74
2.2 0.62 0.76
2.2 0.63 0.76
2.2 0.63 0.76
2.2 0.62 0.77
2.23 0.62 0.78
2.22 0.63 0.77
2.23 0.62 0.77
2.23 0.63 0.76
2.22 0.63 0.75
2.22 0.62 0.76
2.23 0.62 0.76
2.22 0.63 0.76
2.22 0.62 0.76
2.22 0.63 0.76
2.21 0.62 0.76
2.21 0.61 0.76
2.22 0.62 0.77
2.22 0.62 0.78
2.23 0.62 0.79
2.22 0.62 0.78
2.21 0.63 0.78
2.21 0.62 0.78
2.22 0.63 0.78
2.23 0.63 0.78
2.24 0.62 0.77
2.24 0.63 0.76
2.23 0.63 0.76
2.25 0.63 0.75
2.23 0.62 0.75
2.23 0.61 0.76
2.24 0.62 0.76
2.23 0.62 0.76
2.22 0.63 0.76
2.22 0.64 0.75
2.21 0.63 0.76
2.2 0.63 0.77
2.2 0.63 0.76
2.19 0.63 0.76
2.23 0.63 0.76
2.23 0.64 0.75
2.25 0.65 0.73
2.24 0.64 0.74
2.24 0.64 0.74
2.23 0.62 0.75
2.23 0.63 0.75
2.24 0.62 0.76
2.25 0.61 0.79
2.24 0.61 0.78
2.23 0.61 0.79
2.24 0.62 0.77
2.23 0.63 0.77
2.22 0.62 0.77
2.23 0.63 0.78
2.22 0.63 0.77
2.22 0.63 0.77
2.22 0.62 0.77
2.21 0.61 0.77
2.25 0.61 0.76
2.24 0.6 0.76
2.23 0.61 0.76
2.24 0.62 0.76
2.23 0.62 0.74
2.24 0.62 0.76
2.23 0.63 0.75
2.25 0.63 0.75
2.25 0.62 0.76
2.24 0.62 0.77
2.25 0.62 0.77
2.26 0.62 0.78
2.25 0.62 0.78
2.23 0.62 0.77
2.21 0.62 0.76
2.2 0.63 0.77
2.22 0.63 0.77
2.22 0.62 0.76
2.22 0.62 0.78
2.22 0.61 0.79
2.23 0.62 0.78
2.25 0.63 0.78
2.26 0.63 0.78
2.25 0.62 0.78
2.26 0.61 0.78
2.27 0.62 0.78
2.24 0.61 0.78
2.23 0.61 0.77
2.22 0.61 0.78
2.23 0.63 0.76
2.24 0.63 0.76
2.24 0.63 0.76
2.23 0.63 0.76
2.25 0.63 0.77
2.24 0.63 0.78
2.26 0.63 0.79
2.25 0.63 0.77
2.26 0.63 0.78
2.24 0.64 0.78
2.24 0.62 0.77
2.25 0.62 0.77
2.23 0.63 0.77
2.22 0.63 0.74
2.22 0.63 0.74
2.23 0.63 0.74
2.22 0.63 0.75
2.21 0.64 0.74
2.22 0.62 0.73
2.24 0.62 0.73
2.24 0.62 0.73
2.22 0.62 0.75
2.22 0.62 0.75
2.21 0.61 0.74
2.24 0.6 0.74
2.22 0.61 0.74
2.22 0.62 0.75
2.23 0.61 0.76
2.23 0.61 0.75
2.25 0.62 0.75
2.25 0.62 0.75
2.24 0.62 0.76
2.24 0.62 0.76
2.24 0.61 0.76
2.25 0.61 0.75
2.23 0.62 0.75
2.22 0.62 0.74
2.22 0.61 0.75
2.23 0.62 0.75
2.22 0.62 0.74
2.22 0.62 0.74
2.22 0.62 0.74
2.21 0.55 0.69
2.23 0.58 0.7
2.22 0.57 0.71
2.22 0.58 0.73
2.21 0.58 0.74
2.23 0.59 0.73
2.23 0.6 0.74
2.23 0.6 0.75
2.21 0.6 0.76
2.21 0.61 0.76
2.2 0.61 0.75
2.2 0.6 0.75
2.21 0.61 0.75
2.23 0.62 0.74
2.26 0.63 0.74
2.25 0.62 0.75
2.23 0.61 0.75
2.22 0.61 0.75
2.23 0.61 0.75
2.23 0.63 0.74
2.22 0.62 0.75
2.22 0.62 0.76
2.21 0.62 0.77
2.22 0.63 0.78
2.21 0.62 0.76
2.2 0.62 0.77
2.21 0.62 0.78
2.2 0.62 0.76
2.2 0.62 0.75
2.19 0.62 0.75
2.2 0.61 0.74
2.22 0.62 0.74
2.24 0.62 0.75
2.25 0.61 0.75
2.26 0.61 0.75
2.24 0.6 0.76
2.24 0.61 0.77
2.24 0.61 0.77
2.23 0.62 0.75
2.23 0.62 0.75
2.23 0.63 0.74
2.23 0.63 0.75
2.22 0.62 0.75
2.22 0.61 0.75
2.2 0.61 0.76
2.21 0.6 0.77
2.21 0.61 0.76
2.21 0.61 0.77
2.2 0.61 0.76
2.19 0.62 0.76
2.19 0.62 0.76
2.19 0.62 0.75
2.19 0.62 0.76
2.19 0.64 0.75
2.2 0.64 0.75
2.2 0.64 0.76
2.22 0.64 0.75
2.22 0.63 0.76
2.22 0.62 0.77
2.23 0.62 0.76
2.22 0.62 0.75
2.21 0.62 0.76
2.23 0.62 0.77
2.21 0.63 0.77
2.23 0.63 0.76
2.21 0.63 0.78
2.21 0.62 0.79
2.21 0.63 0.78
2.21 0.62 0.78
2.19 0.63 0.77
2.19 0.64 0.76
2.19 0.65 0.74
2.19 0.64 0.75
2.21 0.64 0.75
2.2 0.64 0.76
2.2 0.65 0.75
2.21 0.64 0.75
2.23 0.64 0.76
2.23 0.63 0.77
2.24 0.63 0.76
2.23 0.62 0.76
2.23 0.62 0.76
2.22 0.62 0.75
2.22 0.62 0.75
2.23 0.62 0.76
2.23 0.62 0.76
2.21 0.62 0.75
2.21 0.62 0.75
2.21 0.62 0.76
2.21 0.62 0.76
2.21 0.63 0.75
2.19 0.63 0.76
2.19 0.62 0.75
2.19 0.62 0.75
2.19 0.62 0.75
2.19 0.61 0.75
2.18 0.61 0.76
2.2 0.61 0.76
2.23 0.62 0.74
2.26 0.62 0.75
2.26 0.62 0.75
2.27 0.62 0.74
2.26 0.62 0.75
2.24 0.62 0.77
2.23 0.62 0.77
2.25 0.62 0.77
2.23 0.63 0.76
2.24 0.63 0.75
2.23 0.63 0.76
2.22 0.63 0.76
2.21 0.63 0.75
2.21 0.63 0.74
2.23 0.63 0.74
2.25 0.63 0.75
2.25 0.62 0.76
2.25 0.62 0.76
2.24 0.62 0.76
2.24 0.62 0.77
2.23 0.61 0.78
2.23 0.61 0.78
2.24 0.62 0.77
2.23 0.63 0.75
2.24 0.63 0.75
2.23 0.63 0.75
2.23 0.63 0.76
2.22 0.63 0.76
2.22 0.63 0.76
2.23 0.63 0.76
2.22 0.62 0.78
2.23 0.63 0.76
2.24 0.63 0.77
2.23 0.63 0.77
2.21 0.63 0.77
2.21 0.62 0.78
2.21 0.62 0.78
2.21 0.62 0.78
2.22 0.62 0.79
2.22 0.61 0.77
2.2 0.61 0.77
2.21 0.62 0.77
2.21 0.62 0.77
2.22 0.62 0.77
2.21 0.62 0.77
2.22 0.62 0.77
2.22 0.63 0.77
2.21 0.62 0.77
2.21 0.62 0.76
2.2 0.63 0.75
2.21 0.64 0.75
2.23 0.65 0.75
2.22 0.63 0.77
2.23 0.64 0.76
2.23 0.63 0.78
2.23 0.63 0.78
2.24 0.62 0.76
2.24 0.62 0.76
2.25 0.59 0.77
2.25 0.6 0.77
2.25 0.61 0.76
2.25 0.62 0.76
2.24 0.63 0.76
2.22 0.61 0.76
2.23 0.62 0.77
2.23 0.62 0.77
2.22 0.62 0.78
2.24 0.63 0.77
2.23 0.62 0.77
2.22 0.62 0.77
2.22 0.63 0.77
2.23 0.63 0.76
2.24 0.62 0.78
2.24 0.62 0.77
2.23 0.63 0.77
2.26 0.63 0.77
2.24 0.63 0.77
2.25 0.62 0.76
2.24 0.62 0.76
2.24 0.62 0.75
2.23 0.61 0.75
2.22 0.6 0.76
2.24 0.61 0.75
2.24 0.62 0.74
2.22 0.61 0.75
2.21 0.63 0.75
2.2 0.63 0.74
2.2 0.63 0.74
2.21 0.62 0.76
2.22 0.63 0.75
2.21 0.63 0.75
2.22 0.63 0.76
2.21 0.63 0.77
2.22 0.63 0.77
2.25 0.63 0.77
2.23 0.62 0.77
2.23 0.62 0.77
2.24 0.62 0.77
2.23 0.62 0.77
2.23 0.61 0.78
2.24 0.62 0.78
2.24 0.62 0.78
2.26 0.63 0.77
2.26 0.62 0.76
2.25 0.62 0.78
2.25 0.61 0.77
2.23 0.61 0.77
2.22 0.61 0.77
2.21 0.61 0.77
2.21 0.61 0.76
2.22 0.61 0.75
2.22 0.62 0.74
2.22 0.62 0.74
2.21 0.62 0.74
2.21 0.62 0.75
2.22 0.63 0.74
2.21 0.63 0.76
2.21 0.63 0.76
2.21 0.63 0.77
2.21 0.63 0.77
2.21 0.63 0.77
2.19 0.56 0.72
2.21 0.57 0.73
2.21 0.59 0.74
2.2 0.58 0.74
2.21 0.59 0.74
2.22 0.59 0.74
2.2 0.59 0.76
2.22 0.62 0.75
2.23 0.61 0.75
2.22 0.62 0.74
2.22 0.63 0.73
2.21 0.63 0.74
2.22 0.63 0.75
2.23 0.64 0.74
2.23 0.64 0.75
2.22 0.63 0.74
2.21 0.63 0.74
2.23 0.63 0.77
2.24 0.63 0.77
2.23 0.63 0.78
2.23 0.63 0.76
2.22 0.62 0.77
2.22 0.62 0.78
2.22 0.63 0.77
2.23 0.63 0.76
2.23 0.63 0.76
2.22 0.64 0.76
2.22 0.63 0.76
2.22 0.63 0.76
2.21 0.63 0.76
2.21 0.63 0.76
2.22 0.63 0.76
2.22 0.63 0.76
2.21 0.63 0.76
2.22 0.63 0.76
2.22 0.63 0.76
2.22 0.63 0.75
2.23 0.61 0.78
2.22 0.62 0.78
2.21 0.61 0.78
2.21 0.61 0.78
2.24 0.62 0.77
2.23 0.62 0.77
2.21 0.61 0.78
2.2 0.62 0.78
2.2 0.62 0.77
2.22 0.62 0.76
2.24 0.62 0.76
2.24 0.62 0.76
2.22 0.63 0.76
2.22 0.63 0.76
2.22 0.64 0.77
2.23 0.64 0.75
2.23 0.64 0.75
2.24 0.64 0.75
2.22 0.64 0.76
2.22 0.63 0.76
2.22 0.63 0.76
2.23 0.64 0.75
2.22 0.64 0.74
2.22 0.63 0.74
2.23 0.63 0.75
2.23 0.63 0.75
2.22 0.63 0.76
2.23 0.62 0.76
2.23 0.63 0.75
2.23 0.63 0.75
2.23 0.63 0.75
2.22 0.63 0.74
2.23 0.64 0.75
2.25 0.64 0.75
2.25 0.63 0.76
2.25 0.63 0.77
2.26 0.63 0.78
2.25 0.63 0.78
2.24 0.63 0.77
2.23 0.63 0.76
2.22 0.63 0.75
2.22 0.64 0.75
2.22 0.63 0.76
2.22 0.62 0.77
2.22 0.62 0.77
2.22 0.62 0.76
2.22 0.63 0.75
2.24 0.63 0.75
2.25 0.64 0.75
2.26 0.64 0.75
2.27 0.63 0.74
2.25 0.64 0.74
2.25 0.63 0.74
2.23 0.64 0.75
2.24 0.64 0.76
2.25 0.64 0.74
2.24 0.64 0.74
2.24 0.64 0.75
2.24 0.64 0.75
2.24 0.63 0.76
2.23 0.63 0.76
2.26 0.64 0.75
2.25 0.64 0.76
2.23 0.63 0.77
2.23 0.64 0.76
2.22 0.62 0.76
2.23 0.62 0.77
2.21 0.54 0.69
2.21 0.56 0.71
2.21 0.57 0.73
2.22 0.58 0.73
2.21 0.59 0.75
2.24 0.6 0.75
2.23 0.61 0.76
2.22 0.62 0.76
2.22 0.62 0.77
2.23 0.63 0.77
2.22 0.63 0.76
2.22 0.64 0.77
2.23 0.63 0.76
2.24 0.64 0.75
2.23 0.65 0.76
2.23 0.66 0.75
2.22 0.66 0.75
2.23 0.66 0.75
2.25 0.66 0.75
2.25 0.65 0.75
2.23 0.64 0.76
2.22 0.64 0.76
2.23 0.64 0.76
2.22 0.63 0.76
2.22 0.62 0.78
2.23 0.64 0.76
2.22 0.64 0.76
2.23 0.63 0.76
2.22 0.64 0.75
2.22 0.64 0.77
2.21 0.63 0.78
2.23 0.63 0.77
2.23 0.63 0.77
2.24 0.63 0.76
2.24 0.63 0.77
2.24 0.62 0.78
2.23 0.63 0.77
2.23 0.63 0.77
2.22 0.63 0.76
2.24 0.63 0.75
2.22 0.62 0.75
2.23 0.63 0.75
2.22 0.63 0.75
2.22 0.63 0.75
2.21 0.63 0.75
2.23 0.63 0.75
2.25 0.63 0.73
2.24 0.63 0.74
2.24 0.63 0.75
2.24 0.63 0.74
2.24 0.63 0.75
2.24 0.62 0.76
2.23 0.62 0.77
2.24 0.62 0.77
2.24 0.63 0.77
2.23 0.63 0.76
2.22 0.64 0.74
2.22 0.63 0.75
2.23 0.63 0.75
2.22 0.62 0.75
2.22 0.62 0.76
2.22 0.62 0.76
2.21 0.62 0.76
2.22 0.63 0.76
2.21 0.64 0.75
2.21 0.63 0.76
2.21 0.63 0.76
2.21 0.63 0.76
2.22 0.63 0.76
2.23 0.63 0.77
2.21 0.64 0.76
2.21 0.63 0.77
2.2 0.64 0.77
2.19 0.63 0.75
2.21 0.64 0.76
2.21 0.64 0.75
2.23 0.64 0.75
2.23 0.64 0.75
2.22 0.64 0.75
2.21 0.63 0.76
2.24 0.63 0.77
2.23 0.64 0.77
2.25 0.65 0.77
2.26 0.64 0.77
2.26 0.63 0.77
2.25 0.62 0.77
2.24 0.63 0.77
2.23 0.62 0.78
2.22 0.62 0.76
2.23 0.63 0.76
2.23 0.63 0.76
2.24 0.62 0.76
2.23 0.6 0.76
2.23 0.6 0.78
2.23 0.61 0.77
2.22 0.61 0.77
2.22 0.63 0.77
2.23 0.63 0.76
2.22 0.63 0.76
2.22 0.64 0.76
2.22 0.63 0.75
2.22 0.63 0.76
2.2 0.62 0.75
2.2 0.63 0.74
2.2 0.62 0.74
2.2 0.64 0.74
2.22 0.64 0.75
2.22 0.63 0.75
2.21 0.64 0.75
2.22 0.64 0.75
2.22 0.63 0.75
2.22 0.63 0.75
2.22 0.63 0.75
2.21 0.63 0.76
2.21 0.63 0.76
2.21 0.64 0.76
2.21 0.64 0.76
2.21 0.63 0.77
2.2 0.64 0.77
2.2 0.64 0.75
2.21 0.64 0.76
2.22 0.63 0.75
2.23 0.64 0.74
2.22 0.64 0.76
2.21 0.64 0.75
2.21 0.63 0.77
2.21 0.64 0.76
2.21 0.64 0.77
2.2 0.64 0.77
2.2 0.65 0.76
2.21 0.65 0.77
2.21 0.64 0.75
2.21 0.64 0.76
2.21 0.63 0.77
2.21 0.63 0.77
2.22 0.63 0.77
2.23 0.62 0.76
2.24 0.63 0.76
2.23 0.62 0.78
2.23 0.62 0.79
2.22 0.62 0.78
2.22 0.62 0.77
2.23 0.62 0.77
2.22 0.62 0.77
2.22 0.63 0.76
2.22 0.61 0.77
2.23 0.61 0.77
2.25 0.63 0.77
2.23 0.62 0.77
2.22 0.63 0.77
2.21 0.63 0.78
2.22 0.62 0.77
2.21 0.62 0.77
2.24 0.63 0.76
2.24 0.64 0.75
2.26 0.63 0.76
2.28 0.63 0.76
2.31 0.63 0.76
2.3 0.63 0.76
2.33 0.62 0.77
2.34 0.62 0.77
2.36 0.63 0.76
2.36 0.63 0.76
2.37 0.64 0.76
2.37 0.63 0.76
2.38 0.64 0.76
2.4 0.64 0.76
2.39 0.63 0.76
2.36 0.63 0.76
2.35 0.64 0.75
2.33 0.64 0.75
2.33 0.63 0.75
2.33 0.62 0.76
2.32 0.62 0.75
2.29 0.62 0.75
2.28 0.63 0.76
2.25 0.63 0.77
2.24 0.63 0.77
2.22 0.62 0.76
2.23 0.62 0.76
2.23 0.63 0.76
2.22 0.64 0.77
2.22 0.63 0.76
2.22 0.63 0.75
2.21 0.64 0.75
2.2 0.64 0.76
2.2 0.63 0.77
2.19 0.62 0.78
2.19 0.63 0.76
2.22 0.62 0.77
2.21 0.61 0.77
2.22 0.62 0.77
2.25 0.63 0.77
2.28 0.63 0.77
2.29 0.63 0.77
2.3 0.65 0.77
2.3 0.64 0.77
2.31 0.64 0.77
2.28 0.64 0.77
2.29 0.63 0.77
2.27 0.62 0.76
2.28 0.63 0.76
2.3 0.62 0.77
2.3 0.62 0.77
2.29 0.62 0.77
2.28 0.62 0.77
2.29 0.63 0.77
2.28 0.64 0.77
2.26 0.63 0.75
2.27 0.64 0.75
2.29 0.64 0.75
2.3 0.64 0.74
2.28 0.64 0.76
2.3 0.63 0.75
2.29 0.63 0.74
2.27 0.64 0.73
2.26 0.65 0.73
2.25 0.65 0.73
2.25 0.65 0.72
2.25 0.63 0.72
2.24 0.63 0.72
2.27 0.63 0.72
2.27 0.64 0.72
2.26 0.64 0.73
2.26 0.63 0.74
2.25 0.63 0.74
2.25 0.62 0.74
2.25 0.6 0.72
2.24 0.61 0.72
2.23 0.61 0.72
