0.26 0.58 0.98
0.25 0.56 0.99
0.25 0.56 0.99
0.26 0.56 0.98
0.26 0.55 0.98
0.25 0.55 0.98
0.25 0.55 0.97
0.25 0.55 1
0.24 0.55 0.98
0.25 0.56 0.98
0.25 0.56 0.97
0.25 0.56 0.96
0.26 0.56 0.96
0.25 0.56 0.97
0.24 0.53 0.95
0.24 0.53 0.98
0.23 0.54 1.02
0.24 0.54 0.96
0.25 0.55 0.96
0.25 0.55 0.98
0.25 0.55 0.98
0.24 0.54 0.97
0.25 0.55 0.93
0.25 0.55 0.93
0.25 0.56 0.94
0.25 0.57 0.94
0.25 0.56 0.95
0.24 0.58 0.92
0.25 0.58 0.91
0.26 0.57 0.94
0.26 0.57 0.93
0.26 0.56 0.96
0.26 0.57 0.94
0.25 0.56 0.96
0.25 0.56 1
0.24 0.55 1.04
0.24 0.55 1.02
0.25 0.55 1.04
0.25 0.55 1.02
0.24 0.55 1.02
0.25 0.56 1.01
0.24 0.54 0.98
0.24 0.55 0.99
0.25 0.55 0.95
0.25 0.56 0.92
0.27 0.55 0.94
0.27 0.56 0.98
0.26 0.56 0.97
0.26 0.57 0.99
0.25 0.56 0.99
0.24 0.56 0.99
0.24 0.56 0.99
0.25 0.56 1.03
0.25 0.55 1
0.25 0.56 1.01
0.25 0.55 1.02
0.26 0.56 1.03
0.25 0.55 1.02
0.25 0.55 1
0.26 0.56 1.01
0.25 0.56 0.99
0.27 0.56 1
0.26 0.56 1.01
0.27 0.55 1.02
0.28 0.56 0.97
0.28 0.56 0.97
0.27 0.55 1.02
0.27 0.55 1.01
0.27 0.55 1.03
0.27 0.55 1
0.26 0.58 0.99
0.25 0.57 0.98
0.25 0.57 0.98
0.24 0.56 0.99
0.24 0.55 0.98
0.25 0.56 0.98
0.25 0.56 1
0.24 0.56 0.99
0.25 0.56 1
0.25 0.56 0.99
0.25 0.56 1
0.26 0.56 1.02
0.25 0.56 1.02
0.25 0.56 1.01
0.23 0.56 1
0.24 0.56 1.02
0.23 0.53 1.02
0.25 0.53 1.03
0.24 0.56 1.02
0.25 0.54 1.01
0.25 0.54 0.96
0.25 0.56 0.97
0.26 0.56 0.98
0.25 0.56 1
0.25 0.57 0.99
0.25 0.57 1.03
0.27 0.57 1
0.26 0.58 1
0.26 0.57 1.02
0.26 0.54 1.01
0.26 0.55 1.01
0.26 0.56 1.01
0.25 0.56 1.02
0.25 0.56 1.04
0.26 0.56 1.04
0.26 0.56 1.03
0.26 0.56 1.02
0.26 0.55 1.02
0.25 0.55 1.01
0.25 0.56 1
0.26 0.56 0.98
0.27 0.57 1.01
0.27 0.57 1.02
0.26 0.6 0.98
0.25 0.58 1
0.25 0.58 1.02
0.23 0.56 1.04
0.23 0.55 0.98
0.23 0.55 1
0.23 0.56 0.97
0.24 0.56 0.97
0.24 0.56 0.96
0.24 0.56 0.98
0.27 0.56 1.01
0.26 0.57 0.96
0.26 0.57 0.97
0.26 0.57 0.97
0.25 0.57 0.99
0.26 0.57 0.99
0.26 0.57 0.97
0.26 0.56 0.98
0.26 0.57 0.98
0.25 0.56 0.99
0.26 0.56 0.99
0.26 0.57 0.98
0.26 0.57 1
0.26 0.56 1.02
0.25 0.56 1.02
0.24 0.56 1
0.23 0.55 1
0.24 0.56 0.98
0.22 0.55 0.95
0.22 0.57 0.93
0.23 0.57 0.95
0.22 0.56 0.93
0.23 0.56 0.96
0.24 0.56 0.98
0.25 0.56 1.01
0.24 0.56 0.99
0.24 0.55 1.02
0.26 0.56 1.02
0.26 0.56 1.03
0.26 0.56 1.08
0.25 0.54 1.04
0.25 0.54 1.01
0.25 0.54 0.99
0.24 0.55 0.98
0.24 0.55 0.97
0.24 0.57 0.93
0.24 0.56 0.93
0.24 0.55 0.93
0.24 0.56 0.94
0.23 0.58 0.92
0.25 0.58 0.97
0.25 0.57 0.96
0.24 0.56 0.94
0.24 0.55 0.97
0.23 0.54 0.94
0.23 0.55 0.93
0.23 0.56 0.96
0.23 0.53 0.96
0.23 0.51 0.93
0.23 0.52 0.9
0.24 0.53 0.93
0.25 0.54 0.96
0.25 0.55 0.97
0.24 0.55 0.96
0.25 0.55 0.96
0.24 0.55 0.95
0.24 0.56 0.94
0.25 0.56 0.95
0.24 0.56 0.95
0.25 0.57 0.95
0.25 0.57 0.98
0.26 0.57 0.93
0.26 0.57 0.93
0.26 0.56 0.96
0.26 0.56 0.99
0.26 0.56 0.99
0.25 0.55 0.99
0.25 0.56 0.99
0.26 0.56 1.01
0.26 0.57 0.97
0.25 0.58 0.96
0.27 0.58 0.97
0.27 0.58 0.98
0.26 0.56 0.97
0.26 0.56 0.98
0.27 0.56 0.99
0.26 0.54 0.96
0.26 0.57 0.93
0.26 0.57 0.95
0.25 0.56 0.98
0.25 0.58 0.96
0.26 0.58 0.95
0.26 0.59 0.98
0.25 0.57 0.99
0.27 0.56 1.01
0.26 0.55 1
0.24 0.56 0.98
0.24 0.55 0.94
0.24 0.56 0.98
0.24 0.55 0.94
0.24 0.55 0.93
0.24 0.56 0.95
0.26 0.56 0.99
0.25 0.57 0.99
0.25 0.59 0.94
0.25 0.58 0.94
0.24 0.58 0.95
0.23 0.57 0.96
0.23 0.58 0.95
0.23 0.57 0.98
0.25 0.57 0.99
0.24 0.56 1
0.25 0.56 0.99
0.26 0.56 1
0.25 0.56 0.99
0.26 0.56 0.99
0.25 0.56 1
0.26 0.56 1
0.26 0.56 0.99
0.26 0.59 0.99
0.25 0.58 1.02
0.25 0.57 1.03
0.26 0.57 1.01
0.25 0.58 1
0.25 0.58 1.01
0.25 0.58 0.99
0.25 0.58 0.98
0.25 0.59 0.98
0.25 0.58 0.98
0.26 0.56 1
0.25 0.55 0.96
0.24 0.54 0.95
0.24 0.54 0.92
0.24 0.55 0.92
0.23 0.55 0.91
0.24 0.55 0.95
0.26 0.55 0.98
0.26 0.55 0.99
0.25 0.56 0.99
0.25 0.57 0.98
0.25 0.58 0.98
0.25 0.57 1
0.25 0.57 0.99
0.23 0.57 0.96
0.22 0.56 0.93
0.23 0.56 0.94
0.25 0.58 0.95
0.26 0.57 1
0.26 0.57 1.02
0.24 0.57 1.01
0.25 0.58 1.01
0.26 0.57 1.02
0.24 0.57 1.01
0.26 0.56 1.01
0.25 0.55 0.99
0.25 0.55 1
0.25 0.56 0.99
0.25 0.57 0.98
0.25 0.57 0.97
0.24 0.58 0.98
0.24 0.57 0.98
0.25 0.57 0.98
0.25 0.58 0.98
0.25 0.58 0.98
0.24 0.58 0.96
0.25 0.57 0.93
0.26 0.57 0.96
0.27 0.57 0.95
0.28 0.57 0.96
0.27 0.57 0.94
0.27 0.58 0.95
0.27 0.58 0.99
0.26 0.54 0.96
0.27 0.55 0.98
0.28 0.55 0.94
0.27 0.57 0.95
0.26 0.56 0.95
0.27 0.56 0.97
0.27 0.56 0.99
0.27 0.56 1.03
0.28 0.56 1
0.27 0.56 0.99
0.27 0.55 0.99
0.28 0.56 1.01
0.28 0.56 1.01
0.28 0.56 1.04
0.25 0.57 0.99
0.24 0.57 0.95
0.24 0.56 0.96
0.26 0.55 0.93
0.26 0.56 0.94
0.25 0.55 0.94
0.26 0.56 0.98
0.25 0.57 0.96
0.26 0.58 0.98
0.26 0.57 0.97
0.25 0.57 0.98
0.25 0.56 0.95
0.25 0.56 0.98
0.26 0.56 0.98
0.26 0.56 0.99
0.26 0.54 0.97
0.26 0.55 1
0.26 0.56 1.02
0.25 0.55 1.01
0.26 0.56 0.99
0.27 0.56 1.01
0.27 0.56 1.02
0.28 0.57 1.02
0.26 0.57 1.01
0.24 0.55 0.97
0.24 0.55 0.95
0.25 0.56 0.98
0.25 0.56 1
0.25 0.55 0.98
0.24 0.56 0.99
0.25 0.56 1
0.25 0.57 1
0.24 0.57 0.98
0.26 0.56 1.02
0.26 0.56 1.02
0.24 0.55 1
0.23 0.56 0.96
0.23 0.55 0.92
0.23 0.57 0.91
0.22 0.57 0.93
0.23 0.56 0.96
0.24 0.56 0.96
0.23 0.56 0.97
0.23 0.56 0.93
0.24 0.55 0.95
0.24 0.55 0.97
0.25 0.55 0.97
0.24 0.55 0.95
0.24 0.56 0.96
0.24 0.56 0.95
0.25 0.57 1
0.24 0.56 1
0.26 0.55 1.01
0.25 0.56 1
0.23 0.55 0.99
0.24 0.55 0.98
0.25 0.56 0.99
0.24 0.56 0.98
0.23 0.57 0.97
0.24 0.57 0.97
0.22 0.56 0.95
0.24 0.55 0.92
0.26 0.56 0.95
0.26 0.55 0.97
0.25 0.55 0.98
0.24 0.56 0.97
0.25 0.56 0.96
0.25 0.54 0.93
0.24 0.54 0.91
0.24 0.54 0.93
0.25 0.54 0.96
0.24 0.57 0.94
0.24 0.57 0.96
0.25 0.56 0.97
0.25 0.57 0.96
0.25 0.57 0.96
0.25 0.57 0.96
0.24 0.56 0.97
0.24 0.55 0.97
0.23 0.57 0.95
0.23 0.56 0.95
0.25 0.56 0.97
0.24 0.57 1
0.24 0.57 0.95
0.25 0.57 0.98
0.26 0.56 0.95
0.26 0.57 0.97
0.25 0.56 0.97
0.24 0.56 0.96
0.25 0.57 0.95
0.24 0.56 0.99
0.25 0.56 0.99
0.25 0.56 0.96
0.25 0.55 1
0.25 0.56 0.98
0.24 0.55 0.97
0.24 0.56 0.97
0.25 0.55 1
0.25 0.57 0.98
0.25 0.56 0.99
0.25 0.56 1.01
0.26 0.59 0.97
0.27 0.58 0.98
0.27 0.57 0.98
0.26 0.58 0.97
0.25 0.57 0.98
0.24 0.56 0.95
0.24 0.56 0.95
0.25 0.56 1
0.25 0.54 0.98
0.25 0.55 0.99
0.26 0.55 1.01
0.26 0.55 1.02
0.26 0.57 1.01
0.25 0.56 1
0.26 0.58 0.96
0.25 0.59 0.95
0.26 0.58 0.96
0.26 0.59 0.95
0.27 0.58 0.96
0.24 0.56 0.99
0.24 0.55 1
0.24 0.56 0.98
0.24 0.57 0.96
0.25 0.58 0.96
0.25 0.58 0.95
0.25 0.57 0.96
0.24 0.55 0.93
0.25 0.57 0.92
0.25 0.56 0.94
0.24 0.57 0.97
0.25 0.57 0.95
0.25 0.59 0.93
0.25 0.58 0.96
0.25 0.57 0.98
0.25 0.56 0.94
0.26 0.56 0.95
0.27 0.56 1
0.27 0.55 1
0.26 0.56 1.01
0.27 0.56 1
0.26 0.56 1
0.26 0.56 0.99
0.26 0.56 1.04
0.26 0.56 1
0.26 0.54 0.95
0.27 0.56 0.98
0.26 0.56 0.96
0.26 0.57 0.95
0.26 0.57 0.97
0.25 0.59 0.96
0.26 0.58 0.98
0.25 0.59 0.96
0.24 0.57 0.94
0.25 0.57 0.95
0.25 0.57 0.96
0.25 0.56 0.94
0.25 0.54 0.91
0.24 0.55 0.95
0.26 0.56 0.94
0.26 0.56 0.93
0.27 0.57 0.97
0.27 0.56 0.96
0.26 0.56 0.97
0.26 0.56 0.98
0.26 0.56 0.97
0.25 0.55 0.97
0.25 0.56 0.96
0.26 0.57 0.96
0.27 0.57 0.96
0.27 0.56 0.97
0.26 0.58 0.94
0.24 0.57 0.92
0.25 0.57 0.94
0.24 0.57 0.94
0.25 0.57 0.94
0.24 0.58 0.93
0.24 0.57 0.93
0.24 0.57 0.94
0.24 0.57 0.96
0.25 0.57 0.97
0.25 0.57 0.97
0.24 0.56 0.93
0.24 0.55 0.9
0.25 0.56 0.88
0.25 0.55 0.91
0.25 0.56 0.94
0.24 0.58 0.93
0.24 0.57 0.93
0.25 0.57 0.93
0.25 0.57 0.9
0.26 0.57 0.93
0.26 0.56 0.91
0.26 0.56 0.94
0.26 0.57 0.93
0.28 0.56 0.94
0.27 0.55 0.91
0.26 0.55 0.93
0.28 0.56 0.96
0.27 0.55 0.92
0.28 0.56 0.97
0.28 0.56 0.94
0.27 0.57 0.96
0.27 0.57 0.96
0.26 0.59 0.94
0.25 0.59 0.96
0.25 0.59 0.99
0.26 0.58 1.03
0.26 0.6 1.02
0.25 0.59 0.97
0.26 0.58 1.01
0.26 0.57 1.01
0.27 0.57 1.03
0.28 0.57 1.03
0.27 0.57 1.01
0.27 0.57 1.03
0.27 0.56 1.06
0.26 0.57 1.03
0.25 0.56 1.02
0.26 0.55 1.04
0.25 0.56 1
0.25 0.56 0.99
0.26 0.55 1.01
0.25 0.55 1.03
0.25 0.55 1.02
0.24 0.56 1.02
0.26 0.57 1.06
0.27 0.57 1.05
0.28 0.57 1.03
0.27 0.57 1.02
0.27 0.56 1.04
0.27 0.56 1.04
0.26 0.55 1.02
0.25 0.55 1.02
0.25 0.56 1
0.25 0.56 1
0.25 0.57 0.95
0.25 0.59 0.92
0.25 0.58 0.93
0.25 0.57 0.96
0.25 0.57 0.96
0.25 0.56 0.93
0.25 0.57 0.95
0.25 0.57 0.95
0.25 0.57 0.96
0.24 0.56 0.92
0.24 0.54 0.92
0.25 0.55 0.95
0.25 0.55 0.96
0.24 0.56 0.97
0.24 0.57 0.96
0.24 0.56 0.98
0.24 0.55 1.03
0.24 0.54 1
0.24 0.55 1
0.25 0.56 1.01
0.25 0.56 1.03
0.24 0.59 1.02
0.23 0.58 1.03
0.23 0.59 1
0.24 0.6 0.99
0.24 0.58 0.98
0.25 0.58 0.99
0.25 0.57 0.99
0.26 0.57 1.02
0.27 0.58 1.03
0.25 0.59 1.02
0.25 0.58 0.99
0.24 0.57 0.99
0.25 0.57 1
0.25 0.57 0.99
0.23 0.59 0.97
0.24 0.56 1
0.26 0.59 0.98
0.25 0.57 0.96
0.25 0.59 0.93
0.25 0.57 0.94
0.26 0.57 0.98
0.27 0.55 0.98
0.26 0.56 0.96
0.26 0.54 0.99
0.27 0.55 0.99
0.26 0.56 1.03
0.27 0.56 1.01
0.28 0.56 1.02
0.27 0.56 1.02
0.27 0.56 1.02
0.27 0.56 1.02
0.27 0.56 1
0.28 0.57 0.98
0.27 0.57 0.99
0.27 0.57 1.02
0.27 0.57 1
0.26 0.57 1.01
0.27 0.56 1.04
0.26 0.57 1.03
0.23 0.58 0.99
0.24 0.59 0.95
0.26 0.58 0.98
0.26 0.58 0.97
0.27 0.57 0.97
0.26 0.57 1
0.27 0.57 1
0.26 0.57 0.95
0.27 0.58 0.96
0.25 0.58 0.95
0.24 0.57 0.93
0.25 0.57 0.98
0.25 0.57 0.98
0.25 0.57 0.98
0.26 0.57 0.99
0.26 0.56 1.01
0.26 0.55 1.01
0.26 0.56 1.02
0.26 0.58 0.98
0.26 0.58 0.98
0.25 0.58 0.96
0.24 0.57 0.93
0.23 0.56 0.91
0.24 0.57 0.94
0.25 0.57 0.96
0.24 0.59 0.93
0.24 0.58 0.95
0.24 0.57 0.96
0.23 0.56 0.96
0.23 0.56 0.96
0.24 0.55 1.02
0.24 0.56 1
0.25 0.55 0.99
0.26 0.55 0.98
0.26 0.54 0.96
0.26 0.55 0.97
0.25 0.55 1.02
0.24 0.57 1.01
0.23 0.56 1
0.24 0.56 0.99
0.25 0.56 1
0.26 0.57 1.01
0.26 0.57 1
0.26 0.57 1.02
0.25 0.56 1.02
0.25 0.56 1
0.24 0.55 0.98
0.25 0.56 0.97
0.25 0.56 0.95
0.24 0.55 0.99
0.25 0.55 1
0.24 0.57 0.97
0.25 0.58 0.97
0.27 0.59 1.01
0.27 0.6 1
0.26 0.58 0.99
0.27 0.57 0.99
0.26 0.57 1.01
0.25 0.57 1
0.24 0.56 0.96
0.24 0.58 0.95
0.23 0.56 0.93
0.27 0.56 0.97
0.26 0.56 1
0.27 0.56 1.04
0.26 0.55 0.98
0.27 0.56 0.97
0.26 0.55 0.97
0.29 0.56 1.01
0.27 0.59 0.97
0.26 0.57 0.98
0.26 0.57 1
0.26 0.56 1.01
0.25 0.56 1.01
0.25 0.56 1.02
0.24 0.57 0.98
0.23 0.56 0.99
0.23 0.56 1.01
0.22 0.55 0.97
0.22 0.56 0.98
0.23 0.56 0.97
0.24 0.56 0.99
0.24 0.55 1.02
0.25 0.56 1.01
0.25 0.55 1.01
0.24 0.56 1
0.24 0.56 1.01
0.25 0.55 0.99
0.25 0.55 0.97
0.25 0.55 0.98
0.25 0.56 1
0.24 0.56 0.98
0.24 0.57 0.98
0.25 0.57 0.97
0.26 0.56 0.98
0.26 0.56 0.98
0.26 0.56 1
0.25 0.56 0.99
0.25 0.55 0.99
0.24 0.56 0.98
0.25 0.54 0.99
0.25 0.55 1
0.24 0.56 1.01
0.24 0.56 1
0.25 0.56 0.98
0.25 0.56 0.98
0.24 0.55 1.01
0.26 0.55 0.96
0.25 0.58 0.94
0.25 0.56 0.91
0.25 0.56 0.92
0.26 0.57 0.94
0.25 0.55 0.93
0.24 0.57 0.94
0.24 0.58 0.95
0.25 0.58 0.97
0.26 0.58 0.99
0.26 0.59 0.98
0.25 0.59 0.97
0.26 0.59 0.98
0.24 0.58 1
0.25 0.58 1
0.26 0.58 1
0.25 0.59 1
0.25 0.57 1.01
0.26 0.56 0.99
0.26 0.56 0.95
0.25 0.56 0.97
0.25 0.54 0.95
0.25 0.54 0.95
0.26 0.55 0.96
0.25 0.54 1
0.24 0.57 0.97
0.24 0.57 0.98
0.26 0.57 0.97
0.25 0.58 0.95
0.26 0.57 0.96
0.27 0.57 0.95
0.26 0.57 0.96
0.26 0.57 0.97
0.26 0.57 0.97
0.25 0.55 0.97
0.26 0.56 0.98
0.25 0.56 0.95
0.25 0.56 0.93
0.26 0.56 0.94
0.25 0.56 0.96
0.24 0.57 0.95
0.23 0.56 0.95
0.23 0.56 0.92
0.24 0.56 0.93
0.24 0.57 0.92
0.26 0.56 0.94
0.27 0.56 0.96
0.26 0.56 1
0.26 0.55 1
0.26 0.55 1.04
0.25 0.56 1.03
0.25 0.53 0.99
0.24 0.54 1
0.23 0.55 0.98
0.24 0.55 1.01
0.25 0.56 1.04
0.23 0.55 0.99
0.23 0.56 0.98
0.23 0.56 0.99
0.23 0.58 0.97
0.24 0.59 0.97
0.24 0.59 0.98
0.24 0.59 1.03
0.25 0.59 1.05
0.25 0.58 1.04
0.26 0.58 1.05
0.26 0.57 1.05
0.26 0.58 1.04
0.27 0.57 1.05
0.26 0.56 1.05
0.24 0.54 1
0.25 0.54 0.99
0.26 0.56 1.01
0.27 0.56 1.02
0.25 0.54 0.99
0.24 0.54 0.98
0.23 0.54 0.96
0.24 0.55 0.98
0.24 0.53 0.95
0.25 0.53 0.95
0.25 0.54 0.94
0.25 0.55 0.97
0.26 0.55 0.97
0.26 0.56 0.98
0.26 0.55 1.02
0.26 0.56 0.97
0.26 0.56 0.97
0.26 0.56 0.97
0.26 0.56 0.98
0.26 0.56 0.97
0.25 0.56 0.99
0.25 0.58 0.98
0.25 0.58 0.96
0.25 0.59 0.95
0.25 0.57 0.96
0.24 0.56 0.93
0.25 0.55 0.93
0.25 0.55 0.95
0.26 0.56 0.91
0.25 0.55 0.92
0.23 0.55 0.91
0.23 0.54 0.92
0.24 0.55 0.94
0.25 0.55 0.96
0.25 0.56 0.95
0.25 0.56 0.96
0.25 0.57 0.97
0.26 0.57 0.99
0.26 0.59 0.96
0.26 0.58 1
0.26 0.58 0.97
0.27 0.58 0.92
0.27 0.59 0.95
0.26 0.58 0.95
0.25 0.56 0.97
0.24 0.55 0.94
0.26 0.55 0.92
0.22 0.61 0.89
0.24 0.59 0.93
0.24 0.6 0.97
0.24 0.59 0.93
0.25 0.57 0.91
0.25 0.56 0.94
0.25 0.56 0.95
0.26 0.56 0.99
0.29 0.57 1.01
0.28 0.57 1.01
0.27 0.58 0.99
0.27 0.57 0.99
0.26 0.59 0.96
0.26 0.59 0.96
0.26 0.59 0.97
0.25 0.58 0.93
0.26 0.57 0.95
0.25 0.58 0.94
0.25 0.58 0.95
0.24 0.57 0.96
0.24 0.57 0.94
0.23 0.58 0.93
0.25 0.58 0.95
0.25 0.57 0.97
0.25 0.57 0.97
0.26 0.58 0.97
0.25 0.59 0.95
0.25 0.59 0.95
0.26 0.59 0.94
0.26 0.58 0.96
0.25 0.56 0.94
0.24 0.55 0.91
0.24 0.56 0.94
0.24 0.55 0.92
0.24 0.56 0.92
0.24 0.55 0.94
0.25 0.56 0.97
0.25 0.55 0.96
0.25 0.55 0.98
0.24 0.55 0.99
0.26 0.56 1
0.27 0.55 1
0.26 0.56 1.01
0.26 0.56 0.97
0.26 0.58 0.96
0.25 0.57 0.93
0.24 0.58 0.91
0.25 0.57 0.93
0.25 0.57 0.95
0.26 0.57 0.96
0.24 0.56 0.95
0.25 0.55 0.98
0.25 0.56 0.98
0.25 0.56 0.98
0.25 0.58 0.94
0.26 0.58 0.99
0.24 0.57 0.96
0.25 0.56 0.95
0.25 0.55 0.93
0.26 0.56 0.99
0.26 0.57 1.01
0.25 0.55 0.97
0.25 0.56 0.98
0.27 0.56 0.99
0.26 0.54 0.97
0.26 0.55 0.97
0.25 0.57 0.94
0.24 0.56 0.98
0.25 0.57 1
0.26 0.57 1.04
0.27 0.56 1
0.26 0.56 0.97
0.26 0.57 0.98
0.26 0.57 0.98
0.26 0.58 0.98
0.25 0.56 0.95
0.24 0.57 0.93
0.25 0.57 0.93
0.25 0.6 0.9
0.26 0.59 0.93
0.26 0.57 0.9
0.26 0.57 0.92
0.27 0.58 0.93
0.25 0.56 0.93
0.24 0.56 0.93
0.25 0.56 0.96
0.25 0.56 0.96
0.25 0.56 0.95
0.24 0.57 0.94
0.24 0.6 0.92
0.25 0.6 0.94
0.25 0.59 0.95
0.24 0.57 1.01
0.25 0.57 1.02
0.26 0.58 1.02
0.26 0.58 1.01
0.26 0.57 1.03
0.27 0.58 1.03
0.28 0.59 1.03
0.27 0.58 1.01
0.27 0.58 1.01
0.27 0.56 1.02
0.26 0.56 1.01
0.26 0.55 0.98
0.26 0.56 0.98
0.26 0.55 0.94
0.26 0.55 0.98
0.26 0.56 0.99
0.26 0.56 0.96
0.26 0.57 0.96
0.26 0.56 0.99
0.25 0.55 0.95
0.26 0.56 0.94
0.26 0.56 1
0.25 0.56 1.01
0.25 0.57 0.98
0.25 0.56 0.99
0.25 0.54 0.94
0.25 0.54 0.98
0.25 0.55 0.94
0.25 0.56 0.95
0.24 0.56 0.96
0.24 0.55 0.93
0.24 0.55 0.93
0.24 0.55 0.95
0.24 0.55 0.96
0.25 0.55 0.96
0.24 0.55 0.97
0.24 0.55 0.97
0.24 0.56 0.97
0.24 0.56 0.97
0.24 0.56 0.99
0.25 0.55 0.97
0.24 0.56 0.98
0.24 0.56 0.98
0.25 0.55 1
0.25 0.55 1.02
0.24 0.55 1
0.24 0.55 1
0.25 0.59 0.97
0.24 0.57 0.99
0.23 0.54 0.98
0.24 0.55 0.99
0.23 0.56 0.98
0.24 0.57 0.97
0.23 0.57 0.99
0.24 0.56 1
0.24 0.56 0.98
0.25 0.57 1
0.25 0.57 1
0.24 0.57 1
0.24 0.57 0.98
0.25 0.56 0.99
0.24 0.56 0.99
0.23 0.54 0.96
0.23 0.57 0.97
0.23 0.57 1
0.23 0.56 0.99
0.23 0.57 0.99
0.24 0.56 0.99
0.24 0.55 0.99
0.25 0.56 0.99
0.23 0.56 0.99
0.22 0.56 0.98
0.2 0.55 0.95
0.22 0.55 0.95
0.22 0.56 0.95
0.23 0.57 0.96
0.24 0.56 0.98
0.23 0.56 0.97
0.22 0.57 0.97
0.24 0.56 0.93
0.25 0.56 0.99
0.24 0.56 0.98
0.23 0.55 1
0.23 0.55 0.99
0.22 0.56 0.99
0.22 0.56 1
0.23 0.56 0.95
0.23 0.58 0.95
0.25 0.58 0.95
0.24 0.58 0.98
0.24 0.57 1
0.25 0.56 0.95
0.25 0.56 0.92
0.26 0.57 0.93
0.27 0.56 0.95
0.26 0.55 0.96
0.26 0.55 0.96
0.27 0.56 0.98
0.27 0.59 0.94
0.26 0.57 0.97
0.26 0.57 0.98
0.27 0.57 0.97
0.27 0.57 0.98
0.27 0.56 0.94
0.26 0.56 0.93
0.26 0.57 0.92
0.26 0.57 0.95
0.25 0.56 0.96
0.25 0.53 0.93
0.24 0.55 0.95
0.23 0.55 0.92
0.24 0.55 0.93
0.25 0.55 0.95
0.25 0.55 1
0.26 0.55 0.99
0.24 0.56 0.97
0.25 0.59 1
0.25 0.59 0.97
0.25 0.58 0.98
0.24 0.58 0.99
0.23 0.57 1
0.24 0.58 0.97
0.24 0.56 1.01
0.24 0.56 0.96
0.25 0.56 0.97
0.25 0.55 0.99
0.25 0.55 0.94
0.24 0.56 0.97
0.25 0.56 0.94
0.26 0.57 0.95
0.26 0.58 0.96
0.27 0.57 0.96
0.27 0.57 1.01
0.26 0.54 0.99
0.26 0.56 1
0.26 0.55 0.99
0.25 0.55 0.99
0.24 0.56 0.98
0.25 0.56 0.98
0.26 0.56 0.98
0.25 0.56 1.02
0.25 0.57 1
0.25 0.57 1.01
0.24 0.56 1
0.24 0.56 1.02
0.24 0.56 1
0.24 0.54 0.98
0.25 0.54 0.94
0.25 0.55 0.95
0.27 0.56 0.98
0.26 0.58 0.97
0.27 0.58 0.98
0.28 0.57 0.98
0.27 0.56 0.99
0.25 0.55 0.96
0.24 0.58 0.94
0.25 0.57 0.95
0.24 0.6 0.92
0.23 0.6 0.93
0.23 0.59 0.94
0.24 0.59 0.99
0.25 0.58 1.02
0.24 0.57 0.98
0.26 0.59 1
0.26 0.59 0.98
0.25 0.56 0.96
0.24 0.55 1
0.24 0.58 0.97
0.26 0.58 0.97
0.25 0.59 0.95
0.25 0.57 0.98
0.25 0.58 0.97
0.27 0.58 0.92
0.27 0.55 0.92
0.26 0.54 0.92
0.26 0.55 0.94
0.25 0.56 0.93
0.26 0.55 0.91
0.26 0.55 0.94
0.26 0.55 0.95
0.27 0.56 0.96
0.26 0.54 0.95
0.25 0.55 0.94
0.27 0.56 0.97
0.26 0.56 0.94
0.25 0.56 0.94
0.24 0.58 0.93
0.24 0.57 0.94
0.24 0.57 0.99
0.25 0.57 0.99
0.26 0.56 1.01
0.26 0.56 1
0.25 0.56 1.01
0.26 0.56 1.02
0.26 0.56 1.02
0.25 0.56 1.01
0.23 0.55 0.97
0.23 0.55 0.98
0.24 0.56 0.99
0.24 0.56 0.98
0.25 0.55 0.95
0.25 0.56 0.95
0.25 0.58 0.93
0.25 0.56 0.91
0.25 0.54 0.9
0.25 0.55 0.94
0.25 0.56 0.94
0.25 0.56 0.99
0.24 0.57 0.95
0.24 0.58 0.94
0.23 0.57 0.92
0.25 0.56 0.89
0.25 0.56 0.93
0.25 0.57 0.95
0.25 0.56 0.96
0.25 0.54 0.94
0.26 0.55 0.97
0.25 0.55 1
0.25 0.56 1
0.24 0.56 1
0.24 0.55 0.98
0.25 0.56 0.99
0.24 0.55 0.94
0.25 0.55 0.95
0.25 0.56 0.97
0.26 0.57 0.98
0.27 0.59 0.97
0.25 0.58 0.96
0.25 0.56 0.94
0.25 0.55 0.96
0.25 0.55 0.92
0.24 0.56 0.94
0.24 0.56 0.94
0.24 0.59 0.92
0.23 0.57 0.94
0.25 0.53 0.94
0.26 0.55 0.98
0.25 0.56 0.97
0.26 0.55 1.01
0.26 0.58 0.98
0.26 0.57 0.98
0.24 0.56 0.99
0.26 0.58 0.97
0.26 0.57 0.99
0.26 0.58 0.99
0.27 0.57 0.97
0.26 0.56 0.95
0.26 0.56 0.91
0.26 0.56 0.92
0.25 0.56 0.9
0.24 0.55 0.92
0.24 0.55 0.94
0.25 0.56 0.96
0.25 0.58 0.93
0.25 0.58 0.96
0.25 0.56 0.98
0.26 0.58 0.98
0.27 0.57 0.97
0.27 0.57 0.98
0.27 0.57 1
0.26 0.57 0.99
0.25 0.56 1.02
0.24 0.55 0.98
0.25 0.56 0.98
0.26 0.57 0.97
0.26 0.56 0.99
0.25 0.56 1
0.26 0.56 1
0.26 0.55 1.02
0.25 0.56 1.03
0.25 0.56 1.01
0.25 0.56 1.04
0.23 0.55 0.99
0.22 0.56 0.98
0.24 0.56 1
0.24 0.57 0.99
0.25 0.57 1
0.25 0.57 1.01
0.25 0.55 0.97
0.26 0.55 0.98
0.27 0.56 0.99
0.26 0.57 0.98
0.25 0.59 0.96
0.26 0.59 0.97
0.26 0.57 0.97
0.26 0.56 0.97
0.26 0.56 0.97
0.25 0.56 1
0.25 0.58 0.98
0.24 0.58 0.97
0.23 0.56 1
0.25 0.56 0.99
0.25 0.56 1
0.24 0.57 0.97
0.23 0.56 0.94
0.24 0.56 0.97
0.25 0.56 1.01
0.24 0.54 0.98
0.25 0.55 1
0.25 0.55 1
0.24 0.54 0.97
0.25 0.54 0.99
0.24 0.56 0.97
0.24 0.57 0.94
0.24 0.56 0.92
0.25 0.56 0.92
0.24 0.57 0.97
0.26 0.56 1.03
0.26 0.56 1.03
0.25 0.55 1.03
0.26 0.56 1.02
0.27 0.56 1.01
0.26 0.57 0.99
0.26 0.55 0.95
0.26 0.56 0.97
0.26 0.56 0.99
0.26 0.56 1.01
0.25 0.57 0.99
0.25 0.55 0.97
0.25 0.56 0.98
0.25 0.56 0.97
0.25 0.55 0.98
0.24 0.55 1
0.25 0.56 0.99
0.25 0.56 1.01
0.25 0.55 1.01
0.24 0.56 0.95
0.25 0.56 0.97
0.24 0.56 0.96
0.24 0.54 0.94
0.24 0.56 0.92
0.25 0.57 0.94
0.26 0.56 0.94
0.26 0.56 0.97
0.27 0.55 1
0.27 0.56 1
0.26 0.55 1
0.26 0.56 1
0.25 0.56 0.99
0.26 0.55 1
0.26 0.56 1
0.27 0.55 1
0.28 0.56 1
0.26 0.55 0.96
0.26 0.56 0.98
0.26 0.56 0.97
0.26 0.57 0.93
0.25 0.56 0.9
0.26 0.56 0.94
0.27 0.57 0.96
0.28 0.57 0.99
0.27 0.56 0.95
0.25 0.57 0.97
0.25 0.56 0.97
0.26 0.56 0.99
0.25 0.56 1.01
0.24 0.56 1
0.24 0.56 0.99
0.23 0.56 0.98
0.22 0.56 0.94
0.22 0.53 0.93
0.23 0.54 0.95
0.24 0.55 0.96
0.24 0.58 0.94
0.25 0.58 0.96
0.25 0.58 0.94
0.25 0.59 0.91
0.26 0.58 0.94
0.26 0.58 0.94
0.26 0.57 0.95
0.25 0.56 0.92
0.25 0.56 0.91
0.25 0.56 0.95
0.27 0.55 0.97
0.26 0.55 0.94
0.25 0.57 0.91
0.25 0.57 0.92
0.25 0.56 0.94
0.25 0.55 0.95
0.25 0.54 0.96
0.26 0.55 0.98
0.25 0.55 0.99
0.25 0.54 1
0.25 0.56 0.95
0.25 0.56 0.96
0.26 0.55 0.98
0.26 0.55 0.97
0.26 0.55 0.99
0.26 0.53 0.95
0.27 0.54 0.95
0.27 0.54 0.96
0.25 0.55 0.95
0.25 0.55 0.97
0.25 0.56 0.97
0.25 0.56 0.96
0.25 0.57 0.97
0.25 0.54 0.95
0.25 0.55 0.97
0.26 0.54 0.98
0.26 0.55 0.99
0.26 0.55 1.01
0.26 0.56 1.01
0.25 0.56 1.01
0.25 0.55 0.96
0.25 0.55 0.98
0.25 0.56 0.97
0.24 0.56 0.94
0.25 0.58 0.91
0.24 0.58 0.91
0.24 0.58 0.94
0.23 0.57 0.95
0.23 0.56 0.92
0.24 0.57 0.94
0.23 0.55 0.93
0.23 0.56 0.95
0.24 0.56 1.01
0.22 0.56 0.99
0.22 0.56 0.95
0.23 0.55 0.98
0.24 0.56 1
0.25 0.55 1.01
0.25 0.56 0.96
0.27 0.55 0.99
0.26 0.54 0.99
0.26 0.55 1
0.26 0.57 1
0.25 0.54 0.97
0.25 0.55 0.97
0.24 0.57 0.99
0.24 0.56 0.95
0.23 0.56 0.97
0.24 0.56 1.03
0.24 0.55 1.01
0.23 0.56 0.99
0.25 0.57 0.97
0.26 0.57 1.01
0.27 0.55 1.01
0.27 0.56 1.01
0.24 0.56 0.97
0.25 0.55 0.99
0.26 0.53 0.98
0.26 0.54 0.98
0.26 0.55 1
0.26 0.56 0.99
0.25 0.55 0.95
0.25 0.56 0.97
