0.53 0.65 0.92
0.54 0.63 0.96
0.53 0.63 0.93
0.53 0.61 0.91
0.52 0.61 0.91
0.52 0.6 0.88
0.51 0.61 0.92
0.51 0.62 0.89
0.52 0.63 0.87
0.53 0.62 0.85
0.53 0.6 0.9
0.54 0.6 0.93
0.53 0.59 0.88
0.51 0.6 0.9
0.5 0.61 0.87
0.5 0.6 0.86
0.51 0.6 0.85
0.51 0.59 0.9
0.51 0.63 0.9
0.52 0.63 0.91
0.53 0.63 0.96
0.53 0.65 0.96
0.53 0.63 0.92
0.53 0.64 0.92
0.54 0.61 0.92
0.53 0.6 0.9
0.53 0.6 0.96
0.53 0.59 0.96
0.56 0.58 0.95
0.55 0.61 0.91
0.55 0.6 0.91
0.54 0.59 0.87
0.53 0.59 0.86
0.54 0.59 0.87
0.57 0.61 0.91
0.57 0.62 0.92
0.55 0.61 0.91
0.55 0.65 0.92
0.55 0.63 0.88
0.56 0.62 0.87
0.56 0.61 0.89
0.54 0.59 0.87
0.54 0.59 0.85
0.55 0.6 0.85
0.55 0.61 0.85
0.55 0.59 0.84
0.54 0.58 0.86
0.54 0.59 0.87
0.54 0.61 0.84
0.55 0.61 0.83
0.58 0.61 0.83
0.57 0.61 0.86
0.57 0.61 0.87
0.56 0.62 0.89
0.56 0.61 0.94
0.55 0.62 0.9
0.55 0.61 0.87
0.53 0.63 0.87
0.55 0.62 0.86
0.56 0.64 0.87
0.56 0.63 0.86
0.55 0.63 0.91
0.53 0.63 0.89
0.5 0.69 0.88
0.51 0.65 0.88
0.51 0.64 0.87
0.51 0.63 0.86
0.51 0.61 0.86
0.52 0.62 0.86
0.54 0.62 0.84
0.56 0.62 0.85
0.56 0.67 0.9
0.55 0.66 0.93
0.54 0.66 0.91
0.55 0.63 0.92
0.55 0.63 0.93
0.54 0.61 0.92
0.53 0.62 0.88
0.55 0.65 0.89
0.54 0.66 0.89
0.54 0.66 0.87
0.54 0.65 0.94
0.53 0.63 0.92
0.54 0.6 0.91
0.54 0.6 0.87
0.54 0.62 0.85
0.54 0.64 0.85
0.54 0.62 0.82
0.53 0.61 0.82
0.54 0.6 0.83
0.55 0.59 0.87
0.55 0.6 0.89
0.56 0.59 0.87
0.56 0.58 0.86
0.56 0.59 0.85
0.55 0.57 0.84
0.54 0.58 0.84
0.54 0.61 0.86
0.53 0.61 0.87
0.54 0.61 0.87
0.55 0.62 0.88
0.54 0.65 0.9
0.55 0.63 0.88
0.56 0.63 0.86
0.55 0.63 0.84
0.56 0.61 0.89
0.56 0.61 0.91
0.55 0.59 0.88
0.56 0.61 0.91
0.57 0.61 0.92
0.58 0.6 0.94
0.56 0.6 0.91
0.56 0.59 0.89
0.55 0.6 0.86
0.58 0.59 0.89
0.6 0.58 0.9
0.58 0.59 0.92
0.56 0.59 0.9
0.57 0.6 0.95
0.57 0.61 0.92
0.57 0.61 0.9
0.56 0.63 0.89
0.57 0.62 0.92
0.56 0.62 0.91
0.56 0.63 0.9
0.56 0.61 0.89
0.54 0.64 0.9
0.53 0.64 0.88
0.54 0.61 0.88
0.53 0.61 0.86
0.55 0.59 0.86
0.54 0.58 0.84
0.53 0.58 0.85
0.53 0.58 0.87
0.55 0.59 0.9
0.54 0.6 0.91
0.54 0.61 0.87
0.53 0.61 0.84
0.56 0.6 0.81
0.55 0.59 0.82
0.57 0.57 0.86
0.57 0.57 0.86
0.56 0.58 0.85
0.55 0.6 0.88
0.55 0.61 0.89
0.57 0.61 0.91
0.55 0.59 0.9
0.54 0.57 0.89
0.58 0.56 0.94
0.58 0.57 0.93
0.56 0.59 0.89
0.54 0.61 0.88
0.54 0.61 0.86
0.57 0.59 0.88
0.56 0.59 0.87
0.56 0.58 0.84
0.54 0.58 0.83
0.54 0.6 0.82
0.54 0.61 0.83
0.54 0.59 0.85
0.55 0.59 0.89
0.54 0.58 0.87
0.52 0.57 0.88
0.53 0.58 0.86
0.53 0.62 0.86
0.53 0.6 0.88
0.52 0.59 0.86
0.53 0.58 0.85
0.52 0.57 0.85
0.56 0.57 0.85
0.56 0.57 0.86
0.55 0.58 0.88
0.55 0.62 0.89
0.55 0.62 0.87
0.56 0.61 0.93
0.56 0.59 0.93
0.55 0.59 0.89
0.54 0.58 0.9
0.54 0.59 0.91
0.55 0.59 0.89
0.56 0.58 0.87
0.55 0.59 0.91
0.54 0.59 0.89
0.55 0.62 0.87
0.55 0.63 0.85
0.55 0.64 0.83
0.54 0.63 0.85
0.52 0.61 0.85
0.54 0.59 0.86
0.54 0.58 0.88
0.54 0.59 0.87
0.53 0.6 0.84
0.53 0.62 0.87
0.54 0.6 0.9
0.54 0.58 0.9
0.54 0.58 0.88
0.55 0.58 0.91
0.55 0.59 0.9
0.54 0.59 0.89
0.54 0.62 0.89
0.55 0.62 0.88
0.54 0.61 0.89
0.53 0.6 0.89
0.56 0.62 0.9
0.57 0.62 0.96
0.57 0.61 0.96
0.55 0.64 0.94
0.54 0.65 0.93
0.54 0.62 0.92
0.56 0.62 0.92
0.57 0.6 0.92
0.56 0.59 0.88
0.55 0.59 0.91
0.55 0.59 0.91
0.54 0.58 0.89
0.54 0.56 0.89
0.54 0.59 0.93
0.54 0.61 0.9
0.54 0.62 0.9
0.55 0.6 0.93
0.54 0.59 0.91
0.55 0.58 0.89
0.54 0.57 0.86
0.57 0.57 0.88
0.59 0.57 0.93
0.57 0.58 0.91
0.56 0.58 0.89
0.54 0.58 0.88
0.56 0.59 0.88
0.55 0.59 0.85
0.56 0.6 0.83
0.55 0.62 0.84
0.54 0.61 0.83
0.54 0.6 0.85
0.55 0.62 0.84
0.56 0.62 0.85
0.55 0.66 0.87
0.52 0.66 0.87
0.53 0.66 0.87
0.55 0.66 0.91
0.54 0.7 0.92
0.53 0.68 0.92
0.56 0.66 0.91
0.56 0.64 0.89
0.56 0.62 0.9
0.57 0.61 0.9
0.56 0.6 0.87
0.56 0.59 0.94
0.56 0.6 0.91
0.56 0.6 0.89
0.57 0.59 0.85
0.56 0.62 0.87
0.54 0.65 0.88
0.54 0.63 0.88
0.57 0.63 0.93
0.58 0.61 0.96
0.58 0.58 0.92
0.56 0.57 0.89
0.56 0.61 0.89
0.57 0.62 0.88
0.59 0.6 0.91
0.58 0.58 0.92
0.56 0.57 0.91
0.59 0.64 0.95
0.59 0.64 0.92
0.57 0.61 0.87
0.55 0.62 0.87
0.54 0.63 0.87
0.54 0.63 0.85
0.54 0.66 0.89
0.55 0.65 0.88
0.54 0.62 0.88
0.54 0.61 0.88
0.54 0.61 0.86
0.54 0.6 0.84
0.54 0.61 0.81
0.54 0.63 0.82
0.53 0.59 0.83
0.55 0.57 0.86
0.55 0.59 0.85
0.56 0.6 0.9
0.55 0.61 0.88
0.54 0.6 0.86
0.55 0.58 0.87
0.55 0.59 0.85
0.54 0.58 0.85
0.54 0.58 0.84
0.54 0.59 0.83
0.56 0.59 0.86
0.56 0.58 0.86
0.57 0.57 0.83
0.57 0.56 0.82
0.56 0.6 0.85
0.56 0.59 0.82
0.57 0.58 0.83
0.56 0.62 0.86
0.55 0.65 0.87
0.54 0.65 0.88
0.55 0.63 0.9
0.55 0.63 0.88
0.56 0.62 0.89
0.56 0.63 0.86
0.56 0.63 0.86
0.56 0.62 0.87
0.58 0.59 0.87
0.58 0.57 0.88
0.55 0.56 0.85
0.54 0.59 0.88
0.54 0.58 0.89
0.54 0.59 0.86
0.54 0.62 0.87
0.54 0.63 0.84
0.54 0.63 0.91
0.54 0.63 0.88
0.55 0.63 0.86
0.54 0.62 0.85
0.53 0.64 0.91
0.52 0.63 0.89
0.52 0.66 0.89
0.52 0.64 0.88
0.52 0.63 0.86
0.52 0.63 0.87
0.51 0.61 0.85
0.53 0.6 0.86
0.54 0.6 0.85
0.55 0.59 0.86
0.55 0.63 0.89
0.54 0.66 0.92
0.55 0.63 0.96
0.56 0.63 0.95
0.58 0.62 0.96
0.56 0.62 0.92
0.54 0.61 0.94
0.54 0.64 0.91
0.54 0.61 0.89
0.53 0.59 0.89
0.53 0.61 0.9
0.52 0.6 0.87
0.53 0.61 0.86
0.55 0.62 0.93
0.56 0.63 0.92
0.55 0.61 0.91
0.53 0.63 0.92
0.54 0.61 0.93
0.54 0.65 0.95
0.54 0.64 0.97
0.54 0.65 0.99
0.52 0.66 0.95
0.54 0.63 0.97
0.54 0.6 1.01
0.55 0.6 0.99
0.55 0.63 0.97
0.54 0.62 0.91
0.55 0.6 0.92
0.55 0.59 0.92
0.54 0.61 0.92
0.54 0.59 0.94
0.54 0.59 0.89
0.53 0.6 0.87
0.54 0.61 0.88
0.54 0.6 0.88
0.54 0.6 0.92
0.52 0.63 0.91
0.52 0.62 0.89
0.53 0.62 0.88
0.53 0.62 0.85
0.52 0.63 0.87
0.51 0.64 0.86
0.5 0.64 0.86
0.51 0.6 0.87
0.54 0.6 0.87
0.53 0.58 0.85
0.52 0.58 0.87
0.53 0.57 0.86
0.53 0.57 0.89
0.54 0.57 0.94
0.54 0.57 0.97
0.53 0.55 0.93
0.54 0.57 0.94
0.53 0.6 0.94
0.53 0.61 0.91
0.53 0.58 0.9
0.52 0.62 0.92
0.53 0.65 0.92
0.55 0.63 0.94
0.55 0.65 0.9
0.54 0.62 0.9
0.54 0.61 0.91
0.54 0.63 0.9
0.54 0.63 0.87
0.53 0.62 0.89
0.53 0.62 0.88
0.53 0.59 0.86
0.54 0.62 0.87
0.54 0.6 0.86
0.54 0.59 0.85
0.54 0.57 0.83
0.53 0.56 0.83
0.54 0.58 0.91
0.55 0.58 0.89
0.56 0.61 0.88
0.55 0.6 0.89
0.55 0.61 0.94
0.55 0.62 0.92
0.55 0.64 0.88
0.56 0.63 0.86
0.55 0.66 0.87
0.55 0.65 0.88
0.53 0.66 0.87
0.55 0.64 0.89
0.55 0.63 0.86
0.55 0.63 0.88
0.54 0.62 0.92
0.55 0.59 0.93
0.54 0.59 0.91
0.55 0.62 0.91
0.54 0.64 0.88
0.52 0.67 0.87
0.51 0.71 0.84
0.51 0.67 0.83
0.52 0.64 0.84
0.52 0.63 0.88
0.52 0.63 0.9
0.52 0.6 0.87
0.54 0.6 0.93
0.55 0.6 0.9
0.54 0.59 0.89
0.54 0.57 0.88
0.54 0.55 0.89
0.55 0.55 0.87
0.55 0.57 0.88
0.57 0.58 0.94
0.57 0.57 0.92
0.56 0.56 0.91
0.55 0.56 0.88
0.55 0.55 0.89
0.55 0.55 0.87
0.56 0.55 0.89
0.56 0.57 0.92
0.56 0.59 0.89
0.56 0.58 0.88
0.54 0.57 0.88
0.53 0.56 0.86
0.53 0.56 0.86
0.54 0.58 0.86
0.53 0.58 0.84
0.52 0.61 0.85
0.52 0.61 0.83
0.53 0.61 0.88
0.54 0.64 0.9
0.56 0.64 0.88
0.54 0.62 0.88
0.55 0.58 0.88
0.56 0.59 0.86
0.55 0.6 0.91
0.54 0.62 0.89
0.54 0.65 0.87
0.53 0.64 0.85
0.55 0.64 0.85
0.56 0.63 0.88
0.55 0.61 0.87
0.54 0.61 0.94
0.53 0.61 0.91
0.53 0.63 0.91
0.54 0.66 0.9
0.55 0.64 0.91
0.54 0.67 0.87
0.55 0.65 0.91
0.55 0.63 0.88
0.56 0.62 0.89
0.57 0.59 0.87
0.56 0.61 0.87
0.55 0.6 0.85
0.54 0.6 0.85
0.56 0.59 0.89
0.55 0.6 0.89
0.54 0.6 0.94
0.53 0.59 0.9
0.52 0.62 0.9
0.54 0.62 0.91
0.53 0.61 0.88
0.53 0.58 0.86
0.52 0.56 0.89
0.54 0.57 0.88
0.55 0.58 0.89
0.56 0.59 0.91
0.55 0.58 0.91
0.55 0.58 0.98
0.55 0.59 0.93
0.56 0.59 0.89
0.56 0.61 0.87
0.54 0.6 0.84
0.53 0.59 0.88
0.54 0.59 0.85
0.55 0.61 0.93
0.54 0.58 0.92
0.53 0.57 0.88
0.52 0.59 0.9
0.53 0.59 0.88
0.53 0.62 0.88
0.54 0.61 0.9
0.54 0.6 0.89
0.53 0.58 0.86
0.53 0.58 0.84
0.54 0.58 0.84
0.55 0.59 0.83
0.54 0.59 0.82
0.51 0.6 0.83
0.53 0.6 0.83
0.53 0.63 0.83
0.54 0.63 0.84
0.53 0.63 0.86
0.51 0.6 0.87
0.52 0.6 0.92
0.54 0.6 0.92
0.55 0.6 0.94
0.54 0.58 0.91
0.53 0.57 0.88
0.53 0.57 0.85
0.54 0.57 0.89
0.57 0.57 0.95
0.56 0.59 0.91
0.54 0.62 0.9
0.54 0.62 0.89
0.56 0.59 0.92
0.55 0.57 0.9
0.53 0.61 0.89
0.53 0.62 0.86
0.54 0.64 0.85
0.55 0.61 0.83
0.55 0.59 0.84
0.55 0.59 0.82
0.55 0.59 0.83
0.56 0.58 0.89
0.56 0.56 0.86
0.58 0.57 0.89
0.55 0.56 0.85
0.55 0.59 0.85
0.56 0.58 0.88
0.57 0.59 0.88
0.57 0.59 0.87
0.55 0.58 0.88
0.54 0.6 0.88
0.54 0.59 0.89
0.55 0.6 0.88
0.54 0.59 0.88
0.53 0.59 0.87
0.52 0.59 0.85
0.55 0.59 0.92
0.56 0.6 0.89
0.56 0.59 0.89
0.55 0.61 0.87
0.54 0.63 0.87
0.54 0.61 0.85
0.54 0.6 0.85
0.56 0.6 0.89
0.55 0.62 0.91
0.54 0.62 0.93
0.53 0.59 0.91
0.52 0.59 0.88
0.52 0.59 0.88
0.52 0.6 0.91
0.51 0.63 0.89
0.52 0.63 0.88
0.54 0.61 0.88
0.57 0.58 0.9
0.55 0.61 0.89
0.54 0.62 0.87
0.55 0.61 0.89
0.56 0.59 0.88
0.55 0.59 0.87
0.54 0.6 0.85
0.54 0.63 0.83
0.55 0.62 0.83
0.54 0.61 0.84
0.57 0.58 0.86
0.55 0.62 0.86
0.54 0.65 0.87
0.54 0.65 0.87
0.55 0.65 0.9
0.53 0.68 0.91
0.52 0.67 0.89
0.52 0.63 0.87
0.54 0.62 0.86
0.54 0.61 0.84
0.54 0.59 0.83
0.53 0.61 0.87
0.51 0.62 0.86
0.51 0.65 0.89
0.52 0.64 0.88
0.52 0.64 0.86
0.54 0.63 0.83
0.53 0.6 0.82
0.54 0.6 0.82
0.54 0.62 0.82
0.54 0.63 0.82
0.53 0.65 0.83
0.52 0.64 0.82
0.53 0.63 0.85
0.54 0.64 0.84
0.53 0.66 0.85
0.55 0.64 0.9
0.54 0.65 0.88
0.54 0.62 0.88
0.53 0.66 0.91
0.53 0.65 0.89
0.53 0.65 0.92
0.53 0.66 0.93
0.56 0.63 0.9
0.56 0.63 0.87
0.56 0.63 0.84
0.56 0.61 0.84
0.56 0.59 0.85
0.55 0.64 0.89
0.55 0.67 0.88
0.56 0.67 0.86
0.55 0.67 0.85
0.54 0.66 0.93
0.56 0.63 0.92
0.55 0.62 0.89
0.55 0.62 0.9
0.54 0.64 0.89
0.55 0.64 0.94
0.54 0.64 0.91
0.56 0.64 0.87
0.58 0.62 0.85
0.56 0.62 0.88
0.55 0.61 0.93
0.56 0.59 0.94
0.55 0.59 0.93
0.55 0.6 0.9
0.55 0.62 0.93
0.54 0.61 0.89
0.53 0.6 0.88
0.55 0.58 0.87
0.55 0.58 0.85
0.55 0.58 0.83
0.56 0.58 0.86
0.57 0.58 0.88
0.57 0.59 0.89
0.56 0.6 0.88
0.55 0.6 0.86
0.53 0.6 0.91
0.53 0.65 0.92
0.55 0.64 0.89
0.56 0.64 0.89
0.54 0.62 0.86
0.54 0.61 0.84
0.55 0.61 0.84
0.55 0.63 0.87
0.55 0.63 0.86
0.54 0.64 0.86
0.54 0.66 0.84
0.54 0.65 0.82
0.55 0.62 0.82
0.57 0.6 0.85
0.56 0.6 0.84
0.56 0.62 0.89
0.55 0.61 0.89
0.53 0.63 0.87
0.55 0.63 0.87
0.55 0.62 0.9
0.53 0.6 0.88
0.53 0.62 0.88
0.53 0.61 0.88
0.55 0.6 0.88
0.53 0.59 0.87
0.52 0.59 0.85
0.52 0.59 0.85
0.53 0.59 0.86
0.53 0.57 0.88
0.52 0.6 0.87
0.51 0.63 0.88
0.51 0.62 0.87
0.54 0.61 0.9
0.54 0.62 0.94
0.54 0.62 0.9
0.52 0.6 0.88
0.53 0.58 0.86
0.53 0.6 0.84
0.54 0.6 0.83
0.52 0.58 0.85
0.52 0.57 0.83
0.52 0.57 0.84
0.52 0.58 0.82
0.55 0.56 0.87
0.54 0.59 0.88
0.55 0.57 0.88
0.54 0.63 0.88
0.54 0.66 0.87
0.54 0.64 0.85
0.53 0.62 0.84
0.53 0.64 0.85
0.49 0.7 0.85
0.5 0.67 0.85
0.53 0.62 0.9
0.52 0.65 0.89
0.53 0.63 0.94
0.54 0.62 0.92
0.54 0.61 0.9
0.55 0.61 0.9
0.54 0.63 0.89
0.53 0.68 0.89
0.54 0.65 0.89
0.55 0.63 0.9
0.54 0.63 0.87
0.53 0.64 0.86
0.53 0.61 0.89
0.53 0.6 0.88
0.54 0.61 0.85
0.56 0.6 0.92
0.55 0.62 0.91
0.53 0.59 0.88
0.55 0.59 0.85
0.54 0.6 0.84
0.54 0.61 0.82
0.54 0.59 0.83
0.54 0.59 0.83
0.55 0.61 0.82
0.57 0.59 0.87
0.57 0.59 0.9
0.55 0.59 0.87
0.53 0.6 0.86
0.54 0.59 0.84
0.53 0.58 0.84
0.54 0.58 0.86
0.54 0.57 0.84
0.53 0.56 0.82
0.55 0.57 0.81
0.58 0.56 0.86
0.59 0.57 0.88
0.58 0.58 0.95
0.56 0.58 0.91
0.55 0.57 0.92
0.55 0.58 0.88
0.55 0.59 0.85
0.54 0.59 0.91
0.54 0.58 0.96
0.55 0.58 0.92
0.55 0.58 0.91
0.54 0.56 0.9
0.53 0.59 0.89
0.53 0.59 0.92
0.53 0.65 0.95
0.54 0.63 0.98
0.57 0.63 0.99
0.56 0.62 0.95
0.54 0.62 0.95
0.54 0.61 0.94
0.55 0.6 0.92
0.55 0.61 0.89
0.54 0.62 0.91
0.52 0.63 0.89
0.54 0.62 0.86
0.54 0.62 0.86
0.55 0.6 0.86
0.54 0.61 0.89
0.52 0.64 0.89
0.52 0.64 0.86
0.53 0.63 0.88
0.54 0.62 0.88
0.53 0.62 0.9
0.52 0.61 0.97
0.53 0.6 0.91
0.54 0.57 0.9
0.55 0.57 0.89
0.53 0.57 0.88
0.52 0.6 0.85
0.54 0.6 0.88
0.54 0.61 0.87
0.55 0.61 0.84
0.55 0.62 0.89
0.53 0.62 0.88
0.53 0.62 0.86
0.54 0.62 0.89
0.56 0.63 0.86
0.54 0.61 0.86
0.53 0.6 0.85
0.54 0.62 0.84
0.54 0.61 0.86
0.54 0.59 0.83
0.53 0.59 0.83
0.52 0.6 0.84
0.53 0.6 0.86
0.54 0.6 0.85
0.55 0.6 0.84
0.55 0.58 0.85
0.54 0.56 0.82
0.55 0.58 0.89
0.53 0.62 0.88
0.54 0.61 0.88
0.53 0.61 0.85
0.52 0.62 0.83
0.51 0.6 0.83
0.52 0.59 0.87
0.55 0.6 0.86
0.55 0.59 0.83
0.55 0.58 0.88
0.55 0.59 0.87
0.55 0.57 0.87
0.54 0.55 0.87
0.54 0.56 0.84
0.53 0.56 0.84
0.53 0.58 0.92
0.53 0.59 0.89
0.56 0.59 0.95
0.54 0.62 0.93
0.53 0.63 0.94
0.51 0.63 0.91
0.53 0.62 0.9
0.53 0.64 0.88
0.51 0.65 0.88
0.52 0.63 0.87
0.53 0.61 0.86
0.53 0.65 0.88
0.52 0.62 0.87
0.52 0.61 0.85
0.54 0.61 0.9
0.53 0.65 0.88
0.54 0.64 0.9
0.53 0.64 0.88
0.52 0.63 0.92
0.52 0.61 0.9
0.53 0.6 0.9
0.53 0.6 0.92
0.53 0.59 0.92
0.53 0.57 0.91
0.54 0.55 0.9
0.55 0.57 0.89
0.53 0.61 0.89
0.53 0.64 0.88
0.52 0.62 0.85
0.52 0.62 0.84
0.53 0.63 0.83
0.54 0.62 0.85
0.54 0.62 0.84
0.53 0.64 0.85
0.53 0.66 0.85
0.52 0.63 0.84
0.53 0.6 0.85
0.53 0.66 0.88
0.52 0.63 0.86
0.54 0.62 0.92
0.54 0.6 0.88
0.53 0.65 0.91
0.56 0.64 0.95
0.54 0.63 0.91
0.54 0.63 0.88
0.54 0.64 0.87
0.56 0.63 0.95
0.56 0.63 0.96
0.55 0.61 0.92
0.56 0.61 0.95
0.56 0.6 0.93
0.58 0.68 0.95
0.58 0.66 0.9
0.57 0.64 0.87
0.55 0.68 0.89
0.55 0.67 0.88
0.55 0.64 0.85
0.55 0.64 0.85
0.54 0.64 0.87
0.53 0.64 0.86
0.56 0.61 0.87
0.56 0.58 0.87
0.54 0.59 0.86
0.54 0.58 0.85
0.54 0.57 0.84
0.55 0.6 0.85
0.57 0.59 0.88
0.57 0.58 0.86
0.55 0.62 0.88
0.55 0.61 0.92
0.54 0.66 0.89
0.55 0.63 0.88
0.55 0.63 0.85
0.54 0.63 0.83
0.53 0.65 0.86
0.52 0.67 0.85
0.53 0.67 0.85
0.55 0.64 0.92
0.54 0.63 0.9
0.54 0.67 0.91
0.56 0.66 0.91
0.57 0.63 0.91
0.56 0.61 0.87
0.56 0.63 0.89
0.55 0.61 0.9
0.55 0.61 0.88
0.56 0.61 0.9
0.55 0.59 0.91
0.54 0.62 0.91
0.54 0.62 0.95
0.55 0.61 0.9
0.57 0.61 0.95
0.57 0.62 0.91
0.57 0.61 0.94
0.56 0.6 0.96
0.57 0.59 0.92
0.55 0.62 0.93
0.54 0.58 0.91
0.54 0.58 0.87
0.54 0.6 0.9
0.52 0.59 0.88
0.52 0.6 0.87
0.54 0.59 0.86
0.54 0.58 0.87
0.53 0.58 0.95
0.54 0.6 0.91
0.54 0.59 0.9
0.54 0.58 0.91
0.54 0.58 0.88
0.52 0.59 0.87
0.52 0.6 0.86
0.53 0.61 0.84
0.55 0.59 0.81
0.55 0.58 0.81
0.55 0.58 0.82
0.55 0.59 0.82
0.55 0.58 0.84
0.55 0.59 0.83
0.54 0.62 0.85
0.53 0.61 0.85
0.54 0.61 0.85
0.55 0.61 0.86
0.57 0.61 0.91
0.56 0.6 0.9
0.55 0.63 0.89
0.56 0.62 0.9
0.58 0.6 0.93
0.57 0.6 0.91
0.56 0.6 0.9
0.55 0.6 0.89
0.56 0.61 0.89
0.56 0.6 0.89
0.56 0.61 0.87
0.54 0.63 0.88
0.53 0.66 0.91
0.54 0.64 0.9
0.55 0.62 0.9
0.55 0.65 0.93
0.54 0.68 0.95
0.53 0.69 0.94
0.55 0.67 0.94
0.56 0.63 0.93
0.57 0.63 0.94
0.56 0.61 0.9
0.54 0.63 0.88
0.54 0.63 0.89
0.55 0.62 0.89
0.57 0.6 0.92
0.57 0.6 0.93
0.56 0.6 0.96
0.57 0.58 0.97
0.59 0.58 0.93
0.56 0.62 0.93
0.55 0.64 0.92
0.52 0.64 0.89
0.53 0.64 0.91
0.54 0.62 0.89
0.54 0.6 0.9
0.53 0.61 0.94
0.54 0.62 0.91
0.56 0.61 0.98
0.56 0.6 0.96
0.57 0.6 0.94
0.55 0.6 0.91
0.54 0.62 0.91
0.54 0.62 0.93
0.55 0.6 0.9
0.55 0.61 0.89
0.54 0.6 0.88
0.55 0.61 0.88
0.56 0.62 0.86
0.57 0.6 0.86
0.57 0.6 0.86
0.56 0.6 0.85
0.55 0.6 0.91
0.57 0.57 0.94
0.58 0.57 0.89
0.59 0.59 0.92
0.56 0.57 0.91
0.54 0.62 0.92
0.54 0.61 0.89
0.56 0.61 0.87
0.57 0.61 0.89
0.56 0.61 0.92
0.54 0.6 0.89
0.54 0.61 0.89
0.49 0.67 0.87
0.53 0.65 0.91
0.52 0.64 0.92
0.52 0.63 0.9
0.54 0.62 0.94
0.55 0.61 0.91
0.54 0.61 0.89
0.53 0.6 0.88
0.54 0.61 0.94
0.54 0.63 0.95
0.54 0.61 0.91
0.57 0.6 0.91
0.55 0.57 0.88
0.55 0.56 0.85
0.54 0.57 0.83
0.56 0.57 0.87
0.56 0.56 0.86
0.54 0.56 0.84
0.54 0.58 0.85
0.55 0.59 0.88
0.56 0.61 0.89
0.56 0.59 0.87
0.54 0.58 0.85
0.54 0.61 0.85
0.55 0.61 0.86
0.55 0.64 0.86
0.55 0.61 0.85
0.54 0.63 0.85
0.53 0.63 0.84
0.52 0.63 0.84
0.52 0.63 0.84
0.52 0.61 0.82
0.52 0.63 0.85
0.52 0.62 0.87
0.51 0.63 0.86
0.54 0.62 0.9
0.55 0.62 0.89
0.53 0.63 0.87
0.52 0.62 0.87
0.53 0.66 0.89
0.53 0.63 0.85
0.53 0.63 0.85
0.53 0.64 0.92
0.52 0.62 0.91
0.54 0.63 0.9
0.56 0.61 0.88
0.56 0.58 0.89
0.55 0.6 0.86
0.55 0.59 0.85
0.56 0.6 0.83
0.55 0.61 0.83
0.56 0.61 0.84
0.54 0.64 0.83
0.54 0.64 0.83
0.53 0.63 0.84
0.55 0.63 0.85
0.56 0.63 0.86
0.55 0.61 0.86
0.54 0.61 0.84
0.54 0.61 0.84
0.55 0.59 0.84
0.54 0.61 0.84
0.53 0.62 0.83
0.52 0.63 0.85
0.52 0.62 0.83
0.53 0.59 0.86
0.54 0.6 0.89
0.55 0.6 0.91
0.54 0.57 0.88
0.55 0.57 0.87
0.55 0.57 0.87
0.54 0.57 0.84
0.54 0.57 0.83
0.53 0.58 0.83
0.55 0.6 0.84
0.51 0.66 0.85
0.53 0.64 0.86
0.53 0.63 0.92
0.53 0.62 0.89
0.55 0.61 0.93
0.55 0.62 0.9
0.55 0.61 0.9
0.54 0.61 0.87
0.53 0.61 0.9
0.53 0.58 0.88
0.55 0.6 0.89
0.53 0.58 0.89
0.51 0.6 0.9
0.55 0.57 0.92
0.56 0.6 0.91
0.57 0.6 0.96
0.57 0.6 0.96
0.55 0.62 0.95
0.54 0.62 0.91
0.53 0.65 0.91
0.53 0.62 0.94
0.54 0.62 0.91
0.55 0.62 0.89
0.55 0.6 0.86
0.55 0.59 0.85
0.58 0.58 0.87
0.57 0.59 0.88
0.56 0.58 0.9
0.56 0.61 0.89
0.55 0.61 0.88
0.57 0.6 0.91
0.59 0.57 0.94
0.57 0.58 0.9
0.55 0.6 0.9
0.56 0.61 0.89
0.57 0.62 0.89
0.58 0.6 0.93
0.56 0.61 0.94
0.55 0.62 0.98
0.56 0.62 0.96
0.56 0.6 0.93
0.56 0.58 0.96
0.58 0.57 0.99
0.57 0.57 0.99
0.58 0.57 0.99
0.58 0.59 0.95
0.59 0.59 0.95
0.58 0.6 0.96
0.58 0.61 0.93
0.57 0.61 0.91
0.58 0.6 0.91
0.57 0.59 0.93
0.55 0.58 0.91
0.54 0.62 0.88
0.57 0.59 0.93
0.56 0.59 0.93
0.56 0.57 0.9
0.53 0.56 0.88
0.53 0.57 0.85
0.53 0.58 0.83
0.54 0.58 0.86
0.55 0.57 0.88
0.54 0.62 0.89
0.55 0.61 0.93
0.54 0.59 0.9
0.54 0.59 0.86
0.55 0.58 0.9
0.54 0.6 0.88
0.53 0.61 0.85
0.54 0.6 0.87
0.53 0.6 0.86
0.54 0.6 0.86
0.53 0.63 0.88
0.54 0.65 0.93
0.56 0.64 0.95
0.59 0.73 0.91
0.58 0.7 0.94
0.56 0.66 0.9
0.57 0.64 0.87
0.56 0.62 0.86
0.59 0.62 0.89
0.57 0.61 0.88
0.55 0.63 0.9
0.55 0.62 0.95
0.57 0.61 0.96
0.57 0.61 0.93
0.57 0.61 0.91
0.55 0.64 0.92
0.54 0.64 0.96
0.57 0.6 0.96
0.57 0.6 0.94
0.59 0.59 0.93
0.57 0.58 0.92
0.56 0.58 0.93
0.56 0.59 0.96
0.56 0.61 0.94
0.57 0.6 0.93
0.55 0.6 0.89
0.55 0.6 0.97
0.54 0.59 0.93
0.55 0.61 0.9
0.56 0.6 0.94
0.55 0.61 0.98
0.54 0.62 0.99
0.56 0.6 0.97
0.56 0.59 0.92
0.57 0.59 0.98
0.55 0.58 0.97
0.56 0.59 0.94
0.56 0.58 0.9
0.56 0.58 0.89
0.57 0.58 0.89
0.55 0.61 0.86
0.54 0.6 0.84
0.55 0.61 0.85
0.55 0.6 0.85
0.55 0.6 0.83
0.54 0.59 0.83
0.53 0.59 0.82
0.55 0.6 0.82
0.56 0.6 0.87
0.53 0.59 0.94
0.53 0.61 0.93
0.52 0.65 0.92
0.55 0.64 0.96
0.56 0.63 0.92
0.56 0.61 0.92
0.57 0.61 0.91
0.56 0.63 0.94
0.56 0.62 0.92
0.59 0.61 0.92
0.57 0.59 0.92
0.57 0.6 0.97
0.57 0.59 0.96
0.56 0.6 0.92
0.56 0.61 0.9
0.58 0.59 0.93
0.58 0.6 0.88
0.55 0.6 0.87
0.55 0.6 0.9
0.55 0.61 0.92
0.58 0.61 0.97
0.57 0.62 0.92
0.55 0.62 0.96
0.56 0.61 0.97
0.57 0.61 0.97
0.56 0.62 0.93
0.57 0.6 0.89
0.55 0.58 0.89
0.56 0.57 0.89
0.56 0.58 0.87
0.56 0.59 0.86
0.55 0.61 0.88
0.56 0.6 0.87
0.55 0.59 0.87
0.54 0.62 0.87
0.55 0.63 0.85
0.55 0.65 0.88
0.54 0.65 0.87
0.55 0.63 0.84
0.55 0.62 0.83
0.54 0.59 0.84
0.54 0.59 0.87
0.54 0.6 0.91
0.54 0.6 0.92
0.55 0.61 0.92
0.55 0.61 0.93
0.54 0.62 0.89
0.54 0.6 0.93
0.55 0.6 0.9
0.55 0.6 0.88
0.58 0.59 0.89
0.58 0.59 0.94
0.57 0.59 0.92
0.57 0.6 0.89
0.58 0.59 0.91
0.57 0.61 0.88
0.54 0.62 0.88
0.55 0.61 0.89
0.54 0.6 0.88
0.55 0.6 0.88
0.56 0.6 0.88
0.55 0.58 0.86
0.55 0.57 0.84
0.57 0.57 0.91
0.56 0.57 0.9
0.56 0.57 0.89
0.55 0.58 0.87
0.54 0.59 0.86
0.54 0.6 0.84
0.57 0.6 0.86
0.56 0.61 0.84
0.57 0.6 0.94
0.55 0.62 0.91
0.56 0.61 0.93
0.57 0.6 0.88
0.59 0.61 0.89
0.57 0.61 0.94
0.55 0.63 0.93
0.57 0.63 0.92
0.57 0.6 0.93
0.56 0.6 0.92
0.55 0.61 0.89
0.54 0.59 0.88
0.56 0.59 0.89
0.56 0.58 0.91
0.57 0.57 0.99
0.56 0.57 0.93
0.55 0.57 0.88
0.54 0.57 0.88
0.53 0.6 0.89
0.54 0.64 0.9
0.54 0.62 0.93
0.53 0.66 0.94
0.53 0.64 1
0.54 0.64 0.95
0.55 0.63 0.94
0.55 0.62 0.94
0.53 0.61 0.91
0.56 0.59 0.94
0.58 0.58 0.92
0.56 0.59 0.9
0.54 0.57 0.87
0.55 0.57 0.92
0.55 0.55 0.91
0.54 0.56 0.88
0.54 0.57 0.85
0.54 0.58 0.9
0.53 0.61 0.89
0.52 0.6 0.88
0.54 0.59 0.88
0.54 0.6 0.89
0.53 0.59 0.88
0.53 0.62 0.87
0.54 0.6 0.86
0.54 0.61 0.86
0.54 0.61 0.84
0.54 0.6 0.85
0.55 0.61 0.85
0.57 0.6 0.92
0.56 0.61 0.9
0.56 0.62 0.9
0.56 0.61 0.89
0.57 0.6 0.86
0.56 0.59 0.84
0.58 0.58 0.86
0.58 0.59 0.88
0.56 0.58 0.86
0.55 0.61 0.88
0.55 0.61 0.86
0.54 0.61 0.84
0.55 0.61 0.85
0.55 0.61 0.85
0.55 0.6 0.86
0.57 0.61 0.87
0.57 0.6 0.88
0.56 0.61 0.9
0.56 0.59 0.89
0.57 0.59 0.94
0.58 0.6 0.92
0.6 0.6 0.93
0.59 0.62 0.94
0.57 0.6 0.91
0.56 0.63 0.9
0.56 0.64 0.9
0.57 0.62 0.91
0.57 0.61 0.89
0.57 0.59 0.89
0.55 0.57 0.87
0.57 0.58 0.88
0.57 0.58 0.87
0.57 0.59 0.87
0.55 0.61 0.89
0.54 0.59 0.89
0.54 0.62 0.89
0.55 0.6 0.87
0.55 0.61 0.87
0.55 0.6 0.96
0.55 0.62 0.92
0.57 0.62 0.92
0.58 0.61 0.91
0.58 0.59 0.91
0.56 0.62 0.91
0.55 0.66 0.93
0.55 0.66 0.9
0.55 0.65 0.89
0.57 0.65 0.9
0.55 0.64 0.86
0.56 0.63 0.91
0.55 0.6 0.88
0.56 0.58 0.9
0.56 0.59 0.87
0.55 0.62 0.89
0.54 0.61 0.91
0.52 0.65 0.92
0.54 0.63 0.92
0.55 0.64 0.9
0.52 0.65 0.91
0.53 0.68 0.92
0.54 0.67 0.9
0.54 0.65 0.87
0.54 0.66 0.88
0.52 0.66 0.88
0.54 0.65 0.86
0.56 0.64 0.88
0.55 0.62 0.88
0.57 0.61 0.91
0.56 0.6 0.87
0.55 0.59 0.86
0.56 0.59 0.89
0.57 0.6 0.88
0.56 0.66 0.9
0.54 0.67 0.94
0.54 0.68 0.93
0.54 0.64 0.92
0.54 0.64 0.9
0.54 0.6 0.87
0.55 0.6 0.92
0.54 0.61 0.89
0.55 0.61 0.91
0.55 0.61 0.91
0.57 0.59 0.95
0.56 0.6 0.92
0.55 0.59 0.9
0.54 0.61 0.89
0.55 0.6 0.88
0.56 0.61 0.87
0.54 0.58 0.86
0.54 0.57 0.88
0.54 0.62 0.88
0.54 0.59 0.9
0.54 0.59 0.88
0.53 0.6 0.88
0.52 0.62 0.85
0.54 0.6 0.87
0.54 0.6 0.86
0.54 0.61 0.86
0.55 0.61 0.87
0.54 0.64 0.88
0.52 0.64 0.86
0.53 0.61 0.87
0.54 0.62 0.93
0.54 0.62 0.91
0.53 0.61 0.87
0.53 0.59 0.87
0.54 0.61 0.86
0.55 0.6 0.89
0.55 0.59 0.9
0.54 0.6 0.86
0.56 0.59 0.91
0.56 0.59 0.87
0.57 0.59 0.84
0.56 0.59 0.85
0.54 0.61 0.84
0.53 0.61 0.85
0.53 0.62 0.84
0.53 0.6 0.88
0.54 0.59 0.94
0.53 0.57 0.89
0.56 0.57 0.88
0.57 0.56 0.89
0.57 0.55 0.88
0.55 0.6 0.89
0.56 0.6 0.9
0.57 0.61 0.9
0.57 0.59 0.9
0.57 0.6 0.9
0.58 0.59 0.96
0.56 0.58 0.94
0.57 0.57 0.93
0.58 0.59 0.92
0.58 0.6 0.9
0.55 0.62 0.91
0.53 0.63 0.9
0.54 0.61 0.95
0.56 0.61 0.93
0.56 0.59 0.93
0.56 0.58 0.95
0.56 0.58 0.98
0.57 0.6 0.95
0.56 0.64 0.96
0.55 0.64 0.93
0.54 0.67 0.94
0.53 0.65 0.98
0.54 0.62 0.95
0.54 0.61 0.96
0.55 0.59 0.93
0.54 0.62 0.92
0.54 0.61 0.9
0.54 0.64 0.93
0.56 0.64 0.91
0.56 0.62 0.93
0.56 0.62 0.91
0.55 0.64 0.89
0.55 0.61 0.87
0.56 0.59 0.85
0.57 0.58 0.9
0.56 0.57 0.87
0.56 0.56 0.87
0.54 0.57 0.85
0.56 0.58 0.88
0.57 0.59 0.88
0.55 0.57 0.88
0.55 0.58 0.94
0.55 0.63 0.95
0.56 0.61 0.94
0.56 0.6 0.95
0.55 0.61 0.92
0.55 0.6 0.93
0.54 0.6 0.9
0.56 0.6 0.93
0.57 0.6 0.94
0.57 0.6 0.91
0.55 0.61 0.88
0.57 0.6 0.87
0.57 0.6 0.85
0.55 0.61 0.86
0.56 0.59 0.9
0.54 0.61 0.9
0.54 0.63 0.97
0.55 0.63 0.98
0.55 0.66 0.94
0.56 0.65 0.91
0.54 0.66 0.89
0.56 0.64 0.92
0.57 0.63 0.91
0.57 0.62 0.91
0.57 0.6 0.87
0.56 0.58 0.86
0.56 0.58 0.86
0.56 0.6 0.87
0.55 0.58 0.87
0.55 0.59 0.92
0.53 0.58 0.9
0.54 0.6 0.87
0.55 0.61 0.87
0.55 0.6 0.85
0.55 0.59 0.86
0.55 0.62 0.87
0.55 0.6 0.89
0.57 0.62 0.9
0.56 0.62 0.87
0.55 0.65 0.86
0.54 0.62 0.87
0.55 0.65 0.86
0.55 0.62 0.87
0.55 0.61 0.86
0.54 0.6 0.87
0.53 0.64 0.88
0.54 0.62 0.91
0.54 0.62 0.89
0.55 0.63 0.88
0.54 0.63 0.92
0.54 0.66 0.94
0.55 0.64 0.94
0.56 0.61 0.94
0.55 0.6 0.92
0.53 0.63 0.89
0.54 0.63 0.88
0.55 0.61 0.89
0.57 0.6 0.94
0.58 0.6 0.95
0.56 0.58 0.91
0.56 0.59 0.88
0.56 0.57 0.9
0.56 0.59 0.87
0.55 0.58 0.9
0.53 0.59 0.89
0.54 0.59 0.94
0.55 0.59 0.9
0.54 0.57 0.88
0.55 0.58 0.87
0.53 0.59 0.87
0.55 0.59 0.93
0.57 0.58 0.92
0.59 0.6 0.91
0.6 0.57 0.93
0.59 0.58 0.92
0.58 0.57 0.92
0.59 0.58 0.93
0.6 0.59 0.94
0.59 0.6 0.96
0.57 0.59 0.94
0.57 0.6 0.91
0.56 0.6 0.97
0.59 0.59 0.99
0.6 0.59 1.02
0.58 0.59 0.96
0.58 0.59 0.95
0.57 0.58 0.92
0.57 0.59 0.95
0.55 0.61 0.92
0.55 0.6 0.88
0.55 0.61 0.91
0.58 0.6 0.95
0.57 0.6 0.95
0.56 0.61 0.92
0.56 0.62 0.9
0.56 0.61 0.88
0.56 0.6 0.85
0.56 0.6 0.83
0.57 0.6 0.85
0.57 0.6 0.84
0.57 0.58 0.83
0.56 0.58 0.85
0.58 0.59 0.86
0.6 0.57 0.89
0.58 0.58 0.89
0.57 0.57 0.89
0.57 0.59 0.87
0.55 0.65 0.85
0.55 0.64 0.87
0.56 0.64 0.87
0.55 0.66 0.86
0.55 0.64 0.86
0.55 0.63 0.83
0.55 0.63 0.86
0.54 0.64 0.86
0.55 0.62 0.91
0.55 0.65 0.91
0.55 0.62 0.92
0.57 0.61 0.93
0.57 0.6 0.99
0.57 0.58 0.96
0.6 0.56 0.95
0.59 0.56 0.98
0.58 0.56 0.93
0.57 0.56 0.88
0.56 0.59 0.87
0.56 0.58 0.91
0.57 0.6 0.92
0.59 0.58 0.93
0.58 0.57 0.91
0.58 0.57 0.88
0.55 0.58 0.87
0.56 0.59 0.85
0.57 0.59 0.88
0.56 0.63 0.87
0.56 0.6 0.84
0.57 0.61 0.85
0.59 0.58 0.82
0.57 0.59 0.81
0.57 0.57 0.8
0.56 0.57 0.8
0.57 0.56 0.81
0.59 0.57 0.83
0.59 0.59 0.86
0.61 0.57 0.82
0.6 0.57 0.81
0.59 0.56 0.82
0.58 0.55 0.87
0.6 0.56 0.84
0.58 0.57 0.82
0.57 0.57 0.83
0.59 0.56 0.87
0.59 0.56 0.87
0.58 0.58 0.86
0.57 0.57 0.85
0.58 0.57 0.92
0.58 0.56 0.9
0.59 0.57 0.93
0.58 0.56 0.91
0.56 0.6 0.9
0.56 0.58 0.87
0.55 0.62 0.89
0.56 0.62 0.89
0.56 0.64 0.89
0.56 0.6 0.87
0.56 0.6 0.91
0.57 0.59 0.91
0.55 0.63 0.92
0.55 0.62 0.92
0.56 0.61 0.89
0.55 0.59 0.91
0.55 0.63 0.91
0.56 0.61 0.91
0.57 0.61 0.9
0.56 0.6 0.92
0.55 0.59 0.91
0.55 0.56 0.91
0.57 0.57 0.89
0.59 0.58 0.9
0.59 0.57 0.95
0.57 0.55 0.92
0.57 0.57 0.87
0.58 0.57 0.85
0.57 0.59 0.85
0.55 0.6 0.84
0.55 0.6 0.82
0.55 0.61 0.84
0.57 0.6 0.84
0.57 0.6 0.87
0.56 0.61 0.93
0.55 0.64 0.95
0.57 0.63 0.94
0.58 0.62 0.96
0.59 0.63 0.95
0.59 0.62 0.95
0.58 0.61 0.92
0.57 0.62 0.96
0.57 0.62 0.95
0.58 0.63 0.95
0.56 0.65 0.95
0.55 0.64 0.92
0.56 0.63 0.9
0.55 0.65 0.88
0.55 0.64 0.87
0.54 0.66 0.89
0.54 0.64 0.88
0.56 0.64 0.89
0.55 0.63 0.9
0.57 0.63 0.9
0.56 0.63 0.96
0.55 0.65 0.95
0.57 0.64 0.95
0.6 0.71 0.98
0.6 0.69 0.97
0.6 0.66 0.94
0.57 0.65 1
0.58 0.63 0.99
0.57 0.63 0.96
0.56 0.62 0.96
0.56 0.61 0.93
0.56 0.62 0.95
0.57 0.62 0.95
0.57 0.65 0.92
0.58 0.63 0.93
0.57 0.66 0.93
0.57 0.63 0.91
0.57 0.6 0.92
0.58 0.61 0.92
0.56 0.59 0.89
0.55 0.6 0.89
0.55 0.59 0.91
0.56 0.59 0.89
0.56 0.6 0.93
0.56 0.59 0.9
0.56 0.57 0.88
0.55 0.6 0.88
0.56 0.58 0.91
0.56 0.58 0.89
0.55 0.59 0.87
0.54 0.61 0.86
0.53 0.64 0.87
0.55 0.63 0.88
0.57 0.61 0.9
0.56 0.63 0.87
0.56 0.61 0.88
0.56 0.62 0.95
0.55 0.65 0.96
0.54 0.64 0.94
0.54 0.62 0.93
0.54 0.6 0.89
0.54 0.58 0.86
0.56 0.57 0.86
0.56 0.58 0.86
0.56 0.59 0.86
0.56 0.58 0.87
0.56 0.59 0.93
0.55 0.59 0.88
0.55 0.59 0.89
0.56 0.57 0.91
0.56 0.61 0.9
0.54 0.61 0.89
0.56 0.61 0.88
0.56 0.65 0.89
0.56 0.63 0.87
0.56 0.65 0.88
0.56 0.64 0.85
0.56 0.66 0.89
0.56 0.63 0.86
0.57 0.62 0.88
0.54 0.62 0.86
0.53 0.61 0.85
0.56 0.6 0.88
0.56 0.58 0.89
0.56 0.59 0.89
0.54 0.6 0.89
0.55 0.61 0.88
0.58 0.6 0.94
0.58 0.61 0.92
0.57 0.59 0.89
0.57 0.58 0.86
0.56 0.6 0.84
0.56 0.59 0.85
0.57 0.57 0.85
0.58 0.57 0.92
0.57 0.63 0.93
0.56 0.63 0.91
0.57 0.62 0.93
0.55 0.62 0.9
0.56 0.62 0.9
0.57 0.6 0.94
0.56 0.65 0.97
0.57 0.64 0.98
0.57 0.63 0.97
0.59 0.62 0.97
0.58 0.62 0.93
0.57 0.61 0.91
0.59 0.59 0.94
0.59 0.59 0.93
0.59 0.59 0.92
0.59 0.57 0.88
0.57 0.55 0.87
0.58 0.59 0.89
0.59 0.59 0.89
0.59 0.59 0.9
0.57 0.62 0.91
0.55 0.62 0.9
0.55 0.6 0.87
0.55 0.61 0.87
0.58 0.59 0.91
0.57 0.59 0.88
0.56 0.59 0.87
0.56 0.62 0.89
0.56 0.62 0.89
0.55 0.62 0.88
0.55 0.63 0.87
0.55 0.61 0.85
0.56 0.6 0.88
0.56 0.59 0.87
0.58 0.6 0.84
0.56 0.64 0.85
0.55 0.63 0.88
0.55 0.63 0.87
0.55 0.62 0.87
0.57 0.61 0.87
0.57 0.6 0.84
0.56 0.59 0.82
0.56 0.58 0.84
0.57 0.57 0.84
0.58 0.59 0.86
0.58 0.59 0.86
0.59 0.6 0.87
0.6 0.6 0.89
0.61 0.62 0.92
0.6 0.61 0.94
0.59 0.61 0.93
0.58 0.6 0.92
0.58 0.59 0.92
0.58 0.6 0.91
0.58 0.6 0.9
0.57 0.64 0.9
0.57 0.64 0.9
0.58 0.64 0.9
0.6 0.62 0.93
0.59 0.62 0.9
0.57 0.6 0.89
0.57 0.59 0.89
0.57 0.59 0.88
0.56 0.62 0.88
0.54 0.62 0.87
0.53 0.63 0.92
0.54 0.62 0.94
0.55 0.61 0.9
0.54 0.62 0.9
0.55 0.61 0.87
0.54 0.63 0.87
0.53 0.61 0.84
0.55 0.6 0.92
0.57 0.58 0.92
0.56 0.6 0.89
0.56 0.6 0.87
0.54 0.62 0.87
0.53 0.63 0.88
0.56 0.61 0.89
0.55 0.6 0.93
0.55 0.61 0.91
0.54 0.65 0.92
0.55 0.65 0.9
0.55 0.63 0.92
0.58 0.62 0.91
0.56 0.63 0.89
0.57 0.61 0.95
0.58 0.61 0.97
0.59 0.62 0.94
0.57 0.64 0.96
0.57 0.63 0.92
0.56 0.6 0.89
0.57 0.6 0.9
0.56 0.6 0.87
0.56 0.61 0.86
0.56 0.6 0.87
0.55 0.6 0.86
0.56 0.6 0.86
0.56 0.59 0.89
0.55 0.57 0.87
0.55 0.57 0.86
0.55 0.57 0.86
0.56 0.58 0.86
0.56 0.58 0.85
0.56 0.59 0.88
0.55 0.58 0.85
0.55 0.57 0.83
0.56 0.58 0.91
0.55 0.57 0.9
0.55 0.58 0.9
0.54 0.59 0.94
0.52 0.61 0.93
0.55 0.61 0.91
0.55 0.6 0.89
0.56 0.6 0.91
0.57 0.61 0.91
0.55 0.63 0.93
0.55 0.63 0.97
0.55 0.6 1
0.55 0.62 1
0.54 0.61 0.94
0.53 0.65 0.95
0.54 0.64 0.92
0.55 0.64 0.92
0.57 0.6 0.92
0.57 0.61 0.88
0.55 0.64 0.89
0.58 0.63 0.93
0.58 0.62 0.96
0.56 0.65 0.96
0.55 0.63 0.93
0.55 0.63 0.9
0.56 0.62 0.92
0.55 0.6 0.88
0.55 0.6 0.87
0.55 0.62 0.87
0.55 0.61 0.86
0.55 0.6 0.84
0.56 0.6 0.85
0.56 0.59 0.9
0.55 0.6 0.96
0.55 0.59 0.96
0.56 0.6 0.94
0.56 0.6 0.92
0.56 0.6 0.92
0.55 0.6 0.99
0.54 0.63 0.97
0.54 0.63 0.94
0.55 0.62 0.93
0.57 0.61 0.95
0.58 0.59 0.95
0.57 0.59 1
0.57 0.65 0.95
0.57 0.64 0.95
0.56 0.64 0.91
0.56 0.63 0.95
0.55 0.61 0.94
0.56 0.62 0.92
0.55 0.61 0.9
0.55 0.62 0.94
0.54 0.64 0.94
0.55 0.61 0.9
0.56 0.6 0.92
0.57 0.6 0.91
0.57 0.59 0.97
0.56 0.59 0.99
0.56 0.58 0.98
0.57 0.58 0.95
0.58 0.59 0.93
0.57 0.61 0.9
0.56 0.6 0.93
0.55 0.58 0.89
0.54 0.57 0.87
0.54 0.6 0.85
0.54 0.6 0.86
0.53 0.58 0.87
0.52 0.57 0.86
0.53 0.56 0.89
0.55 0.57 0.87
0.55 0.59 0.86
0.55 0.59 0.9
0.54 0.58 0.86
0.55 0.58 0.91
0.56 0.6 0.93
0.55 0.59 0.9
0.55 0.57 0.87
0.53 0.6 0.86
0.53 0.61 0.86
0.54 0.6 0.9
0.54 0.59 0.89
0.54 0.6 0.92
0.53 0.59 0.89
0.54 0.6 0.93
0.54 0.59 0.92
0.53 0.59 0.91
0.52 0.62 0.9
0.51 0.63 0.87
0.52 0.62 0.85
0.53 0.61 0.88
0.55 0.61 0.95
0.55 0.61 0.93
0.54 0.64 0.96
0.55 0.62 0.94
0.55 0.62 0.91
0.55 0.61 0.89
0.55 0.62 0.87
0.53 0.63 0.87
0.54 0.64 0.87
0.55 0.62 0.89
0.55 0.65 0.9
0.53 0.63 0.88
0.53 0.63 0.91
0.54 0.62 0.89
0.53 0.64 0.91
0.54 0.63 0.89
0.53 0.63 0.94
0.54 0.6 0.93
0.56 0.6 0.88
0.55 0.6 0.88
0.57 0.61 0.87
0.57 0.6 0.93
0.57 0.59 0.97
0.59 0.6 0.95
0.59 0.62 0.93
0.59 0.61 0.89
0.55 0.59 0.9
0.54 0.62 0.88
0.55 0.62 0.88
0.54 0.59 0.88
0.56 0.59 0.9
0.55 0.59 0.88
0.53 0.61 0.88
0.56 0.6 0.89
0.56 0.6 0.89
0.57 0.59 0.91
0.55 0.62 0.9
0.54 0.6 0.87
0.55 0.61 0.92
0.56 0.6 0.92
0.56 0.61 0.89
0.54 0.64 0.87
0.54 0.62 0.86
0.55 0.63 0.84
0.55 0.62 0.87
0.54 0.63 0.85
0.54 0.64 0.84
0.55 0.64 0.87
0.56 0.63 0.86
0.55 0.61 0.85
0.55 0.6 0.87
0.54 0.61 0.86
0.54 0.6 0.84
0.56 0.59 0.84
0.57 0.58 0.88
0.56 0.58 0.85
0.55 0.58 0.84
0.54 0.61 0.84
0.55 0.6 0.83
0.53 0.65 0.9
0.55 0.62 0.9
0.53 0.62 0.88
0.53 0.63 0.89
0.53 0.61 0.92
0.53 0.61 0.91
0.54 0.6 0.89
0.55 0.6 0.94
0.55 0.59 0.92
0.57 0.6 0.93
0.58 0.6 0.97
0.59 0.6 1.01
0.57 0.58 0.96
0.55 0.61 0.93
0.56 0.6 0.93
0.57 0.62 0.91
0.56 0.62 0.91
0.56 0.61 0.92
0.55 0.61 0.92
0.56 0.62 0.9
0.56 0.62 0.92
0.56 0.61 0.92
0.56 0.61 0.89
0.56 0.62 0.87
0.57 0.61 0.9
0.55 0.6 0.87
0.53 0.62 0.88
0.54 0.63 0.85
0.52 0.61 0.84
0.55 0.6 0.88
0.56 0.6 0.88
0.55 0.59 0.88
0.54 0.59 0.86
0.53 0.61 0.84
0.51 0.63 0.84
0.51 0.63 0.86
0.52 0.62 0.85
0.53 0.63 0.84
0.54 0.61 0.85
0.56 0.59 0.87
0.55 0.64 0.9
0.56 0.62 0.92
0.54 0.64 0.91
0.53 0.62 0.93
0.53 0.61 0.91
0.54 0.6 0.92
0.56 0.61 0.89
0.56 0.6 0.87
0.54 0.61 0.85
0.55 0.64 0.88
0.56 0.61 0.88
0.55 0.61 0.88
0.53 0.63 0.89
0.52 0.63 0.92
0.49 0.71 0.94
0.51 0.67 0.91
0.53 0.65 0.9
0.52 0.63 0.86
0.52 0.63 0.92
0.54 0.62 0.91
0.54 0.65 0.92
0.53 0.65 0.96
0.53 0.64 1
0.53 0.67 1.02
0.52 0.65 0.97
0.51 0.63 0.92
0.52 0.63 0.89
0.52 0.62 0.87

