0.8 0.61 0.85
0.8 0.64 0.83
0.8 0.6 0.87
0.79 0.61 0.86
0.79 0.59 0.87
0.81 0.58 0.89
0.83 0.57 0.94
0.82 0.6 0.95
0.82 0.57 0.94
0.81 0.61 0.97
0.81 0.58 0.93
0.82 0.57 0.93
0.82 0.62 0.93
0.8 0.6 0.9
0.79 0.6 0.87
0.78 0.63 0.83
0.78 0.67 0.81
0.78 0.67 0.83
0.78 0.63 0.86
0.77 0.63 0.84
0.78 0.61 0.84
0.78 0.6 0.82
0.78 0.64 0.82
0.77 0.62 0.82
0.78 0.6 0.82
0.8 0.64 0.88
0.8 0.63 0.84
0.82 0.6 0.91
0.82 0.62 0.89
0.82 0.59 0.89
0.81 0.61 0.91
0.79 0.64 0.88
0.79 0.64 0.88
0.79 0.64 0.85
0.78 0.63 0.85
0.79 0.63 0.83
0.8 0.63 0.85
0.79 0.65 0.85
0.78 0.66 0.81
0.78 0.61 0.84
0.78 0.59 0.84
0.76 0.63 0.82
0.77 0.65 0.87
0.77 0.64 0.87
0.77 0.65 0.85
0.79 0.61 0.85
0.8 0.63 0.82
0.78 0.66 0.79
0.78 0.62 0.84
0.79 0.64 0.86
0.79 0.62 0.85
0.8 0.64 0.89
0.8 0.61 0.91
0.79 0.64 0.92
0.78 0.65 0.92
0.81 0.61 0.92
0.82 0.6 0.95
0.82 0.65 0.9
0.82 0.67 0.96
0.8 0.63 0.92
0.82 0.6 0.93
0.82 0.57 0.92
0.83 0.61 0.92
0.84 0.57 0.87
0.83 0.61 0.95
0.83 0.62 0.93
0.83 0.6 0.92
0.82 0.59 0.88
0.81 0.59 0.87
0.8 0.58 0.91
0.81 0.58 0.9
0.82 0.57 0.9
0.83 0.55 0.86
0.82 0.54 0.87
0.81 0.56 0.83
0.81 0.57 0.81
0.81 0.61 0.8
0.81 0.59 0.84
0.8 0.57 0.85
0.79 0.57 0.84
0.8 0.56 0.86
0.81 0.59 0.91
0.8 0.63 0.86
0.8 0.63 0.86
0.79 0.63 0.85
0.81 0.61 0.89
0.82 0.61 0.9
0.81 0.62 0.9
0.8 0.64 0.95
0.8 0.62 0.93
0.8 0.59 0.95
0.82 0.57 0.94
0.82 0.56 0.95
0.8 0.56 0.92
0.8 0.55 0.97
0.8 0.54 0.91
0.81 0.58 0.87
0.81 0.62 0.91
0.83 0.59 0.87
0.82 0.58 0.86
0.83 0.58 0.87
0.82 0.62 0.85
0.83 0.59 0.87
0.81 0.58 0.87
0.8 0.57 0.86
0.8 0.55 0.88
0.83 0.53 0.85
0.82 0.55 0.89
0.84 0.54 0.85
0.84 0.53 0.85
0.83 0.52 0.83
0.81 0.58 0.81
0.83 0.58 0.88
0.82 0.56 0.93
0.81 0.58 0.91
0.82 0.61 0.93
0.82 0.64 0.96
0.83 0.62 0.95
0.81 0.59 0.91
0.8 0.58 0.95
0.8 0.58 0.93
0.81 0.55 0.92
0.81 0.56 0.93
0.79 0.57 0.89
0.8 0.58 0.94
0.8 0.58 0.93
0.81 0.58 0.91
0.8 0.61 0.95
0.8 0.61 0.92
0.78 0.6 0.88
0.79 0.6 0.89
0.8 0.59 0.9
0.8 0.62 0.92
0.82 0.59 0.94
0.79 0.62 0.89
0.81 0.61 0.92
0.81 0.6 0.9
0.82 0.57 0.92
0.8 0.58 0.89
0.8 0.6 0.89
0.79 0.64 0.86
0.8 0.64 0.88
0.81 0.6 0.84
0.8 0.6 0.83
0.79 0.58 0.82
0.79 0.57 0.88
0.81 0.55 0.89
0.84 0.53 0.86
0.83 0.57 0.86
0.81 0.56 0.85
0.81 0.53 0.91
0.83 0.53 0.94
0.85 0.52 0.89
0.83 0.53 0.87
0.82 0.54 0.86
0.82 0.56 0.85
0.83 0.55 0.88
0.8 0.6 0.84
0.79 0.61 0.82
0.8 0.59 0.84
0.81 0.56 0.87
0.83 0.55 0.91
0.85 0.53 0.97
0.84 0.53 0.96
0.81 0.51 0.92
0.83 0.53 0.91
0.82 0.6 0.87
0.83 0.57 0.83
0.83 0.56 0.85
0.81 0.57 0.84
0.81 0.59 0.82
0.81 0.62 0.8
0.81 0.6 0.83
0.81 0.62 0.86
0.8 0.59 0.85
0.82 0.56 0.9
0.82 0.55 0.9
0.86 0.54 0.89
0.84 0.53 0.89
0.83 0.56 0.93
0.84 0.57 0.93
0.84 0.57 0.93
0.85 0.55 0.98
0.83 0.53 0.93
0.81 0.55 0.89
0.8 0.6 0.85
0.81 0.6 0.85
0.83 0.58 0.88
0.82 0.56 0.93
0.81 0.59 0.95
0.81 0.63 0.91
0.81 0.6 0.91
0.82 0.58 0.96
0.8 0.59 0.93
0.79 0.6 0.89
0.8 0.63 0.91
0.81 0.65 0.93
0.8 0.62 0.91
0.79 0.59 0.87
0.78 0.58 0.86
0.79 0.61 0.84
0.79 0.65 0.82
0.79 0.67 0.81
0.78 0.66 0.81
0.79 0.67 0.88
0.77 0.68 0.85
0.78 0.69 0.89
0.79 0.65 0.91
0.79 0.64 0.9
0.8 0.64 0.89
0.8 0.62 0.89
0.82 0.62 0.89
0.82 0.59 0.9
0.81 0.61 0.92
0.82 0.59 0.92
0.82 0.56 0.88
0.82 0.59 0.89
0.82 0.57 0.89
0.82 0.55 0.92
0.82 0.55 0.94
0.83 0.54 0.96
0.82 0.55 0.91
0.83 0.54 0.92
0.82 0.54 0.88
0.83 0.53 0.87
0.83 0.55 0.88
0.85 0.55 0.93
0.86 0.53 0.93
0.86 0.53 0.92
0.86 0.54 0.9
0.85 0.55 0.86
0.87 0.55 0.83
0.85 0.55 0.81
0.83 0.54 0.81
0.83 0.58 0.83
0.84 0.56 0.86
0.82 0.58 0.82
0.81 0.56 0.8
0.8 0.57 0.79
0.79 0.57 0.8
0.8 0.61 0.79
0.79 0.63 0.78
0.79 0.6 0.82
0.79 0.58 0.86
0.79 0.57 0.87
0.81 0.57 0.85
0.81 0.56 0.83
0.81 0.55 0.84
0.81 0.54 0.85
0.81 0.55 0.86
0.82 0.55 0.89
0.81 0.64 0.91
0.81 0.6 0.86
0.81 0.56 0.92
0.81 0.58 0.89
0.81 0.6 0.89
0.81 0.61 0.9
0.83 0.58 0.95
0.81 0.59 0.92
0.8 0.59 0.88
0.78 0.62 0.84
0.77 0.64 0.82
0.77 0.66 0.87
0.79 0.64 0.88
0.78 0.61 0.86
0.8 0.59 0.86
0.81 0.57 0.82
0.82 0.57 0.86
0.82 0.56 0.86
0.8 0.56 0.85
0.8 0.58 0.86
0.81 0.59 0.88
0.81 0.58 0.9
0.8 0.58 0.87
0.79 0.59 0.83
0.79 0.56 0.85
0.79 0.62 0.94
0.8 0.59 0.93
0.79 0.6 0.88
0.8 0.57 0.87
0.83 0.57 0.93
0.82 0.55 0.95
0.83 0.55 1
0.82 0.55 1.03
0.81 0.59 0.96
0.82 0.57 0.95
0.82 0.54 0.9
0.82 0.58 0.86
0.81 0.58 0.84
0.79 0.6 0.84
0.81 0.58 0.91
0.81 0.61 0.94
0.81 0.63 0.96
0.81 0.6 0.95
0.81 0.56 0.94
0.82 0.54 0.92
0.85 0.52 0.89
0.86 0.5 0.85
0.85 0.52 0.84
0.86 0.51 0.84
0.86 0.5 0.87
0.86 0.51 0.89
0.83 0.58 0.84
0.84 0.56 0.89
0.84 0.57 0.88
0.84 0.57 0.9
0.85 0.56 0.93
0.83 0.6 0.98
0.82 0.61 0.96
0.81 0.6 0.92
0.82 0.57 0.92
0.82 0.57 0.92
0.84 0.55 0.88
0.84 0.58 0.91
0.82 0.59 0.89
0.83 0.61 0.92
0.83 0.59 0.92
0.85 0.58 0.93
0.85 0.56 0.91
0.83 0.58 0.91
0.86 0.55 0.88
0.86 0.53 0.84
0.85 0.52 0.81
0.83 0.52 0.79
0.82 0.52 0.82
0.8 0.57 0.8
0.79 0.61 0.79
0.8 0.64 0.84
0.81 0.61 0.87
0.81 0.59 0.9
0.82 0.6 0.96
0.82 0.61 0.95
0.82 0.58 0.98
0.82 0.56 1.02
0.81 0.59 1
0.81 0.6 0.99
0.81 0.57 0.98
0.82 0.58 0.97
0.79 0.62 0.92
0.79 0.58 0.89
0.81 0.55 0.9
0.81 0.57 0.89
0.81 0.55 0.92
0.82 0.55 0.92
0.81 0.57 0.9
0.81 0.57 0.92
0.82 0.59 0.95
0.83 0.57 0.96
0.81 0.59 0.93
0.8 0.59 0.89
0.81 0.61 0.92
0.83 0.58 0.96
0.83 0.55 0.94
0.83 0.58 0.95
0.82 0.57 0.93
0.82 0.58 0.94
0.83 0.55 0.94
0.83 0.55 0.9
0.83 0.54 0.93
0.82 0.54 0.88
0.83 0.58 0.85
0.83 0.57 0.84
0.82 0.62 0.88
0.81 0.59 0.87
0.8 0.6 0.84
0.8 0.63 0.85
0.83 0.61 0.94
0.82 0.62 0.94
0.8 0.6 0.92
0.79 0.6 0.88
0.79 0.6 0.86
0.8 0.62 0.88
0.8 0.59 0.9
0.8 0.56 0.92
0.8 0.55 0.93
0.81 0.53 0.91
0.8 0.54 0.87
0.81 0.54 0.9
0.81 0.54 0.97
0.81 0.55 1
0.81 0.56 0.93
0.82 0.55 0.93
0.84 0.56 0.97
0.82 0.54 0.99
0.81 0.56 0.96
0.81 0.58 0.94
0.82 0.57 0.88
0.82 0.55 0.89
0.81 0.54 0.9
0.8 0.55 0.89
0.83 0.54 0.84
0.84 0.58 0.9
0.82 0.57 0.85
0.8 0.6 0.86
0.79 0.6 0.85
0.8 0.63 0.87
0.82 0.61 0.86
0.81 0.59 0.86
0.79 0.63 0.82
0.8 0.59 0.85
0.8 0.59 0.84
0.8 0.6 0.89
0.81 0.57 0.9
0.81 0.56 0.92
0.8 0.59 0.95
0.82 0.57 1
0.83 0.56 0.98
0.82 0.55 0.96
0.82 0.55 1
0.83 0.53 0.96
0.82 0.57 0.95
0.83 0.56 0.97
0.83 0.55 0.94
0.81 0.56 0.91
0.81 0.6 0.92
0.82 0.6 0.94
0.82 0.59 0.94
0.83 0.56 0.96
0.82 0.55 0.9
0.82 0.54 0.91
0.84 0.53 0.86
0.86 0.52 0.93
0.87 0.52 0.94
0.85 0.53 0.91
0.84 0.55 0.9
0.86 0.54 0.95
0.85 0.54 0.89
0.87 0.53 0.92
0.85 0.56 0.92
0.83 0.54 0.9
0.81 0.55 0.88
0.82 0.55 0.85
0.84 0.54 0.89
0.83 0.56 0.88
0.82 0.58 0.85
0.83 0.56 0.87
0.85 0.55 0.89
0.85 0.54 0.89
0.85 0.58 0.92
0.84 0.56 0.88
0.85 0.55 0.89
0.86 0.55 0.92
0.86 0.55 0.95
0.86 0.55 0.93
0.85 0.55 0.88
0.84 0.55 0.9
0.82 0.54 0.92
0.82 0.55 0.87
0.81 0.58 0.85
0.79 0.58 0.82
0.79 0.61 0.8
0.79 0.58 0.84
0.79 0.57 0.86
0.8 0.54 0.88
0.79 0.54 0.87
0.8 0.59 0.84
0.81 0.59 0.87
0.81 0.58 0.88
0.8 0.59 0.88
0.79 0.6 0.87
0.79 0.58 0.91
0.8 0.57 0.95
0.79 0.59 0.93
0.79 0.61 0.92
0.81 0.58 0.93
0.81 0.61 0.89
0.82 0.58 0.91
0.82 0.58 0.91
0.8 0.57 0.88
0.8 0.57 0.88
0.81 0.62 0.85
0.82 0.61 0.85
0.79 0.63 0.83
0.81 0.62 0.84
0.81 0.59 0.84
0.81 0.58 0.84
0.81 0.58 0.85
0.8 0.61 0.82
0.8 0.59 0.85
0.79 0.56 0.84
0.8 0.57 0.87
0.8 0.56 0.83
0.81 0.57 0.85
0.81 0.63 0.83
0.8 0.62 0.81
0.83 0.61 0.84
0.83 0.58 0.85
0.83 0.59 0.84
0.8 0.58 0.82
0.79 0.59 0.8
0.81 0.56 0.86
0.82 0.58 0.82
0.83 0.56 0.84
0.81 0.54 0.83
0.8 0.57 0.83
0.82 0.56 0.86
0.81 0.56 0.87
0.79 0.59 0.84
0.79 0.6 0.9
0.79 0.61 0.92
0.79 0.6 0.91
0.79 0.64 0.88
0.8 0.62 0.89
0.8 0.64 0.88
0.8 0.61 0.9
0.82 0.58 0.92
0.8 0.57 0.88
0.8 0.61 0.92
0.79 0.59 0.89
0.78 0.59 0.87
0.79 0.57 0.84
0.79 0.61 0.83
0.79 0.57 0.87
0.79 0.58 0.86
0.8 0.56 0.9
0.8 0.6 0.87
0.81 0.63 0.84
0.79 0.67 0.82
0.78 0.67 0.82
0.78 0.62 0.85
0.79 0.58 0.82
0.77 0.61 0.8
0.78 0.59 0.78
0.79 0.59 0.79
0.79 0.58 0.87
0.8 0.58 0.87
0.8 0.55 0.83
0.8 0.61 0.86
0.8 0.58 0.89
0.81 0.56 0.93
0.81 0.61 0.88
0.82 0.6 0.87
0.82 0.59 0.83
0.8 0.57 0.84
0.81 0.56 0.85
0.82 0.55 0.91
0.85 0.54 0.89
0.85 0.58 0.94
0.84 0.62 0.9
0.83 0.63 0.91
0.81 0.66 0.87
0.82 0.64 0.87
0.79 0.66 0.84
0.8 0.63 0.85
0.8 0.62 0.84
0.82 0.6 0.87
0.83 0.58 0.88
0.84 0.56 0.92
0.82 0.58 0.9
0.8 0.59 0.88
0.81 0.57 0.91
0.83 0.56 0.86
0.84 0.54 0.82
0.85 0.54 0.87
0.84 0.53 0.88
0.86 0.53 0.91
0.86 0.53 0.95
0.86 0.54 0.92
0.87 0.52 0.88
0.86 0.57 0.91
0.83 0.61 0.86
0.82 0.62 0.85
0.83 0.6 0.86
0.82 0.56 0.9
0.83 0.55 0.93
0.83 0.55 0.92
0.83 0.61 0.94
0.84 0.57 0.97
0.85 0.56 0.95
0.82 0.56 0.91
0.83 0.59 0.9
0.83 0.64 0.89
0.83 0.61 0.92
0.82 0.61 0.9
0.81 0.61 0.89
0.81 0.63 0.89
0.82 0.6 0.96
0.84 0.58 1
0.83 0.6 1
0.82 0.58 0.96
0.82 0.56 0.91
0.84 0.55 0.94
0.81 0.6 0.89
0.8 0.63 0.85
0.8 0.62 0.86
0.83 0.59 0.89
0.84 0.56 0.84
0.83 0.54 0.81
0.83 0.56 0.83
0.82 0.56 0.82
0.81 0.56 0.85
0.82 0.59 0.82
0.82 0.58 0.86
0.82 0.57 0.88
0.81 0.56 0.86
0.81 0.55 0.89
0.84 0.57 0.91
0.84 0.56 0.86
0.83 0.56 0.9
0.82 0.57 0.89
0.83 0.57 0.91
0.82 0.54 0.91
0.84 0.54 0.88
0.83 0.59 0.9
0.81 0.55 0.89
0.83 0.54 0.89
0.84 0.54 0.86
0.79 0.64 0.83
0.79 0.64 0.83
0.78 0.62 0.83
0.79 0.59 0.81
0.8 0.61 0.86
0.83 0.59 0.93
0.82 0.59 0.93
0.82 0.57 0.91
0.84 0.57 0.97
0.84 0.56 0.97
0.83 0.59 0.93
0.81 0.61 0.94
0.82 0.59 0.93
0.81 0.63 0.88
0.82 0.59 0.92
0.82 0.57 0.93
0.8 0.55 1
0.81 0.61 0.96
0.81 0.61 0.93
0.8 0.61 0.93
0.81 0.64 0.97
0.8 0.63 0.93
0.79 0.63 0.9
0.8 0.61 0.91
0.81 0.61 0.9
0.83 0.6 0.93
0.83 0.59 0.92
0.82 0.63 0.92
0.82 0.6 0.91
0.83 0.57 0.94
0.84 0.56 0.95
0.82 0.57 0.92
0.8 0.56 0.88
0.81 0.58 0.88
0.82 0.6 0.93
0.81 0.61 0.89
0.8 0.62 0.89
0.79 0.6 0.86
0.8 0.57 0.89
0.81 0.58 0.91
0.82 0.58 0.91
0.81 0.56 0.89
0.81 0.59 0.91
0.81 0.62 0.98
0.81 0.59 0.95
0.83 0.57 0.95
0.82 0.54 0.94
0.81 0.58 0.92
0.83 0.56 0.92
0.83 0.54 0.89
0.85 0.53 0.84
0.84 0.56 0.83
0.83 0.56 0.86
0.83 0.54 0.83
0.83 0.53 0.85
0.84 0.6 0.82
0.81 0.64 0.8
0.81 0.66 0.85
0.8 0.68 0.83
0.81 0.65 0.84
0.83 0.61 0.91
0.82 0.64 0.9
0.81 0.65 0.93
0.81 0.66 0.94
0.82 0.64 0.94
0.83 0.61 0.88
0.82 0.6 0.87
0.82 0.57 0.92
0.83 0.56 0.92
0.84 0.54 0.92
0.84 0.55 0.87
0.84 0.61 0.91
0.84 0.63 0.92
0.84 0.6 0.93
0.85 0.57 0.96
0.84 0.56 0.96
0.84 0.55 0.94
0.85 0.55 0.96
0.86 0.54 0.95
0.86 0.53 0.9
0.84 0.52 0.89
0.83 0.55 0.88
0.83 0.54 0.88
0.85 0.53 0.94
0.87 0.52 0.89
0.88 0.52 0.86
0.86 0.56 0.86
0.84 0.58 0.85
0.82 0.62 0.82
0.82 0.62 0.83
0.83 0.6 0.84
0.83 0.57 0.86
0.82 0.55 0.87
0.83 0.55 0.91
0.84 0.55 0.97
0.86 0.54 0.91
0.85 0.53 0.88
0.83 0.54 0.85
0.83 0.6 0.9
0.84 0.59 0.92
0.84 0.61 0.88
0.83 0.64 0.88
0.81 0.63 0.86
0.82 0.6 0.91
0.83 0.58 0.91
0.85 0.56 0.93
0.85 0.55 0.93
0.83 0.56 0.88
0.84 0.54 0.89
0.84 0.54 0.9
0.84 0.55 0.94
0.83 0.57 0.97
0.82 0.59 0.94
0.83 0.62 0.99
0.82 0.63 0.93
0.81 0.63 0.9
0.8 0.6 0.87
0.8 0.57 0.91
0.82 0.55 0.96
0.83 0.54 0.98
0.84 0.55 0.98
0.82 0.56 0.92
0.81 0.58 0.9
0.82 0.56 0.87
0.82 0.57 0.88
0.83 0.56 0.9
0.83 0.54 0.89
0.83 0.55 0.89
0.83 0.59 0.93
0.83 0.58 0.94
0.82 0.55 0.94
0.82 0.55 0.96
0.8 0.55 0.91
0.81 0.55 0.86
0.82 0.55 0.9
0.82 0.61 0.87
0.81 0.63 0.9
0.81 0.61 0.92
0.81 0.61 0.9
0.82 0.61 0.91
0.82 0.64 0.92
0.8 0.63 0.88
0.8 0.61 0.88
0.81 0.6 0.91
0.81 0.62 0.86
0.81 0.64 0.9
0.82 0.63 0.88
0.8 0.64 0.87
0.8 0.61 0.87
0.8 0.62 0.84
0.81 0.59 0.87
0.8 0.58 0.83
0.8 0.57 0.84
0.8 0.61 0.81
0.79 0.61 0.82
0.79 0.59 0.8
0.79 0.57 0.88
0.78 0.57 0.93
0.8 0.58 0.94
0.82 0.59 0.89
0.81 0.6 0.87
0.81 0.55 0.85
0.81 0.54 0.85
0.82 0.54 0.88
0.84 0.53 0.84
0.81 0.59 0.82
0.8 0.58 0.82
0.81 0.56 0.86
0.83 0.55 0.9
0.85 0.54 0.92
0.84 0.59 0.87
0.83 0.59 0.84
0.82 0.57 0.85
0.84 0.55 0.86
0.86 0.54 0.84
0.85 0.53 0.81
0.84 0.52 0.8
0.81 0.58 0.78
0.82 0.58 0.81
0.82 0.6 0.79
0.82 0.59 0.81
0.81 0.61 0.83
0.8 0.61 0.83
0.81 0.59 0.89
0.79 0.62 0.86
0.78 0.66 0.83
0.78 0.65 0.87
0.79 0.63 0.86
0.8 0.59 0.86
0.81 0.59 0.88
0.82 0.55 0.91
0.81 0.55 0.87
0.79 0.6 0.83
0.77 0.62 0.8
0.79 0.63 0.83
0.81 0.6 0.87
0.8 0.6 0.88
0.8 0.58 0.87
0.8 0.62 0.83
0.82 0.6 0.87
0.81 0.61 0.88
0.82 0.57 0.89
0.82 0.6 0.91
0.82 0.58 0.92
0.82 0.58 0.92
0.84 0.56 0.94
0.83 0.54 0.91
0.82 0.57 0.9
0.82 0.61 0.89
0.81 0.63 0.86
0.81 0.59 0.91
0.81 0.59 0.9
0.8 0.6 0.89
0.8 0.64 0.87
0.8 0.67 0.92
0.8 0.63 0.91
0.81 0.6 0.92
0.8 0.58 0.89
0.81 0.58 0.88
0.8 0.62 0.85
0.81 0.65 0.89
0.81 0.66 0.91
0.8 0.62 0.96
0.81 0.63 0.97
0.82 0.62 0.94
0.81 0.58 0.96
0.82 0.56 0.96
0.8 0.55 0.94
0.81 0.56 0.96
0.81 0.6 0.91
0.81 0.57 0.86
0.81 0.58 0.86
0.79 0.59 0.87
0.8 0.57 0.84
0.8 0.55 0.84
0.81 0.55 0.89
0.81 0.57 0.89
0.8 0.6 0.93
0.8 0.6 0.96
0.81 0.58 0.96
0.82 0.56 0.98
0.81 0.55 0.93
0.79 0.56 0.89
0.82 0.54 0.92
0.81 0.56 0.88
0.79 0.61 0.84
0.79 0.59 0.93
0.8 0.55 0.91
0.79 0.55 0.89
0.79 0.54 0.92
0.8 0.53 0.93
0.81 0.58 0.97
0.8 0.62 0.92
0.81 0.62 0.87
0.81 0.61 0.85
0.83 0.59 0.94
0.82 0.57 1.01
0.81 0.58 0.99
0.81 0.56 0.99
0.82 0.55 0.96
0.83 0.54 0.9
0.82 0.54 0.86
0.81 0.55 0.86
0.81 0.54 0.83
0.81 0.54 0.87
0.8 0.53 0.86
0.8 0.55 0.86
0.79 0.54 0.84
0.81 0.56 0.85
0.81 0.56 0.86
0.81 0.53 0.92
0.81 0.58 0.95
0.81 0.56 0.98
0.83 0.55 0.99
0.83 0.55 0.99
0.83 0.58 0.98
0.82 0.55 0.95
0.81 0.57 0.94
0.81 0.59 0.94
0.79 0.62 0.89
0.8 0.59 0.9
0.79 0.59 0.88
0.8 0.56 0.87
0.8 0.56 0.92
0.81 0.59 0.88
0.8 0.56 0.91
0.8 0.59 0.9
0.79 0.58 0.86
0.8 0.6 0.89
0.81 0.59 0.89
0.82 0.59 0.88
0.81 0.6 0.87
0.79 0.58 0.85
0.82 0.56 0.88
0.82 0.58 0.91
0.82 0.56 0.92
0.81 0.56 0.98
0.81 0.6 0.98
0.82 0.61 0.92
0.82 0.63 0.88
0.81 0.62 0.88
0.8 0.64 0.9
0.8 0.66 0.91
0.82 0.64 0.91
0.82 0.62 0.92
0.83 0.6 0.92
0.82 0.58 0.92
0.81 0.58 0.96
0.78 0.61 0.91
0.8 0.62 0.93
0.8 0.61 0.92
0.82 0.64 0.93
0.81 0.66 0.95
0.79 0.7 0.89
0.8 0.67 0.9
0.8 0.66 0.9
0.79 0.63 0.86
0.8 0.63 0.83
0.81 0.63 0.86
0.82 0.6 0.83
0.82 0.62 0.87
0.82 0.63 0.93
0.8 0.59 0.89
0.82 0.63 0.9
0.83 0.6 0.93
0.82 0.57 0.87
0.81 0.55 0.85
0.81 0.58 0.86
0.82 0.58 0.87
0.83 0.59 0.86
0.82 0.61 0.82
0.83 0.58 0.83
0.83 0.6 0.81
0.84 0.57 0.85
0.85 0.56 0.88
0.86 0.61 0.95
0.84 0.6 0.91
0.83 0.59 0.9
0.84 0.59 0.9
0.83 0.61 0.85
0.82 0.6 0.86
0.8 0.57 0.82
0.79 0.59 0.85
0.8 0.63 0.83
0.8 0.61 0.82
0.8 0.6 0.79
0.79 0.57 0.78
0.79 0.59 0.81
0.8 0.58 0.85
0.82 0.57 0.88
0.81 0.59 0.84
0.81 0.59 0.89
0.8 0.6 0.92
0.79 0.61 0.9
0.8 0.59 0.9
0.8 0.58 0.86
0.8 0.61 0.83
0.79 0.58 0.83
0.79 0.6 0.84
0.79 0.63 0.82
0.8 0.59 0.83
0.79 0.61 0.84
0.79 0.62 0.86
0.81 0.59 0.88
0.82 0.58 0.94
0.8 0.62 0.9
0.78 0.63 0.88
0.78 0.62 0.87
0.8 0.58 0.94
0.81 0.62 0.91
0.81 0.6 0.89
0.81 0.58 0.86
0.8 0.57 0.84
0.8 0.56 0.86
0.8 0.59 0.83
0.8 0.6 0.85
0.79 0.6 0.86
0.78 0.59 0.84
0.79 0.61 0.89
0.8 0.6 0.88
0.81 0.61 0.94
0.8 0.61 0.92
0.8 0.61 0.95
0.82 0.62 0.89
0.81 0.63 0.92
0.8 0.65 0.87
0.82 0.66 0.95
0.81 0.67 0.94
0.82 0.64 0.93
0.84 0.67 0.94
0.82 0.69 0.88
0.82 0.66 0.86
0.82 0.65 0.89
0.81 0.66 0.92
0.82 0.62 0.9
0.84 0.65 0.96
0.82 0.64 0.94
0.82 0.65 0.93
0.84 0.68 0.92
0.83 0.69 0.88
0.82 0.67 0.84
0.83 0.67 0.86
0.82 0.65 0.86
0.82 0.63 0.84
0.83 0.64 0.84
0.82 0.6 0.86
0.81 0.57 0.86
0.82 0.6 0.83
0.82 0.59 0.82
0.82 0.57 0.85
0.84 0.63 0.88
0.83 0.6 0.87
0.82 0.59 0.88
0.84 0.62 0.9
0.83 0.6 0.94
0.82 0.58 0.91
0.81 0.56 0.87
0.8 0.59 0.86
0.81 0.56 0.83
0.81 0.55 0.85
0.81 0.52 0.82
0.81 0.57 0.85
0.81 0.58 0.85
0.82 0.58 0.87
0.83 0.58 0.89
0.8 0.61 0.85
0.81 0.63 0.89
0.8 0.62 0.87
0.81 0.62 0.84
0.82 0.6 0.88
0.8 0.64 0.85
0.79 0.63 0.85
0.81 0.6 0.9
0.81 0.58 0.9
0.82 0.6 0.86
0.82 0.57 0.91
0.82 0.55 0.89
0.81 0.55 0.86
0.79 0.61 0.83
0.82 0.6 0.88
0.82 0.61 0.89
0.79 0.64 0.85
0.79 0.64 0.88
0.82 0.61 0.91
0.82 0.61 0.89
0.81 0.58 0.9
0.81 0.56 0.87
0.79 0.55 0.85
0.8 0.54 0.9
0.79 0.59 0.87
0.79 0.6 0.89
0.81 0.58 0.92
0.79 0.6 0.9
0.8 0.61 0.89
0.81 0.64 0.94
0.81 0.62 0.89
0.8 0.58 0.87
0.8 0.58 0.87
0.8 0.57 0.85
0.79 0.58 0.85
0.81 0.57 0.85
0.8 0.58 0.85
0.79 0.58 0.86
0.79 0.54 0.9
0.81 0.55 0.93
0.83 0.52 0.98
0.83 0.57 1.01
0.81 0.58 0.97
0.82 0.59 0.96
0.81 0.56 0.93
0.81 0.56 0.92
0.79 0.6 0.88
0.79 0.61 0.87
0.79 0.62 0.89
0.81 0.59 0.92
0.81 0.57 0.92
0.8 0.58 0.9
0.8 0.6 0.88
0.81 0.58 0.9
0.82 0.58 0.88
0.82 0.56 0.91
0.81 0.55 0.88
0.8 0.57 0.87
0.82 0.59 0.92
0.81 0.57 0.91
0.78 0.61 0.86
0.77 0.61 0.84
0.78 0.61 0.83
0.79 0.58 0.83
0.8 0.56 0.84
0.82 0.54 0.92
0.81 0.57 0.95
0.81 0.6 0.91
0.81 0.6 0.88
0.81 0.57 0.84
0.82 0.56 0.88
0.82 0.56 0.85
0.82 0.57 0.89
0.82 0.56 0.91
0.81 0.59 0.86
0.81 0.58 0.88
0.8 0.57 0.87
0.8 0.57 0.89
0.81 0.56 0.94
0.82 0.57 0.94
0.84 0.56 0.98
0.82 0.56 0.92
0.8 0.54 0.9
0.82 0.55 0.92
0.84 0.57 0.92
0.84 0.55 0.94
0.82 0.57 0.92
0.81 0.59 0.92
0.81 0.58 0.94
0.82 0.57 0.93
0.81 0.55 0.93
0.82 0.53 0.92
0.81 0.56 0.9
0.81 0.6 0.87
0.81 0.57 0.83
0.81 0.58 0.84
0.8 0.59 0.85
0.8 0.62 0.88
0.82 0.62 0.89
0.81 0.6 0.88
0.82 0.59 0.9
0.81 0.61 0.93
0.81 0.63 0.94
0.8 0.62 0.95
0.79 0.63 0.93
0.8 0.62 0.91
0.79 0.6 0.92
0.79 0.62 0.94
0.81 0.59 0.99
0.81 0.6 0.96
0.83 0.56 0.9
0.83 0.59 0.91
0.8 0.61 0.9
0.81 0.63 0.86
0.82 0.59 0.9
0.82 0.57 0.93
0.81 0.58 0.91
0.82 0.57 0.91
0.83 0.56 0.92
0.84 0.53 0.93
0.84 0.59 0.92
0.82 0.62 0.93
0.81 0.61 0.92
0.82 0.57 0.93
0.82 0.61 0.88
0.83 0.58 0.93
0.82 0.56 0.9
0.82 0.6 0.95
0.83 0.59 0.96
0.83 0.57 0.93
0.83 0.59 0.94
0.81 0.63 0.95
0.82 0.61 0.93
0.82 0.63 0.89
0.83 0.63 0.94
0.83 0.67 0.9
0.81 0.64 0.89
0.81 0.64 0.88
0.81 0.61 0.89
0.81 0.58 0.89
0.82 0.57 0.93
0.81 0.58 0.88
0.81 0.58 0.94
0.81 0.56 0.92
0.82 0.56 0.91
0.82 0.53 0.93
0.8 0.61 0.9
0.81 0.58 0.86
0.82 0.55 0.87
0.83 0.56 0.85
0.84 0.55 0.89
0.83 0.58 0.9
0.82 0.56 0.88
0.81 0.57 0.89
0.82 0.58 0.86
0.8 0.62 0.82
0.8 0.61 0.88
0.79 0.61 0.85
0.8 0.58 0.88
0.81 0.59 0.93
0.81 0.62 0.95
0.8 0.61 0.93
0.79 0.58 0.95
0.8 0.6 0.91
0.79 0.63 0.89
0.79 0.6 0.88
0.8 0.56 0.93
0.8 0.58 0.93
0.8 0.56 0.87
0.81 0.56 0.86
0.83 0.54 0.89
0.82 0.57 0.92
0.8 0.58 0.9
0.81 0.57 0.9
0.83 0.56 0.91
0.8 0.62 0.87
0.81 0.65 0.93
0.81 0.63 0.92
0.82 0.65 0.88
0.81 0.62 0.88
0.83 0.6 0.88
0.82 0.58 0.86
0.81 0.6 0.86
0.81 0.62 0.83
0.81 0.58 0.83
0.81 0.56 0.81
0.81 0.61 0.8
0.81 0.59 0.84
0.81 0.61 0.81
0.81 0.61 0.83
0.82 0.64 0.81
0.81 0.63 0.82
0.8 0.62 0.81
0.81 0.61 0.86
0.82 0.61 0.86
0.81 0.58 0.89
0.81 0.58 0.88
0.8 0.6 0.92
0.8 0.57 0.91
0.82 0.58 0.9
0.81 0.56 0.92
0.81 0.55 0.9
0.8 0.56 0.88
0.81 0.59 0.84
0.81 0.62 0.83
0.82 0.6 0.89
0.82 0.6 0.9
0.81 0.6 0.87
0.81 0.63 0.85
0.82 0.65 0.93
0.82 0.63 0.93
0.81 0.59 0.92
0.79 0.59 0.88
0.81 0.59 0.89
0.81 0.59 0.9
0.81 0.62 0.86
0.81 0.6 0.85
0.8 0.63 0.87
0.83 0.59 0.92
0.83 0.58 0.9
0.83 0.55 0.85
0.83 0.56 0.83
0.81 0.55 0.8
0.81 0.55 0.8
0.82 0.55 0.83
0.82 0.56 0.83
0.82 0.6 0.84
0.8 0.58 0.82
0.8 0.57 0.82
0.8 0.56 0.82
0.82 0.55 0.87
0.82 0.55 0.87
0.81 0.54 0.85
0.79 0.56 0.85
0.79 0.57 0.84
0.8 0.61 0.85
0.8 0.63 0.87
0.79 0.6 0.83
0.81 0.59 0.83
0.79 0.63 0.81
0.78 0.6 0.8
0.79 0.57 0.87
0.79 0.56 0.94
0.79 0.56 0.9
0.8 0.56 0.93
0.79 0.56 0.9
0.79 0.55 0.96
0.79 0.52 0.94
0.8 0.58 0.9
0.8 0.57 0.86
0.81 0.61 0.94
