1.13 0.63 0.85
1.13 0.61 0.84
1.12 0.6 0.82
1.13 0.63 0.82
1.13 0.62 0.88
1.12 0.63 0.87
1.1 0.62 0.85
1.12 0.59 0.9
1.12 0.58 0.9
1.12 0.59 0.86
1.12 0.64 0.82
1.11 0.62 0.9
1.1 0.57 0.89
1.12 0.55 0.86
1.13 0.56 0.93
1.13 0.6 0.93
1.12 0.6 0.91
1.11 0.6 0.94
1.12 0.61 0.95
1.13 0.62 0.9
1.12 0.65 0.85
1.1 0.63 0.85
1.1 0.64 0.88
1.11 0.61 0.91
1.12 0.6 0.91
1.13 0.6 0.94
1.13 0.6 0.92
1.12 0.56 0.9
1.13 0.55 0.92
1.13 0.57 0.93
1.14 0.58 0.98
1.12 0.58 0.93
1.11 0.55 0.9
1.12 0.57 0.92
1.13 0.58 0.94
1.13 0.61 0.93
1.13 0.62 0.9
1.12 0.6 0.91
1.13 0.62 0.86
1.13 0.59 0.89
1.13 0.6 0.9
1.12 0.58 0.89
1.13 0.57 0.88
1.13 0.57 0.88
1.13 0.56 0.92
1.13 0.58 0.92
1.12 0.59 0.89
1.11 0.58 0.88
1.11 0.57 0.89
1.13 0.54 0.95
1.13 0.61 0.89
1.13 0.59 0.92
1.12 0.61 0.95
1.13 0.62 0.95
1.12 0.6 0.96
1.12 0.59 0.96
1.12 0.59 0.93
1.12 0.58 0.92
1.12 0.58 0.94
1.13 0.6 0.94
1.13 0.61 0.93
1.12 0.61 0.95
1.12 0.6 0.95
1.12 0.61 0.98
1.12 0.62 0.94
1.12 0.58 0.89
1.13 0.57 0.88
1.13 0.58 0.94
1.14 0.57 1.01
1.14 0.57 0.98
1.14 0.6 0.91
1.14 0.57 0.9
1.13 0.57 0.97
1.12 0.57 0.95
1.12 0.58 0.97
1.13 0.57 0.98
1.13 0.57 0.97
1.11 0.57 0.95
1.12 0.59 0.95
1.13 0.57 0.95
1.14 0.54 0.89
1.14 0.56 0.87
1.14 0.55 0.87
1.15 0.59 0.84
1.15 0.59 0.86
1.14 0.56 0.83
1.15 0.54 0.84
1.14 0.55 0.83
1.15 0.58 0.91
1.15 0.58 0.92
1.14 0.61 0.9
1.13 0.59 0.9
1.13 0.57 0.9
1.13 0.58 0.93
1.13 0.57 0.96
1.13 0.58 0.94
1.13 0.6 0.92
1.11 0.59 0.93
1.13 0.59 0.95
1.14 0.59 0.97
1.13 0.58 0.95
1.13 0.59 0.89
1.13 0.63 0.95
1.13 0.64 0.97
1.13 0.59 0.91
1.13 0.59 0.92
1.12 0.62 0.88
1.11 0.62 0.92
1.12 0.6 0.93
1.12 0.61 0.89
1.12 0.59 0.92
1.13 0.59 0.93
1.12 0.57 0.9
1.13 0.58 0.85
1.13 0.57 0.86
1.13 0.59 0.87
1.11 0.56 0.86
1.11 0.57 0.85
1.12 0.56 0.81
1.12 0.56 0.83
1.12 0.59 0.85
1.13 0.59 0.85
1.11 0.58 0.82
1.13 0.55 0.79
1.13 0.58 0.79
1.13 0.56 0.86
1.13 0.55 0.86
1.13 0.56 0.86
1.13 0.56 0.89
1.14 0.55 0.85
1.14 0.59 0.82
1.12 0.6 0.82
1.13 0.63 0.85
1.13 0.62 0.91
1.14 0.64 0.86
1.14 0.64 0.9
1.14 0.62 0.91
1.13 0.6 0.96
1.15 0.61 0.98
1.15 0.61 0.99
1.14 0.6 0.96
1.14 0.6 0.94
1.13 0.58 0.94
1.14 0.56 0.93
1.13 0.61 0.88
1.12 0.61 0.9
1.12 0.6 0.9
1.11 0.61 0.9
1.12 0.61 0.94
1.13 0.61 0.94
1.13 0.66 0.9
1.12 0.66 0.9
1.12 0.64 0.91
1.13 0.64 0.87
1.13 0.61 0.88
1.13 0.65 0.84
1.11 0.62 0.84
1.11 0.6 0.81
1.12 0.62 0.86
1.12 0.6 0.88
1.13 0.58 0.92
1.13 0.59 0.9
1.13 0.57 0.91
1.14 0.57 0.88
1.15 0.55 0.94
1.15 0.6 0.89
1.14 0.6 0.89
1.13 0.6 0.87
1.13 0.6 0.91
1.14 0.59 0.91
1.14 0.58 0.96
1.15 0.59 0.91
1.14 0.62 0.91
1.14 0.62 0.92
1.14 0.59 0.94
1.14 0.61 0.91
1.12 0.62 0.9
1.12 0.62 0.91
1.12 0.61 0.98
1.13 0.6 0.97
1.13 0.59 0.95
1.13 0.58 0.93
1.13 0.57 0.89
1.14 0.59 0.93
1.14 0.59 0.87
1.13 0.6 0.9
1.13 0.59 0.88
1.12 0.58 0.85
1.12 0.56 0.9
1.13 0.54 0.85
1.14 0.58 0.87
1.12 0.6 0.87
1.11 0.61 0.87
1.11 0.61 0.88
1.12 0.61 0.9
1.13 0.63 0.87
1.12 0.6 0.88
1.12 0.58 0.9
1.13 0.6 0.92
1.13 0.6 0.98
1.13 0.6 0.95
1.12 0.63 0.93
1.11 0.6 0.91
1.12 0.58 0.92
1.12 0.61 0.94
1.12 0.61 0.95
1.13 0.62 0.94
1.12 0.61 0.99
1.14 0.62 0.95
1.14 0.61 0.94
1.13 0.62 0.92
1.13 0.63 0.95
1.12 0.63 0.89
1.13 0.6 0.91
1.14 0.61 0.88
1.13 0.6 0.89
1.13 0.61 0.87
1.13 0.58 0.89
1.13 0.6 0.92
1.14 0.6 0.87
1.14 0.58 0.92
1.13 0.59 0.92
1.13 0.61 0.92
1.13 0.6 0.97
1.14 0.58 0.96
1.14 0.61 0.96
1.13 0.62 0.93
1.12 0.58 0.9
1.13 0.56 0.93
1.14 0.57 0.96
1.14 0.59 0.96
1.13 0.6 0.92
1.12 0.61 0.91
1.13 0.61 0.9
1.14 0.6 0.94
1.14 0.6 0.91
1.13 0.62 0.91
1.12 0.59 0.88
1.13 0.62 0.89
1.12 0.65 0.86
1.12 0.64 0.91
1.12 0.62 0.92
1.11 0.63 0.94
1.13 0.64 0.95
1.12 0.62 0.99
1.14 0.59 0.97
1.14 0.58 0.94
1.13 0.58 0.94
1.13 0.57 0.96
1.13 0.57 0.96
1.13 0.58 1
1.13 0.59 0.97
1.14 0.59 0.94
1.14 0.59 0.94
1.15 0.58 1.01
1.13 0.55 0.94
1.12 0.58 0.96
1.12 0.6 0.92
1.11 0.59 0.91
1.12 0.6 0.87
1.14 0.58 0.88
1.12 0.59 0.87
1.12 0.61 0.89
1.13 0.6 0.96
1.13 0.62 0.95
1.14 0.62 0.93
1.13 0.62 0.92
1.13 0.59 0.9
1.13 0.6 0.91
1.14 0.61 0.92
1.15 0.58 0.95
1.14 0.56 0.91
1.14 0.56 0.91
1.14 0.63 0.86
1.13 0.61 0.9
1.14 0.58 0.9
1.13 0.61 0.9
1.13 0.62 0.89
1.14 0.62 0.9
1.13 0.6 0.93
1.13 0.63 0.88
1.13 0.6 0.89
1.12 0.61 0.93
1.14 0.6 0.92
1.13 0.62 0.87
1.13 0.62 0.84
1.13 0.63 0.85
1.13 0.6 0.9
1.13 0.6 0.92
1.14 0.62 0.97
1.13 0.62 0.96
1.12 0.58 0.96
1.11 0.61 0.95
1.12 0.58 0.99
1.13 0.56 1.01
1.13 0.6 0.94
1.14 0.62 0.93
1.13 0.61 0.93
1.14 0.62 0.93
1.13 0.6 0.87
1.13 0.64 0.83
1.13 0.63 0.85
1.13 0.62 0.86
1.13 0.62 0.83
1.13 0.61 0.86
1.12 0.6 0.86
1.12 0.6 0.87
1.11 0.6 0.87
1.12 0.58 0.89
1.13 0.58 0.92
1.13 0.59 0.91
1.13 0.54 0.92
1.13 0.54 0.94
1.14 0.57 0.96
1.14 0.55 0.98
1.14 0.6 0.92
1.14 0.57 0.93
1.13 0.59 0.92
1.14 0.59 0.9
1.14 0.6 0.94
1.14 0.62 0.96
1.13 0.6 0.95
1.12 0.58 0.93
1.14 0.59 0.93
1.14 0.59 0.94
1.13 0.59 0.93
1.12 0.6 0.92
1.12 0.6 0.89
1.12 0.59 0.89
1.12 0.58 0.88
1.12 0.6 0.89
1.11 0.56 0.84
1.09 0.56 0.91
1.1 0.54 0.87
1.11 0.57 0.92
1.11 0.58 0.91
1.1 0.6 0.9
1.09 0.59 0.89
1.11 0.6 0.91
1.12 0.59 0.86
1.12 0.59 0.9
1.13 0.6 0.88
1.12 0.59 0.86
1.13 0.59 0.88
1.13 0.57 0.87
1.13 0.58 0.86
1.13 0.58 0.87
1.12 0.58 0.92
1.13 0.58 0.87
1.13 0.6 0.94
1.13 0.6 0.88
1.13 0.61 0.94
1.13 0.6 0.93
1.13 0.59 0.98
1.13 0.59 0.96
1.14 0.6 0.95
1.12 0.58 0.94
1.13 0.55 0.91
1.14 0.58 0.94
1.14 0.59 0.93
1.14 0.61 0.98
1.13 0.61 0.95
1.12 0.62 0.96
1.13 0.64 0.9
1.13 0.61 0.85
1.13 0.61 0.89
1.12 0.62 0.91
1.11 0.66 0.87
1.12 0.65 0.87
1.13 0.62 0.89
1.12 0.62 0.85
1.12 0.6 0.89
1.12 0.6 0.91
1.13 0.6 0.93
1.13 0.59 0.93
1.12 0.61 0.92
1.12 0.6 0.95
1.12 0.58 0.94
1.12 0.58 0.94
1.13 0.59 0.94
1.13 0.6 0.92
1.12 0.61 0.91
1.11 0.61 0.89
1.11 0.62 0.85
1.12 0.62 0.88
1.12 0.63 0.86
1.13 0.6 0.89
1.13 0.57 0.89
1.12 0.61 0.85
1.12 0.59 0.89
1.13 0.58 0.88
1.13 0.6 0.87
1.12 0.63 0.83
1.13 0.64 0.91
1.14 0.6 0.91
1.13 0.62 0.94
1.13 0.62 0.91
1.13 0.65 0.86
1.13 0.63 0.88
1.14 0.62 0.84
1.13 0.63 0.87
1.12 0.61 0.9
1.11 0.64 0.86
1.12 0.65 0.9
1.12 0.63 0.92
1.13 0.62 0.92
1.13 0.64 0.9
1.12 0.62 0.92
1.13 0.63 0.92
1.13 0.61 0.93
1.13 0.58 0.88
1.12 0.61 0.84
1.12 0.57 0.83
1.13 0.58 0.87
1.12 0.61 0.84
1.12 0.64 0.82
1.12 0.61 0.84
1.13 0.61 0.88
1.12 0.61 0.9
1.13 0.6 0.87
1.12 0.6 0.88
1.11 0.61 0.89
1.11 0.6 0.89
1.12 0.61 0.94
1.12 0.61 0.95
1.12 0.62 0.89
1.12 0.61 0.87
1.12 0.6 0.88
1.13 0.59 0.9
1.13 0.59 0.92
1.12 0.59 0.88
1.13 0.59 0.87
1.13 0.58 0.89
1.14 0.57 0.89
1.14 0.58 0.89
1.13 0.56 0.91
1.12 0.57 0.89
1.12 0.57 0.89
1.12 0.56 0.92
1.12 0.58 0.91
1.12 0.58 0.91
1.12 0.58 0.92
1.12 0.58 0.9
1.13 0.59 0.92
1.14 0.61 0.91
1.14 0.61 0.91
1.12 0.6 0.9
1.13 0.59 0.89
1.13 0.58 0.93
1.14 0.58 0.91
1.13 0.6 0.92
1.12 0.6 0.88
1.12 0.58 0.88
1.12 0.57 0.85
1.13 0.57 0.87
1.14 0.58 0.89
1.13 0.54 0.92
1.13 0.56 0.9
1.13 0.56 0.93
1.13 0.57 0.97
1.13 0.57 0.93
1.11 0.55 0.91
1.12 0.54 0.9
1.12 0.57 0.93
1.13 0.59 0.88
1.14 0.58 0.96
1.14 0.59 0.94
1.14 0.6 0.9
1.14 0.58 0.89
1.14 0.57 0.88
1.14 0.59 0.9
1.15 0.59 0.94
1.13 0.59 0.89
1.13 0.57 0.91
1.13 0.59 0.92
1.13 0.6 0.92
1.14 0.6 0.9
1.13 0.6 0.9
1.14 0.58 0.92
1.15 0.56 0.94
1.15 0.55 0.96
1.14 0.58 0.92
1.14 0.58 0.95
1.13 0.6 0.97
1.13 0.6 0.95
1.13 0.6 0.93
1.13 0.61 0.93
1.12 0.58 0.9
1.12 0.55 0.92
1.13 0.58 0.87
1.14 0.59 0.85
1.14 0.59 0.85
1.13 0.58 0.87
1.14 0.59 0.87
1.14 0.61 0.83
1.13 0.61 0.88
1.14 0.61 0.9
1.13 0.6 0.91
1.14 0.6 0.91
1.14 0.6 0.9
1.14 0.63 0.87
1.13 0.62 0.84
1.12 0.62 0.84
1.12 0.6 0.89
1.12 0.59 0.88
1.13 0.58 0.89
1.12 0.56 0.94
1.12 0.58 0.95
1.12 0.58 0.97
1.12 0.56 0.97
1.13 0.58 0.96
1.12 0.57 0.91
1.11 0.61 0.87
1.12 0.62 0.93
1.14 0.57 0.9
1.14 0.56 0.92
1.14 0.58 0.9
1.13 0.58 0.95
1.14 0.57 0.93
1.13 0.6 0.88
1.13 0.62 0.84
1.13 0.61 0.85
1.14 0.61 0.84
1.14 0.61 0.9
1.14 0.59 0.88
1.13 0.6 0.87
1.12 0.58 0.86
1.11 0.57 0.88
1.12 0.57 0.93
1.13 0.6 0.97
1.13 0.6 0.94
1.12 0.56 0.91
1.11 0.55 0.9
1.13 0.59 0.86
1.13 0.56 0.82
1.13 0.57 0.87
1.13 0.58 0.87
1.12 0.59 0.83
1.13 0.61 0.89
1.13 0.59 0.93
1.13 0.58 0.93
1.12 0.57 0.93
1.12 0.58 0.93
1.13 0.59 0.94
1.13 0.57 0.95
1.14 0.59 0.89
1.13 0.57 0.86
1.12 0.57 0.87
1.13 0.58 0.9
1.13 0.56 0.91
1.14 0.58 0.93
1.14 0.58 0.89
1.12 0.58 0.89
1.13 0.6 0.91
1.14 0.57 0.95
1.14 0.57 0.91
1.13 0.55 0.88
1.12 0.55 0.87
1.13 0.59 0.83
1.14 0.61 0.86
1.14 0.62 0.88
1.13 0.6 0.89
1.13 0.59 0.87
1.13 0.58 0.92
1.13 0.6 0.95
1.12 0.62 0.92
1.11 0.59 0.92
1.11 0.58 0.9
1.12 0.58 0.92
1.12 0.57 0.91
1.13 0.59 0.92
1.12 0.57 0.92
1.12 0.57 0.93
1.13 0.56 0.95
1.14 0.57 1
1.14 0.58 0.97
1.13 0.57 0.95
1.13 0.57 0.93
1.15 0.58 0.94
1.14 0.57 0.94
1.14 0.57 0.96
1.14 0.58 0.95
1.14 0.58 0.94
1.14 0.55 0.9
1.15 0.57 0.95
1.15 0.62 0.97
1.13 0.63 0.91
1.12 0.6 0.89
1.13 0.6 0.88
1.13 0.6 0.84
1.13 0.63 0.88
1.12 0.63 0.85
1.12 0.63 0.85
1.13 0.63 0.87
1.13 0.61 0.88
1.12 0.6 0.92
1.11 0.61 0.89
1.11 0.63 0.89
1.11 0.6 0.89
1.12 0.61 0.91
1.13 0.62 0.91
1.12 0.63 0.86
1.13 0.65 0.87
1.13 0.62 0.9
1.13 0.63 0.92
1.13 0.63 0.91
1.13 0.65 0.86
1.13 0.61 0.9
1.14 0.61 0.91
1.13 0.61 0.95
1.13 0.64 0.89
1.12 0.61 0.9
1.12 0.58 0.91
1.12 0.57 0.92
1.13 0.59 0.96
1.13 0.6 0.95
1.13 0.6 0.95
1.12 0.59 0.92
1.13 0.58 0.96
1.12 0.57 0.96
1.13 0.6 0.96
1.12 0.59 1
1.12 0.59 0.95
1.13 0.59 0.96
1.13 0.59 0.96
1.13 0.61 0.89
1.13 0.61 0.88
1.12 0.58 0.85
1.12 0.56 0.85
1.13 0.58 0.86
1.14 0.61 0.9
1.13 0.6 0.87
1.12 0.6 0.89
1.13 0.58 0.94
1.13 0.59 0.96
1.12 0.61 0.98
1.11 0.58 0.95
1.1 0.59 0.92
1.11 0.59 0.94
1.12 0.58 1
1.13 0.57 0.98
1.14 0.57 0.93
1.13 0.61 0.88
1.13 0.61 0.89
1.13 0.61 0.92
1.13 0.61 0.92
1.13 0.6 0.9
1.12 0.56 0.9
1.12 0.57 0.94
1.13 0.58 0.94
1.13 0.6 0.93
1.13 0.61 0.93
1.14 0.62 0.92
1.13 0.6 0.93
1.14 0.61 0.95
1.14 0.59 0.93
1.15 0.55 0.95
1.15 0.55 0.91
1.15 0.57 0.92
1.15 0.58 0.86
1.15 0.6 0.88
1.13 0.6 0.86
1.14 0.57 0.89
1.15 0.58 0.89
1.15 0.59 0.9
1.14 0.57 0.94
1.14 0.58 0.91
1.14 0.58 0.88
1.15 0.56 0.9
1.15 0.58 0.89
1.15 0.62 0.84
1.13 0.6 0.84
1.13 0.58 0.83
1.13 0.59 0.82
1.13 0.59 0.82
1.13 0.6 0.83
1.13 0.58 0.83
1.13 0.59 0.84
1.14 0.56 0.86
1.13 0.55 0.94
1.14 0.58 0.96
1.13 0.56 0.93
1.13 0.57 0.9
1.15 0.57 0.92
1.14 0.58 0.89
1.14 0.57 0.86
1.13 0.56 0.85
1.13 0.56 0.85
1.14 0.57 0.86
1.14 0.58 0.91
1.13 0.61 0.86
1.13 0.61 0.86
1.13 0.62 0.86
1.13 0.6 0.88
1.13 0.6 0.95
1.13 0.6 0.96
1.13 0.61 0.92
1.12 0.61 0.9
1.12 0.6 0.93
1.13 0.61 0.93
1.12 0.62 0.91
1.12 0.64 0.86
1.11 0.63 0.9
1.12 0.64 0.93
1.13 0.61 0.97
1.12 0.59 0.95
1.13 0.6 0.97
1.12 0.63 1.01
1.12 0.6 0.99
1.13 0.61 0.99
1.13 0.62 0.95
1.12 0.61 0.95
1.12 0.62 0.92
1.12 0.61 0.97
1.12 0.62 0.91
1.14 0.65 0.87
1.12 0.64 0.89
1.12 0.6 0.91
1.13 0.61 0.95
1.13 0.6 0.89
1.13 0.58 0.89
1.13 0.6 0.89
1.12 0.63 0.84
1.13 0.63 0.86
1.12 0.62 0.82
1.13 0.65 0.8
1.13 0.63 0.84
1.12 0.63 0.84
1.12 0.64 0.81
1.13 0.61 0.84
1.14 0.61 0.86
1.13 0.65 0.83
1.13 0.62 0.84
1.14 0.62 0.88
1.13 0.61 0.91
1.14 0.57 0.87
1.13 0.57 0.85
1.13 0.56 0.85
1.13 0.56 0.88
1.14 0.57 0.92
1.15 0.56 0.95
1.13 0.6 0.89
1.13 0.57 0.87
1.13 0.57 0.9
1.13 0.58 0.92
1.12 0.59 0.92
1.12 0.59 0.93
1.11 0.57 0.92
1.12 0.57 0.96
1.12 0.56 0.94
1.13 0.57 0.91
1.13 0.58 0.92
1.12 0.57 0.91
1.13 0.58 0.96
1.13 0.56 0.96
1.13 0.59 0.98
1.12 0.59 0.97
1.12 0.6 1
1.13 0.6 0.99
1.14 0.57 1.02
1.13 0.58 1.03
1.13 0.61 1.05
1.12 0.62 1.03
1.13 0.62 1.02
1.13 0.63 1.03
1.13 0.58 0.95
1.12 0.56 0.95
1.12 0.57 0.93
