1.35 0.61 0.85
1.35 0.59 0.84
1.35 0.61 0.84
1.35 0.61 0.84
1.35 0.62 0.84
1.35 0.6 0.85
1.35 0.56 0.91
1.34 0.53 0.92
1.34 0.54 0.89
1.34 0.52 0.88
1.35 0.54 0.85
1.35 0.56 0.85
1.34 0.58 0.84
1.34 0.58 0.85
1.33 0.55 0.86
1.34 0.52 0.92
1.34 0.53 0.98
1.35 0.53 1.01
1.35 0.53 0.96
1.36 0.51 0.93
1.35 0.52 0.9
1.35 0.54 0.87
1.35 0.54 0.85
1.34 0.54 0.88
1.35 0.56 0.89
1.35 0.55 0.87
1.35 0.53 0.87
1.35 0.5 0.89
1.36 0.51 0.87
1.36 0.53 0.85
1.35 0.56 0.87
1.35 0.57 0.86
1.35 0.58 0.86
1.35 0.6 0.88
1.35 0.57 0.86
1.36 0.55 0.84
1.36 0.54 0.82
1.36 0.54 0.87
1.36 0.56 0.87
1.36 0.54 0.88
1.36 0.55 0.87
1.35 0.56 0.87
1.35 0.54 0.86
1.34 0.55 0.86
1.35 0.54 0.85
1.34 0.54 0.85
1.35 0.53 0.83
1.36 0.56 0.82
1.35 0.55 0.83
1.35 0.57 0.82
1.35 0.53 0.84
1.35 0.54 0.84
1.36 0.52 0.85
1.36 0.53 0.84
1.36 0.53 0.83
1.36 0.52 0.86
1.35 0.55 0.84
1.35 0.56 0.83
1.35 0.57 0.84
1.35 0.53 0.85
1.35 0.55 0.84
1.35 0.56 0.83
1.35 0.56 0.82
1.36 0.55 0.82
1.36 0.57 0.8
1.36 0.58 0.82
1.36 0.56 0.83
1.36 0.54 0.84
1.36 0.53 0.84
1.36 0.51 0.87
1.36 0.56 0.88
1.35 0.56 0.87
1.35 0.53 0.86
1.35 0.56 0.86
1.35 0.54 0.87
1.36 0.54 0.89
1.36 0.55 0.95
1.36 0.56 0.91
1.37 0.54 0.89
1.37 0.5 0.93
1.36 0.51 0.9
1.36 0.53 0.89
1.36 0.53 0.95
1.37 0.55 0.92
1.37 0.57 0.91
1.36 0.55 0.9
1.36 0.55 0.88
1.36 0.57 0.86
1.36 0.55 0.87
1.35 0.56 0.89
1.36 0.56 0.91
1.37 0.55 0.87
1.36 0.54 0.86
1.37 0.55 0.85
1.36 0.54 0.86
1.36 0.52 0.88
1.37 0.55 0.86
1.36 0.55 0.85
1.37 0.56 0.85
1.38 0.56 0.83
1.38 0.56 0.83
1.38 0.56 0.83
1.37 0.54 0.85
1.37 0.53 0.85
1.38 0.55 0.9
1.37 0.55 0.91
1.37 0.55 0.9
1.37 0.55 0.86
1.37 0.55 0.86
1.37 0.56 0.86
1.36 0.52 0.87
1.36 0.55 0.87
1.36 0.55 0.87
1.36 0.53 0.87
1.37 0.54 0.86
1.36 0.53 0.88
1.36 0.55 0.88
1.35 0.54 0.93
1.35 0.55 0.88
1.36 0.54 0.85
1.36 0.58 0.87
1.35 0.57 0.87
1.36 0.58 0.86
1.36 0.56 0.86
1.36 0.55 0.85
1.36 0.55 0.88
1.37 0.52 0.89
1.37 0.54 0.88
1.37 0.53 0.87
1.37 0.52 0.85
1.37 0.52 0.83
1.37 0.54 0.83
1.36 0.56 0.83
1.36 0.53 0.86
1.36 0.55 0.85
1.36 0.55 0.87
1.36 0.55 0.86
1.36 0.53 0.86
1.36 0.53 0.88
1.35 0.53 0.89
1.36 0.53 0.88
1.36 0.53 0.86
1.36 0.54 0.85
1.37 0.52 0.87
1.37 0.54 0.86
1.37 0.54 0.85
1.36 0.51 0.87
1.37 0.51 0.85
1.37 0.49 0.85
1.37 0.51 0.85
1.38 0.53 0.83
1.36 0.51 0.89
1.37 0.5 0.86
1.37 0.51 0.86
1.36 0.51 0.93
1.36 0.52 0.89
1.36 0.52 0.94
1.35 0.52 0.92
1.36 0.52 0.91
1.36 0.52 0.9
1.37 0.52 0.9
1.36 0.53 0.9
1.36 0.54 0.87
1.35 0.58 0.89
1.35 0.58 0.89
1.36 0.58 0.88
1.36 0.57 0.85
1.36 0.56 0.84
1.35 0.56 0.86
1.36 0.57 0.86
1.37 0.58 0.88
1.36 0.58 0.87
1.36 0.58 0.85
1.36 0.56 0.83
1.36 0.55 0.84
1.35 0.57 0.88
1.35 0.56 0.84
1.35 0.55 0.83
1.35 0.55 0.83
1.35 0.54 0.83
1.35 0.55 0.84
1.36 0.55 0.83
1.34 0.54 0.85
1.35 0.55 0.86
1.35 0.56 0.85
1.36 0.56 0.85
1.36 0.54 0.86
1.36 0.56 0.84
1.35 0.55 0.87
1.36 0.54 0.86
1.36 0.53 0.86
1.37 0.51 0.84
1.37 0.53 0.85
1.38 0.53 0.84
1.38 0.54 0.83
1.38 0.55 0.82
1.38 0.56 0.82
1.37 0.55 0.84
1.37 0.56 0.86
1.37 0.56 0.84
1.36 0.56 0.83
1.37 0.55 0.81
1.37 0.54 0.81
1.37 0.55 0.81
1.36 0.56 0.83
1.37 0.55 0.83
1.35 0.54 0.84
1.35 0.56 0.84
1.36 0.54 0.85
1.36 0.56 0.85
1.36 0.56 0.86
1.36 0.54 0.84
1.37 0.53 0.83
1.37 0.56 0.86
1.37 0.58 0.86
1.37 0.58 0.85
1.36 0.55 0.84
1.35 0.55 0.83
1.36 0.57 0.84
1.37 0.58 0.83
1.37 0.57 0.84
1.36 0.52 0.87
1.36 0.53 0.85
1.36 0.5 0.82
1.37 0.51 0.81
1.37 0.55 0.82
1.36 0.52 0.83
1.36 0.5 0.86
1.36 0.53 0.84
1.37 0.57 0.86
1.38 0.57 0.85
1.37 0.53 0.87
1.37 0.57 0.88
1.36 0.55 0.87
1.37 0.54 0.84
1.37 0.56 0.84
1.36 0.51 0.85
1.37 0.53 0.83
1.37 0.54 0.81
1.36 0.56 0.82
1.36 0.55 0.81
1.35 0.55 0.83
1.35 0.55 0.82
1.35 0.56 0.86
1.36 0.56 0.88
1.35 0.55 0.88
1.35 0.57 0.86
1.36 0.57 0.88
1.37 0.55 0.85
1.36 0.56 0.85
1.36 0.55 0.84
1.36 0.55 0.83
1.36 0.55 0.8
1.37 0.56 0.87
1.37 0.57 0.86
1.36 0.55 0.87
1.35 0.52 0.88
1.35 0.51 0.88
1.36 0.51 0.87
1.36 0.51 0.87
1.36 0.51 0.86
1.36 0.53 0.85
1.37 0.56 0.86
1.37 0.56 0.86
1.37 0.55 0.84
1.37 0.54 0.86
1.37 0.57 0.85
1.36 0.54 0.86
1.36 0.56 0.88
1.35 0.54 0.89
1.36 0.56 0.87
1.35 0.53 0.86
1.35 0.55 0.85
1.35 0.56 0.85
1.36 0.53 0.84
1.36 0.53 0.87
1.36 0.52 0.87
1.34 0.53 0.86
1.34 0.54 0.87
1.34 0.53 0.84
1.35 0.51 0.88
1.34 0.49 0.87
1.35 0.49 0.87
1.34 0.51 0.84
1.35 0.51 0.85
1.35 0.53 0.86
1.36 0.51 0.84
1.35 0.53 0.89
1.35 0.56 0.89
1.36 0.55 0.86
1.36 0.56 0.85
1.35 0.53 0.86
1.35 0.54 0.83
1.35 0.54 0.84
1.36 0.54 0.82
1.36 0.55 0.85
1.36 0.56 0.83
1.36 0.54 0.83
1.37 0.55 0.84
1.37 0.56 0.82
1.37 0.55 0.81
1.36 0.54 0.81
1.36 0.56 0.81
1.37 0.57 0.82
1.37 0.58 0.82
1.37 0.56 0.82
1.36 0.53 0.82
1.36 0.56 0.83
1.36 0.56 0.85
1.37 0.58 0.84
1.37 0.57 0.83
1.37 0.54 0.82
1.36 0.54 0.81
1.36 0.55 0.84
1.36 0.55 0.83
1.36 0.54 0.83
1.36 0.55 0.82
1.35 0.55 0.9
1.36 0.52 0.9
1.35 0.55 0.89
1.35 0.56 0.9
1.35 0.54 0.87
1.36 0.55 0.85
1.35 0.56 0.86
1.35 0.56 0.85
1.36 0.54 0.85
1.35 0.55 0.86
1.35 0.55 0.87
1.36 0.54 0.85
1.36 0.53 0.86
1.36 0.54 0.84
1.36 0.56 0.82
1.36 0.57 0.8
1.35 0.56 0.81
1.36 0.55 0.81
1.36 0.55 0.82
1.36 0.54 0.83
1.37 0.56 0.89
1.36 0.53 0.87
1.36 0.55 0.84
1.36 0.57 0.83
1.36 0.56 0.84
1.36 0.53 0.82
1.37 0.53 0.82
1.36 0.55 0.82
1.37 0.55 0.81
1.36 0.56 0.82
1.35 0.55 0.83
1.35 0.57 0.83
1.35 0.54 0.85
1.36 0.55 0.84
1.35 0.53 0.84
1.35 0.55 0.85
1.35 0.55 0.85
1.35 0.55 0.86
1.35 0.57 0.86
1.35 0.56 0.85
1.35 0.56 0.85
1.36 0.56 0.84
1.36 0.56 0.83
1.35 0.54 0.86
1.35 0.54 0.84
1.34 0.56 0.83
1.34 0.53 0.85
1.35 0.53 0.86
1.36 0.52 0.85
1.36 0.49 0.85
1.37 0.52 0.82
1.37 0.52 0.82
1.37 0.55 0.83
1.38 0.57 0.82
1.38 0.55 0.8
1.37 0.53 0.81
1.37 0.54 0.8
1.37 0.53 0.82
1.37 0.53 0.83
1.36 0.52 0.84
1.36 0.52 0.83
1.36 0.53 0.82
1.37 0.56 0.82
1.37 0.53 0.82
1.36 0.54 0.84
1.36 0.53 0.83
1.37 0.52 0.81
1.37 0.55 0.81
1.36 0.54 0.84
1.36 0.54 0.81
1.35 0.54 0.8
1.35 0.57 0.82
1.35 0.54 0.83
1.36 0.54 0.83
1.36 0.52 0.82
1.35 0.53 0.81
1.36 0.55 0.79
1.36 0.55 0.79
1.36 0.55 0.82
1.35 0.55 0.84
1.36 0.54 0.83
1.36 0.55 0.83
1.36 0.52 0.85
1.35 0.52 0.87
1.36 0.53 0.83
1.35 0.53 0.83
1.36 0.55 0.84
1.36 0.56 0.83
1.36 0.53 0.82
1.36 0.54 0.83
1.36 0.53 0.8
1.36 0.55 0.81
1.36 0.57 0.81
1.36 0.54 0.81
1.35 0.53 0.82
1.34 0.51 0.82
1.35 0.55 0.84
1.35 0.55 0.92
1.35 0.55 0.87
1.36 0.55 0.86
1.35 0.56 0.85
1.36 0.54 0.83
1.36 0.54 0.82
1.36 0.56 0.82
1.36 0.55 0.84
1.34 0.54 0.9
1.34 0.57 0.89
1.34 0.52 0.87
1.35 0.55 0.85
1.36 0.58 0.86
1.35 0.56 0.94
1.35 0.56 0.97
1.35 0.55 0.91
1.36 0.55 0.89
1.36 0.54 0.86
1.36 0.55 0.84
1.36 0.55 0.82
1.36 0.57 0.84
1.36 0.53 0.82
1.35 0.55 0.82
1.35 0.56 0.81
1.35 0.53 0.81
1.36 0.55 0.81
1.36 0.56 0.88
1.35 0.55 0.87
1.35 0.55 0.93
1.34 0.57 0.92
1.35 0.57 0.9
1.35 0.59 0.9
1.37 0.59 0.87
1.36 0.61 0.88
1.37 0.6 0.86
1.36 0.55 0.88
1.36 0.56 0.87
1.35 0.57 0.85
1.36 0.56 0.83
1.36 0.56 0.85
1.37 0.58 0.87
1.36 0.56 0.89
1.35 0.54 0.94
1.35 0.55 0.91
1.36 0.54 0.9
1.36 0.54 0.87
1.36 0.55 0.85
1.36 0.54 0.83
1.35 0.52 0.89
1.35 0.53 0.86
1.36 0.54 0.85
1.36 0.56 0.84
1.37 0.55 0.82
1.36 0.57 0.8
1.37 0.56 0.8
1.36 0.59 0.86
1.36 0.6 0.85
1.35 0.59 0.84
1.36 0.56 0.83
1.36 0.56 0.83
1.36 0.53 0.83
1.36 0.54 0.83
1.35 0.57 0.86
1.36 0.54 0.86
1.36 0.53 0.88
1.36 0.54 0.85
1.35 0.55 0.87
1.35 0.53 0.86
1.35 0.53 0.89
1.35 0.54 0.93
1.35 0.56 0.9
1.34 0.52 0.9
1.35 0.53 0.86
1.35 0.55 0.85
1.36 0.55 0.81
1.36 0.58 0.84
1.37 0.58 0.84
1.37 0.56 0.82
1.36 0.53 0.8
1.36 0.56 0.83
1.36 0.55 0.83
1.37 0.55 0.82
1.36 0.59 0.83
1.37 0.58 0.82
1.37 0.59 0.86
1.36 0.55 0.87
1.37 0.54 0.84
1.37 0.54 0.82
1.37 0.55 0.81
1.38 0.58 0.82
1.38 0.6 0.82
1.37 0.59 0.84
1.37 0.61 0.84
1.38 0.56 0.87
1.37 0.56 0.86
1.37 0.56 0.85
1.37 0.55 0.84
1.36 0.54 0.9
1.36 0.55 0.87
1.36 0.52 0.88
1.37 0.51 0.86
1.37 0.52 0.85
1.37 0.55 0.85
1.36 0.54 0.9
1.37 0.57 0.87
1.36 0.6 0.88
1.36 0.57 0.86
1.36 0.58 0.85
1.36 0.57 0.84
1.36 0.58 0.86
1.35 0.56 0.86
1.36 0.54 0.84
1.35 0.57 0.85
1.36 0.54 0.83
1.36 0.56 0.85
1.36 0.55 0.82
1.36 0.55 0.82
1.35 0.54 0.8
1.35 0.54 0.85
1.35 0.53 0.84
1.35 0.54 0.83
1.35 0.52 0.83
1.35 0.52 0.82
1.35 0.49 0.84
1.35 0.5 0.91
1.35 0.53 0.91
1.35 0.55 0.97
1.35 0.56 0.93
1.34 0.55 0.96
1.35 0.56 0.91
1.36 0.58 0.88
1.36 0.54 0.85
1.36 0.56 0.83
1.36 0.56 0.87
1.36 0.52 0.87
1.37 0.52 0.83
1.38 0.56 0.82
1.37 0.52 0.83
1.36 0.52 0.81
1.36 0.54 0.8
1.36 0.54 0.86
1.36 0.54 0.86
1.36 0.56 0.83
1.38 0.55 0.83
1.38 0.55 0.82
1.38 0.56 0.8
1.37 0.52 0.83
1.36 0.53 0.82
1.37 0.53 0.81
1.38 0.58 0.83
1.38 0.56 0.83
1.37 0.53 0.82
1.37 0.54 0.82
1.37 0.54 0.8
1.37 0.55 0.82
1.36 0.56 0.9
1.35 0.55 0.9
1.34 0.53 0.87
1.34 0.55 0.85
1.36 0.53 0.85
1.36 0.54 0.93
1.36 0.53 0.9
1.36 0.56 0.87
1.35 0.54 0.92
1.35 0.55 0.91
1.36 0.55 0.87
1.36 0.53 0.86
1.35 0.53 0.83
1.36 0.53 0.84
1.36 0.55 0.82
1.37 0.55 0.89
1.37 0.57 0.87
1.36 0.56 0.84
1.36 0.52 0.83
1.36 0.53 0.82
1.37 0.55 0.81
1.37 0.54 0.81
1.37 0.56 0.84
1.37 0.58 0.83
1.37 0.59 0.88
1.36 0.58 0.9
1.37 0.54 0.86
1.37 0.55 0.83
1.36 0.56 0.85
1.36 0.56 0.83
1.36 0.55 0.82
1.36 0.55 0.87
1.36 0.54 0.87
1.36 0.56 0.87
1.36 0.57 0.9
1.35 0.54 0.9
1.35 0.54 0.87
1.35 0.54 0.87
1.36 0.55 0.84
1.36 0.54 0.83
1.36 0.54 0.84
1.36 0.55 0.87
1.37 0.55 0.85
1.36 0.57 0.84
1.36 0.56 0.84
1.35 0.55 0.85
1.35 0.57 0.84
1.35 0.56 0.84
1.35 0.57 0.85
1.34 0.56 0.91
1.35 0.53 0.89
1.35 0.52 0.89
1.35 0.54 0.86
1.35 0.55 0.84
1.35 0.53 0.83
1.35 0.55 0.82
1.35 0.56 0.8
1.35 0.53 0.81
1.35 0.52 0.81
1.36 0.52 0.81
1.36 0.55 0.81
1.36 0.57 0.83
1.36 0.54 0.82
1.36 0.55 0.82
1.35 0.56 0.85
1.35 0.51 0.87
1.36 0.53 0.85
1.36 0.53 0.84
1.35 0.52 0.83
1.35 0.54 0.8
1.34 0.54 0.81
1.35 0.54 0.82
1.35 0.57 0.83
1.34 0.54 0.82
1.34 0.53 0.82
1.35 0.54 0.81
1.36 0.55 0.79
1.36 0.56 0.87
1.36 0.56 0.85
1.36 0.56 0.84
1.37 0.55 0.83
1.38 0.58 0.81
1.37 0.58 0.81
1.37 0.57 0.8
1.37 0.55 0.81
1.36 0.57 0.88
1.37 0.57 0.85
1.37 0.58 0.84
1.36 0.56 0.84
1.37 0.57 0.82
1.37 0.57 0.81
1.36 0.56 0.81
1.36 0.54 0.83
1.37 0.55 0.82
1.36 0.56 0.82
1.37 0.56 0.85
1.35 0.54 0.86
1.35 0.55 0.87
1.36 0.56 0.85
1.38 0.58 0.81
1.36 0.57 0.88
1.36 0.54 0.91
1.35 0.54 0.89
1.34 0.55 0.88
1.36 0.54 0.86
1.36 0.56 0.86
1.36 0.56 0.85
1.36 0.55 0.82
1.35 0.55 0.83
1.36 0.55 0.84
1.37 0.55 0.84
1.36 0.56 0.83
1.36 0.56 0.82
1.36 0.56 0.83
1.36 0.54 0.84
1.36 0.55 0.82
1.35 0.56 0.8
1.35 0.57 0.8
1.34 0.55 0.79
1.35 0.53 0.82
1.36 0.54 0.8
1.36 0.58 0.8
1.35 0.57 0.82
1.35 0.55 0.81
1.35 0.56 0.82
1.35 0.55 0.81
1.35 0.55 0.82
1.34 0.58 0.81
1.34 0.55 0.83
1.34 0.54 0.84
1.34 0.54 0.86
1.34 0.55 0.83
1.35 0.56 0.89
1.35 0.55 0.95
1.35 0.58 0.91
1.34 0.57 0.89
1.35 0.58 0.9
1.35 0.59 0.87
1.36 0.57 0.83
1.34 0.54 0.86
1.35 0.54 0.83
1.35 0.56 0.85
1.35 0.54 0.84
1.36 0.54 0.82
1.36 0.52 0.83
1.36 0.55 0.82
1.36 0.54 0.84
1.34 0.53 0.84
1.35 0.56 0.82
1.35 0.53 0.85
1.36 0.54 0.82
1.36 0.57 0.82
1.36 0.57 0.81
1.35 0.57 0.79
1.35 0.58 0.82
1.35 0.57 0.83
1.34 0.59 0.79
1.35 0.56 0.81
1.35 0.53 0.85
1.35 0.57 0.86
1.35 0.56 0.83
1.36 0.54 0.81
1.35 0.54 0.8
1.35 0.56 0.81
1.35 0.57 0.8
1.35 0.58 0.84
1.34 0.59 0.85
1.35 0.57 0.84
1.36 0.56 0.83
1.35 0.55 0.83
1.35 0.57 0.83
1.35 0.53 0.83
1.34 0.52 0.85
1.35 0.56 0.85
1.35 0.52 0.83
1.34 0.52 0.84
1.34 0.55 0.85
1.34 0.54 0.83
1.34 0.56 0.8
1.36 0.57 0.83
1.36 0.54 0.82
1.36 0.55 0.82
1.36 0.54 0.81
1.36 0.55 0.81
1.36 0.54 0.81
1.37 0.56 0.8
1.37 0.52 0.82
1.36 0.52 0.82
1.36 0.54 0.92
1.36 0.55 0.87
1.36 0.53 0.89
1.35 0.53 0.87
1.36 0.53 0.85
1.36 0.54 0.91
1.36 0.52 0.91
1.36 0.55 0.88
1.37 0.55 0.85
1.36 0.55 0.83
1.36 0.56 0.83
1.36 0.56 0.84
1.36 0.53 0.87
1.36 0.53 0.85
1.36 0.56 0.84
1.36 0.53 0.85
1.35 0.53 0.86
1.35 0.54 0.87
1.35 0.54 0.84
1.35 0.55 0.81
1.35 0.57 0.82
1.34 0.56 0.84
1.34 0.55 0.86
1.35 0.55 0.93
1.35 0.54 0.9
1.34 0.54 0.95
1.34 0.56 0.92
1.35 0.57 0.91
1.34 0.55 0.88
1.34 0.56 0.88
1.34 0.55 0.87
1.35 0.56 0.85
1.35 0.56 0.85
1.35 0.55 0.82
1.35 0.54 0.82
1.34 0.55 0.82
1.35 0.55 0.88
1.35 0.55 0.87
1.36 0.56 0.85
1.35 0.56 0.91
1.35 0.55 0.88
1.35 0.53 0.87
1.36 0.54 0.85
1.36 0.56 0.85
1.35 0.55 0.83
1.35 0.55 0.84
1.36 0.55 0.83
1.36 0.53 0.84
1.36 0.55 0.84
1.35 0.55 0.82
1.34 0.56 0.9
1.36 0.55 0.86
1.35 0.56 0.87
1.35 0.58 0.87
1.35 0.54 0.88
1.35 0.55 0.86
1.36 0.55 0.84
1.36 0.56 0.86
1.37 0.57 0.91
1.36 0.54 0.9
1.36 0.54 0.89
1.36 0.55 0.86
1.35 0.56 0.86
1.35 0.53 0.88
1.35 0.53 0.86
1.35 0.55 0.85
1.35 0.54 0.83
1.35 0.56 0.82
1.35 0.54 0.82
1.35 0.53 0.81
1.35 0.54 0.8
1.35 0.53 0.83
1.35 0.54 0.86
1.36 0.55 0.84
1.36 0.55 0.91
1.35 0.54 0.97
1.36 0.55 0.93
1.36 0.55 0.89
1.36 0.61 0.89
1.36 0.59 0.87
1.36 0.55 0.84
1.36 0.53 0.82
1.37 0.54 0.79
1.36 0.53 0.8
1.36 0.53 0.8
1.35 0.53 0.81
1.35 0.54 0.81
1.34 0.53 0.84
1.35 0.53 0.83
1.35 0.55 0.83
1.35 0.56 0.83
1.35 0.54 0.84
1.36 0.54 0.85
1.36 0.55 0.82
1.36 0.54 0.82
1.36 0.56 0.83
1.36 0.54 0.81
1.36 0.54 0.8
1.36 0.52 0.82
1.36 0.52 0.81
1.35 0.53 0.83
1.35 0.53 0.85
1.35 0.53 0.86
1.35 0.54 0.85
1.35 0.53 0.83
1.35 0.54 0.82
1.35 0.55 0.81
1.35 0.57 0.82
1.35 0.56 0.87
1.34 0.54 0.88
1.35 0.54 0.84
1.34 0.54 0.82
1.35 0.54 0.81
1.36 0.51 0.86
1.35 0.51 0.85
1.35 0.51 0.83
1.35 0.52 0.85
1.36 0.55 0.88
1.36 0.57 0.87
1.35 0.54 0.86
1.34 0.54 0.84
1.34 0.55 0.84
1.35 0.57 0.82
1.36 0.57 0.81
1.36 0.55 0.79
1.36 0.55 0.87
1.36 0.54 0.85
1.36 0.59 0.88
1.36 0.58 0.88
1.36 0.57 0.92
1.35 0.56 0.91
1.35 0.54 0.88
1.35 0.53 0.85
1.33 0.57 0.88
1.34 0.55 0.88
1.34 0.54 0.84
1.35 0.54 0.84
1.35 0.54 0.86
1.36 0.55 0.93
1.36 0.54 0.91
1.36 0.55 0.9
1.36 0.55 0.88
1.36 0.55 0.85
1.35 0.54 0.84
1.36 0.52 0.84
1.36 0.55 0.83
1.36 0.57 0.84
1.36 0.59 0.84
1.36 0.57 0.87
1.35 0.58 0.85
1.35 0.55 0.84
1.36 0.53 0.85
1.36 0.55 0.88
1.36 0.55 0.87
1.36 0.58 0.85
1.36 0.58 0.83
1.36 0.56 0.81
1.34 0.52 0.88
1.34 0.54 0.87
1.34 0.54 0.86
1.35 0.55 0.84
1.34 0.56 0.85
1.34 0.54 0.88
1.35 0.53 0.87
1.35 0.53 0.86
1.36 0.55 0.85
1.36 0.58 0.85
1.36 0.57 0.82
1.36 0.57 0.86
1.36 0.58 0.88
1.36 0.54 0.86
1.37 0.53 0.85
1.37 0.54 0.84
1.36 0.53 0.85
1.36 0.53 0.83
1.35 0.53 0.83
1.36 0.55 0.83
1.36 0.54 0.85
1.36 0.53 0.85
1.36 0.52 0.84
1.36 0.52 0.81
1.36 0.52 0.83
1.36 0.57 0.86
1.36 0.57 0.86
1.37 0.59 0.88
1.37 0.55 0.87
1.37 0.54 0.87
1.36 0.56 0.86
1.36 0.58 0.86
1.35 0.55 0.86
1.35 0.53 0.84
1.35 0.54 0.82
1.35 0.54 0.83
1.36 0.53 0.82
1.36 0.53 0.87
1.35 0.52 0.86
1.35 0.53 0.91
1.35 0.54 0.88
1.34 0.54 0.88
1.35 0.54 0.87
1.36 0.56 0.86
1.36 0.57 0.85
1.37 0.55 0.84
1.36 0.58 0.85
1.35 0.55 0.85
1.35 0.55 0.92
1.36 0.55 0.9
1.36 0.58 0.85
1.35 0.54 0.88
1.35 0.54 0.86
1.35 0.55 0.87
1.36 0.58 0.84
1.36 0.55 0.83
1.35 0.55 0.86
1.35 0.55 0.86
1.36 0.53 0.84
1.37 0.55 0.81
1.36 0.55 0.84
1.36 0.53 0.84
1.36 0.53 0.84
1.36 0.54 0.81
1.36 0.57 0.8
1.35 0.54 0.81
1.34 0.54 0.82
1.34 0.57 0.84
1.35 0.55 0.85
1.35 0.54 0.84
1.36 0.54 0.82
1.36 0.54 0.82
1.36 0.52 0.83
1.37 0.51 0.82
1.37 0.53 0.81
1.37 0.54 0.8
1.36 0.54 0.88
1.37 0.54 0.85
1.36 0.55 0.86
1.36 0.54 0.83
1.38 0.56 0.82
1.37 0.55 0.82
1.36 0.55 0.9
1.36 0.55 0.86
1.35 0.53 0.88
1.35 0.54 0.85
1.35 0.57 0.88
1.35 0.56 0.88
1.35 0.58 0.88
1.35 0.56 0.87
1.35 0.54 0.86
1.35 0.57 0.87
1.34 0.54 0.85
1.35 0.54 0.91
1.35 0.53 0.9
1.35 0.53 0.96
1.35 0.54 0.95
1.35 0.52 0.97
1.34 0.51 0.92
1.34 0.51 0.91
1.35 0.52 0.91
1.35 0.55 0.92
1.35 0.56 0.9
1.35 0.52 0.89
1.36 0.53 0.86
1.35 0.56 0.88
1.35 0.52 0.88
1.35 0.53 0.93
1.35 0.53 0.88
1.36 0.53 0.86
1.36 0.51 0.89
1.36 0.52 0.86
1.35 0.52 0.83
1.35 0.52 0.83
1.36 0.53 0.81
1.36 0.53 0.82
1.36 0.54 0.82
1.37 0.56 0.83
1.37 0.51 0.82
1.38 0.52 0.81
1.37 0.53 0.81
1.37 0.54 0.8
1.37 0.53 0.82
1.37 0.55 0.88
1.37 0.55 0.93
1.36 0.56 0.91
1.37 0.56 0.91
1.36 0.53 0.88
1.37 0.56 0.86
1.36 0.55 0.86
1.35 0.56 0.85
1.35 0.55 0.85
1.35 0.55 0.84
1.35 0.55 0.81
1.35 0.53 0.84
1.36 0.55 0.82
1.36 0.56 0.84
1.36 0.54 0.82
1.36 0.55 0.8
1.36 0.56 0.8
1.36 0.56 0.78
1.35 0.55 0.83
1.35 0.54 0.81
1.34 0.54 0.83
1.35 0.55 0.82
1.35 0.56 0.82
1.34 0.53 0.83
1.35 0.55 0.85
1.35 0.54 0.83
1.35 0.51 0.85
1.35 0.51 0.93
1.35 0.51 0.88
1.35 0.52 0.86
1.34 0.53 0.89
1.34 0.55 0.91
1.36 0.54 0.89
1.36 0.52 0.9
1.36 0.53 0.89
1.36 0.53 0.87
1.36 0.53 0.86
1.36 0.54 0.83
1.36 0.56 0.84
1.35 0.54 0.84
1.36 0.52 0.82
1.36 0.53 0.83
1.37 0.54 0.89
1.36 0.53 0.89
1.36 0.55 0.87
1.34 0.55 0.84
1.34 0.56 0.84
1.34 0.54 0.83
1.34 0.52 0.85
1.36 0.52 0.85
1.36 0.53 0.91
1.36 0.51 0.89
1.36 0.52 0.87
1.36 0.53 0.85
1.36 0.56 0.86
1.36 0.56 0.87
1.36 0.56 0.89
1.36 0.56 0.87
1.36 0.55 0.84
1.36 0.57 0.83
1.35 0.56 0.84
1.35 0.57 0.85
1.35 0.57 0.84
1.35 0.6 0.9
1.35 0.58 0.9
1.35 0.57 0.93
1.35 0.57 0.94
1.34 0.56 0.94
1.35 0.53 0.94
1.34 0.53 0.9
1.33 0.53 0.88
1.34 0.56 0.87
1.33 0.53 0.87
1.34 0.54 0.93
1.34 0.53 0.87
1.35 0.52 0.88
1.35 0.54 0.87
1.35 0.56 0.85
1.36 0.55 0.84
1.36 0.53 0.88
1.35 0.54 0.95
1.36 0.54 0.9
1.37 0.53 0.89
1.37 0.55 0.86
1.36 0.57 0.86
1.35 0.56 0.84
1.35 0.56 0.82
1.35 0.55 0.87
1.35 0.55 0.93
1.35 0.54 0.9
1.35 0.57 0.88
1.35 0.53 0.89
1.36 0.51 0.88
1.36 0.51 0.88
1.36 0.51 0.86
1.35 0.53 0.84
1.34 0.51 0.84
1.34 0.51 0.84
1.34 0.52 0.91
1.33 0.54 0.92
1.34 0.53 0.9
1.35 0.52 0.87
1.35 0.53 0.86
1.35 0.54 0.84
1.35 0.53 0.81
1.35 0.52 0.83
1.35 0.54 0.83
1.35 0.53 0.81
1.35 0.54 0.81
1.35 0.57 0.83
1.34 0.54 0.82
1.34 0.54 0.81
1.34 0.56 0.81
1.34 0.53 0.86
1.35 0.53 0.83
1.35 0.53 0.81
1.35 0.54 0.81
1.35 0.55 0.8
1.35 0.57 0.84
1.35 0.57 0.82
1.35 0.59 0.83
1.35 0.55 0.84
1.34 0.54 0.84
1.35 0.55 0.82
1.35 0.56 0.81
1.35 0.58 0.83
1.35 0.54 0.87
1.36 0.54 0.84
1.36 0.55 0.86
1.35 0.58 0.86
1.35 0.58 0.89
1.34 0.57 0.86
1.34 0.57 0.85
1.35 0.58 0.86
1.36 0.56 0.86
1.35 0.55 0.86
1.35 0.56 0.84
1.37 0.55 0.83
1.36 0.57 0.84
1.35 0.54 0.85
1.34 0.55 0.86
1.34 0.55 0.87
1.34 0.55 0.88
1.35 0.57 0.87
1.35 0.53 0.86
1.35 0.54 0.83
1.35 0.55 0.86
1.35 0.54 0.87
1.35 0.53 0.9
1.34 0.53 0.88
1.34 0.55 0.86
1.35 0.56 0.86
1.35 0.58 0.86
1.36 0.56 0.82
1.37 0.55 0.81
1.37 0.55 0.79
1.36 0.53 0.83
1.36 0.53 0.84
1.35 0.55 0.86
1.35 0.57 0.9
1.35 0.56 0.89
1.35 0.53 0.88
1.36 0.53 0.87
1.36 0.54 0.87
1.35 0.54 0.92
1.35 0.58 0.91
1.36 0.54 0.9
1.35 0.53 0.89
1.35 0.54 0.86
1.36 0.56 0.85
1.36 0.57 0.87
1.36 0.53 0.89
1.36 0.53 0.86
1.36 0.55 0.83
1.36 0.58 0.85
1.36 0.58 0.85
1.36 0.56 0.86
1.36 0.57 0.86
1.34 0.53 0.89
1.35 0.54 0.87
1.35 0.5 0.86
1.36 0.52 0.87
1.36 0.51 0.84
1.35 0.54 0.85
1.35 0.6 0.89
1.35 0.59 0.87
1.35 0.57 0.85
1.35 0.56 0.89
1.35 0.55 0.89
1.36 0.55 0.85
1.36 0.54 0.84
1.35 0.54 0.85
1.36 0.53 0.83
1.35 0.55 0.83
1.34 0.55 0.86
1.34 0.55 0.84
1.34 0.56 0.84
1.34 0.53 0.86
1.34 0.54 0.86
1.33 0.54 0.86
1.34 0.59 0.88
1.34 0.56 0.88
1.33 0.55 0.87
1.35 0.56 0.84
1.35 0.54 0.84
1.35 0.54 0.83
1.35 0.55 0.82
1.35 0.56 0.84
1.35 0.56 0.83
1.34 0.54 0.82
1.36 0.55 0.81
1.37 0.53 0.83
1.36 0.53 0.84
1.36 0.53 0.83
1.35 0.52 0.89
1.35 0.54 0.89
1.35 0.53 0.88
1.36 0.55 0.86
1.36 0.56 0.87
1.36 0.53 0.88
1.36 0.53 0.92
1.36 0.53 0.89
1.36 0.54 0.86
1.36 0.58 0.87
1.36 0.56 0.87
1.35 0.53 0.87
1.36 0.57 0.9
1.35 0.56 0.89
1.35 0.51 0.89
1.35 0.52 0.86
1.36 0.54 0.86
1.37 0.55 0.85
1.37 0.56 0.84
1.37 0.54 0.86
1.37 0.54 0.84
1.37 0.54 0.83
1.37 0.55 0.81
1.38 0.56 0.8
1.37 0.57 0.8
1.37 0.59 0.86
1.37 0.56 0.87
1.37 0.56 0.88
1.37 0.55 0.87
1.37 0.54 0.89
1.36 0.55 0.86
1.36 0.53 0.84
1.36 0.54 0.84
1.35 0.57 0.83
1.35 0.54 0.82
1.35 0.54 0.81
1.35 0.55 0.81
1.35 0.55 0.83
1.35 0.54 0.83
1.35 0.54 0.83
1.35 0.54 0.84
1.35 0.53 0.93
1.35 0.53 0.9
1.36 0.52 0.88
1.37 0.52 0.87
1.37 0.52 0.84
1.37 0.52 0.85
1.37 0.51 0.85
1.37 0.51 0.86
1.36 0.52 0.86
1.36 0.54 0.84
1.36 0.54 0.84
1.36 0.54 0.84
1.35 0.53 0.85
1.35 0.55 0.82
1.35 0.56 0.81
1.35 0.53 0.82
1.35 0.54 0.82
1.35 0.58 0.84
1.35 0.57 0.84
1.35 0.55 0.84
1.35 0.56 0.82
1.36 0.53 0.82
1.36 0.51 0.85
1.36 0.53 0.85
1.35 0.53 0.84
1.35 0.54 0.83
1.34 0.56 0.85
1.34 0.53 0.86
1.34 0.55 0.86
1.34 0.56 0.85
1.34 0.55 0.83
1.34 0.53 0.86
1.35 0.55 0.84
1.34 0.56 0.91
1.35 0.55 0.9
1.35 0.57 0.89
1.35 0.56 0.89
1.35 0.55 0.86
1.35 0.55 0.84
1.35 0.54 0.86
1.35 0.53 0.92
1.35 0.53 0.9
1.35 0.52 0.9
1.34 0.52 0.94
1.34 0.53 0.92
1.35 0.53 0.89
1.35 0.55 0.89
1.36 0.55 0.88
1.35 0.56 0.91
1.35 0.53 0.93
1.34 0.56 0.91
1.35 0.56 0.89
1.35 0.56 0.95
1.35 0.55 0.9
1.36 0.56 0.87
1.36 0.55 0.87
1.35 0.55 0.87
1.35 0.55 0.89
1.36 0.54 0.84
1.35 0.55 0.84
1.36 0.54 0.83
1.36 0.56 0.84
1.37 0.54 0.84
1.37 0.57 0.88
1.36 0.54 0.86
1.36 0.53 0.83
1.36 0.52 0.85
1.36 0.53 0.85
1.36 0.53 0.86
1.37 0.55 0.86
1.36 0.57 0.85
1.36 0.56 0.84
1.36 0.55 0.81
1.36 0.55 0.81
1.36 0.56 0.79
1.36 0.55 0.79
1.36 0.51 0.81
1.37 0.52 0.81
1.36 0.54 0.8
1.37 0.53 0.79
1.36 0.54 0.87
1.36 0.54 0.88
1.37 0.53 0.85
1.36 0.55 0.85
1.36 0.57 0.85
1.36 0.57 0.86
1.36 0.58 0.85
1.37 0.57 0.85
1.37 0.53 0.86
1.37 0.53 0.84
1.37 0.51 0.85
1.36 0.55 0.85
1.36 0.55 0.85
1.36 0.56 0.86
1.37 0.55 0.83
1.38 0.57 0.86
1.37 0.55 0.86
1.37 0.56 0.86
1.38 0.54 0.85
1.36 0.54 0.86
1.37 0.53 0.86
1.37 0.54 0.85
1.37 0.56 0.85
1.36 0.54 0.85
1.36 0.54 0.87
1.36 0.55 0.84
1.37 0.56 0.9
1.37 0.57 0.88
1.37 0.55 0.86
1.36 0.56 0.85
1.36 0.55 0.87
1.36 0.56 0.86
1.35 0.56 0.84
1.36 0.55 0.83
1.35 0.56 0.84
1.35 0.54 0.85
1.35 0.56 0.87
1.35 0.56 0.85
1.35 0.54 0.84
1.35 0.55 0.82
1.35 0.51 0.84
1.36 0.49 0.86
1.36 0.53 0.86
1.36 0.54 0.84
1.36 0.56 0.83
1.36 0.55 0.82
1.36 0.56 0.84
1.35 0.51 0.88
1.35 0.54 0.86
1.34 0.57 0.88
1.35 0.53 0.93
1.35 0.53 0.89
1.36 0.55 0.86
1.36 0.56 0.86
1.36 0.54 0.85
1.36 0.58 0.86
1.35 0.56 0.86
1.35 0.57 0.88
1.36 0.57 0.87
1.36 0.55 0.85
1.35 0.56 0.85
1.36 0.55 0.85
1.36 0.56 0.83
1.36 0.58 0.83
1.35 0.56 0.85
1.35 0.54 0.85
1.35 0.55 0.86
1.35 0.57 0.86
1.36 0.51 0.82
1.35 0.51 0.82
1.34 0.52 0.92
1.35 0.53 0.89
1.35 0.55 0.96
1.35 0.55 0.93
1.35 0.56 0.92
1.35 0.56 0.89
1.35 0.56 0.88
1.36 0.55 0.85
1.35 0.56 0.84
1.35 0.54 0.84
1.35 0.55 0.82
1.36 0.58 0.82
1.36 0.55 0.83
1.36 0.54 0.83
1.36 0.55 0.81
1.35 0.55 0.89
1.36 0.56 0.84
1.37 0.55 0.83
1.37 0.55 0.84
1.36 0.58 0.85
1.36 0.56 0.84
1.37 0.58 0.84
1.36 0.55 0.86
1.36 0.58 0.86
1.36 0.54 0.88
1.37 0.54 0.86
1.36 0.52 0.86
1.37 0.53 0.86
1.36 0.54 0.86
1.36 0.55 0.86
1.36 0.57 0.83
1.36 0.57 0.83
1.37 0.57 0.81
1.37 0.57 0.82
1.36 0.55 0.84
1.35 0.55 0.83
1.35 0.59 0.88
1.35 0.58 0.86
1.35 0.57 0.86
1.37 0.55 0.85
1.35 0.56 0.85
1.36 0.56 0.82
1.36 0.53 0.84
1.35 0.55 0.86
1.36 0.56 0.85
1.36 0.56 0.87
1.36 0.54 0.87
1.36 0.53 0.87
1.37 0.53 0.85
1.37 0.52 0.82
1.37 0.53 0.81
1.37 0.52 0.8
1.36 0.54 0.89
1.37 0.53 0.86
1.37 0.52 0.85
1.37 0.51 0.85
1.37 0.55 0.84
1.36 0.53 0.85
1.36 0.55 0.86
1.36 0.56 0.88
1.36 0.53 0.9
1.36 0.55 0.88
1.35 0.58 0.89
1.35 0.6 0.9
1.36 0.6 0.88
1.36 0.6 0.87
1.36 0.61 0.89
1.36 0.6 0.89
1.36 0.56 0.9
1.35 0.53 0.9
1.36 0.52 0.91
1.36 0.53 0.88
1.36 0.53 0.86
1.36 0.53 0.88
1.35 0.52 0.88
1.35 0.53 0.86
1.35 0.55 0.83
1.35 0.56 0.85
1.36 0.54 0.83
1.36 0.53 0.82
1.36 0.54 0.81
1.36 0.51 0.81
1.34 0.54 0.82
1.35 0.53 0.83
1.35 0.56 0.84
1.35 0.56 0.82
1.35 0.57 0.81
1.35 0.56 0.8
1.35 0.54 0.82
1.34 0.55 0.81
1.34 0.54 0.81
1.35 0.55 0.8
1.34 0.55 0.8
1.35 0.57 0.81
1.35 0.55 0.81
1.36 0.56 0.81
1.36 0.55 0.8
1.36 0.54 0.82
1.36 0.55 0.83
1.36 0.56 0.84
1.35 0.52 0.86
1.35 0.54 0.87
1.36 0.56 0.88
1.35 0.54 0.89
1.36 0.53 0.85
1.36 0.53 0.92
1.36 0.53 0.9
1.36 0.54 0.89
1.36 0.54 0.86
1.35 0.55 0.85
1.35 0.56 0.86
1.35 0.53 0.86
1.35 0.56 0.86
1.35 0.57 0.89
1.35 0.59 0.9
1.35 0.58 0.87
1.35 0.58 0.85
1.36 0.56 0.84
1.36 0.58 0.84
1.35 0.56 0.84
1.35 0.55 0.81
1.36 0.55 0.82
1.36 0.55 0.81
1.36 0.56 0.83
1.35 0.57 0.83
1.35 0.56 0.82
1.34 0.56 0.8
1.34 0.56 0.83
1.35 0.57 0.85
1.34 0.54 0.83
1.34 0.58 0.85
1.34 0.58 0.91
1.34 0.57 0.9
1.35 0.56 0.88
1.36 0.56 0.84
1.36 0.53 0.85
1.37 0.53 0.84
1.37 0.54 0.83
1.38 0.53 0.83
1.38 0.54 0.82
1.37 0.55 0.8
1.37 0.55 0.8
1.36 0.57 0.81
1.37 0.57 0.82
1.37 0.54 0.82
1.37 0.58 0.81
1.38 0.57 0.81
1.37 0.54 0.81
1.37 0.52 0.83
1.35 0.52 0.83
1.36 0.52 0.82
1.37 0.54 0.81
1.37 0.53 0.8
1.36 0.53 0.8
1.37 0.53 0.79
1.37 0.53 0.8
1.36 0.56 0.81
1.37 0.52 0.81
1.37 0.53 0.8
1.37 0.54 0.8
1.36 0.56 0.79
1.36 0.56 0.77
1.35 0.54 0.81
1.36 0.56 0.82
1.36 0.57 0.81
1.37 0.58 0.8
1.36 0.56 0.89
1.36 0.55 0.87
1.36 0.52 0.87
1.36 0.5 0.86
1.36 0.51 0.84
1.37 0.53 0.83
1.36 0.54 0.84
1.36 0.55 0.83
1.36 0.53 0.81
1.36 0.54 0.81
1.36 0.54 0.81
1.36 0.54 0.89
1.37 0.54 0.97
1.36 0.54 0.92
1.36 0.56 0.89
1.36 0.56 0.86
1.37 0.53 0.84
1.37 0.55 0.82
1.37 0.55 0.8
1.36 0.57 0.83
1.35 0.56 0.83
1.35 0.55 0.83
1.35 0.54 0.83
1.35 0.53 0.84
1.35 0.51 0.84
1.36 0.54 0.86
1.36 0.52 0.85
1.36 0.51 0.89
1.35 0.54 0.88
1.35 0.54 0.88
1.35 0.57 0.88
1.34 0.55 0.87
1.33 0.57 0.9
1.33 0.55 0.89
1.34 0.55 0.9
1.35 0.56 0.87
1.35 0.56 0.86
1.35 0.55 0.86
1.36 0.55 0.93
1.36 0.54 0.9
1.36 0.53 0.88
1.36 0.54 0.86
1.36 0.55 0.86
1.36 0.52 0.88
1.36 0.51 0.86
1.36 0.54 0.84
1.36 0.54 0.83
1.36 0.55 0.83
1.35 0.53 0.83
1.35 0.54 0.88
1.35 0.56 0.87
1.36 0.54 0.86
1.35 0.55 0.87
1.34 0.54 0.86
1.34 0.57 0.86
1.34 0.56 0.87
1.34 0.54 0.88
1.35 0.53 0.89
1.35 0.53 0.88
1.35 0.54 0.84
1.36 0.54 0.84
1.35 0.53 0.82
1.35 0.55 0.84
1.36 0.56 0.82
1.35 0.55 0.83
1.35 0.55 0.82
1.35 0.56 0.83
1.35 0.56 0.83
1.35 0.54 0.84
1.35 0.54 0.82
1.34 0.54 0.82
1.34 0.53 0.83
1.35 0.54 0.82
1.35 0.53 0.81
1.35 0.54 0.8
1.35 0.54 0.8
1.36 0.54 0.8
1.35 0.56 0.83
1.34 0.53 0.84
1.35 0.53 0.84
1.35 0.56 0.85
1.35 0.55 0.85
1.35 0.55 0.84
1.36 0.54 0.83
1.36 0.52 0.82
1.36 0.51 0.83
1.36 0.52 0.82
1.37 0.5 0.85
1.36 0.5 0.85
1.36 0.52 0.85
1.35 0.52 0.86
1.36 0.54 0.84
1.35 0.57 0.89
1.35 0.55 0.86
1.35 0.57 0.86
1.36 0.6 0.88
1.36 0.59 0.87
1.36 0.52 0.85
1.36 0.53 0.84
1.36 0.55 0.82
1.36 0.54 0.82
1.36 0.56 0.82
1.36 0.56 0.83
1.35 0.53 0.84
1.35 0.54 0.85
1.35 0.56 0.84
1.35 0.54 0.84
1.35 0.53 0.84
1.35 0.56 0.82
1.35 0.56 0.81
1.35 0.57 0.81
1.35 0.55 0.88
1.35 0.55 0.87
1.35 0.53 0.84
1.35 0.54 0.84
1.36 0.52 0.85
1.35 0.56 0.9
1.36 0.56 0.88
1.36 0.53 0.86
1.36 0.56 0.87
1.36 0.56 0.86
1.36 0.55 0.83
1.36 0.58 0.86
1.35 0.59 0.87
1.36 0.59 0.88
1.36 0.57 0.93
1.35 0.56 0.9
1.34 0.54 0.91
1.34 0.54 0.9
1.34 0.53 0.9
1.34 0.54 0.88
1.35 0.53 0.87
1.35 0.54 0.85
1.35 0.53 0.87
1.35 0.54 0.84
1.35 0.54 0.83
1.36 0.57 0.83
1.36 0.55 0.84
1.35 0.55 0.84
1.36 0.55 0.83
1.36 0.57 0.83
1.36 0.57 0.92
1.35 0.56 0.89
1.36 0.53 0.87
1.36 0.54 0.86
1.36 0.53 0.85
1.35 0.55 0.84
1.35 0.58 0.87
1.36 0.55 0.86
1.35 0.57 0.85
1.36 0.54 0.86
1.35 0.53 0.86
1.34 0.55 0.87
1.34 0.56 0.87
1.34 0.58 0.89
1.35 0.56 0.86
1.35 0.54 0.87
1.34 0.55 0.85
1.35 0.57 0.85
1.34 0.58 0.85
1.34 0.56 0.85
1.35 0.57 0.84
1.35 0.55 0.84
1.35 0.53 0.83
1.35 0.53 0.82
1.35 0.53 0.83
1.34 0.52 0.83
1.36 0.54 0.82
1.34 0.51 0.83
1.34 0.5 0.81
1.34 0.52 0.81
1.34 0.53 0.84
1.35 0.55 0.83
1.35 0.53 0.84
1.35 0.54 0.89
1.36 0.54 0.88
1.36 0.54 0.88
1.36 0.54 0.87
1.36 0.52 0.84
1.35 0.53 0.82
1.35 0.52 0.81
1.36 0.5 0.81
1.35 0.51 0.82
1.35 0.49 0.83
1.35 0.5 0.83
1.35 0.51 0.82
1.35 0.51 0.83
1.35 0.51 0.86
1.36 0.53 0.85
1.35 0.54 0.84
1.36 0.56 0.83
1.36 0.55 0.82
1.36 0.54 0.84
1.36 0.53 0.85
1.35 0.53 0.85
1.36 0.53 0.84
1.37 0.53 0.84
1.36 0.52 0.86
1.36 0.53 0.94
1.36 0.54 0.89
1.36 0.54 0.9
1.36 0.55 0.87
1.36 0.53 0.89
1.36 0.53 0.87
1.36 0.51 0.9
1.36 0.53 0.87
1.36 0.54 0.84
1.37 0.55 0.82
1.36 0.57 0.83
1.35 0.55 0.82
1.35 0.55 0.81
1.34 0.56 0.83
1.33 0.52 0.86
1.33 0.53 0.86
1.34 0.52 0.84
1.35 0.53 0.82
1.34 0.54 0.83
1.34 0.55 0.84
1.35 0.56 0.83
1.35 0.55 0.92
1.35 0.55 0.88
1.35 0.53 0.89
1.35 0.52 0.87
1.35 0.53 0.83
1.35 0.52 0.82
1.36 0.52 0.84
1.36 0.53 0.82
1.36 0.53 0.81
1.35 0.56 0.81
1.36 0.53 0.79
1.35 0.53 0.77
1.35 0.53 0.77
1.35 0.51 0.79
1.34 0.53 0.81
1.34 0.55 0.83
1.34 0.56 0.83
1.34 0.53 0.82
1.35 0.53 0.81
1.34 0.54 0.81
1.35 0.54 0.79
1.35 0.53 0.79
1.36 0.52 0.81
1.35 0.54 0.81
1.35 0.54 0.83
1.35 0.53 0.84
1.36 0.56 0.84
1.36 0.55 0.86
1.35 0.53 0.85
1.35 0.54 0.85
1.35 0.53 0.84
1.34 0.55 0.86
1.35 0.55 0.84
1.35 0.54 0.84
