1.67 0.53 0.94
1.67 0.53 0.92
1.68 0.54 0.9
1.68 0.54 0.91
1.69 0.54 0.88
1.7 0.58 0.85
1.7 0.57 0.83
1.7 0.58 0.83
1.69 0.54 0.87
1.7 0.54 0.85
1.69 0.56 0.85
1.68 0.52 0.87
1.69 0.53 0.83
1.68 0.53 0.84
1.69 0.54 0.83
1.69 0.57 0.84
1.7 0.56 0.84
1.69 0.53 0.85
1.69 0.52 0.87
1.7 0.51 0.88
1.7 0.52 0.87
1.7 0.52 0.87
1.71 0.56 0.87
1.7 0.56 0.89
1.7 0.53 0.88
1.71 0.54 0.88
1.7 0.54 0.87
1.7 0.55 0.87
1.7 0.56 0.85
1.7 0.56 0.83
1.69 0.54 0.83
1.69 0.55 0.84
1.68 0.56 0.89
1.68 0.53 0.89
1.69 0.54 0.88
1.7 0.57 0.86
1.69 0.56 0.85
1.69 0.55 0.85
1.7 0.58 0.87
1.69 0.57 0.95
1.69 0.58 0.91
1.68 0.55 0.9
1.69 0.56 0.86
1.69 0.54 0.86
1.7 0.55 0.86
1.71 0.56 0.86
1.7 0.53 0.86
1.71 0.53 0.87
1.7 0.57 0.86
1.68 0.58 0.85
1.69 0.56 0.82
1.69 0.57 0.84
1.69 0.56 0.83
1.69 0.56 0.84
1.69 0.58 0.89
1.69 0.55 0.89
1.69 0.56 0.95
1.69 0.55 0.95
1.7 0.56 0.91
1.69 0.54 0.91
1.69 0.54 0.89
1.69 0.54 0.89
1.7 0.56 0.88
1.7 0.57 0.87
1.69 0.58 0.87
1.69 0.58 0.92
1.69 0.57 0.89
1.69 0.54 0.89
1.7 0.57 0.88
1.69 0.54 0.89
1.69 0.53 0.88
1.71 0.55 0.86
1.7 0.56 0.85
1.71 0.56 0.84
1.7 0.57 0.82
1.69 0.58 0.82
1.69 0.56 0.85
1.69 0.55 0.85
1.7 0.54 0.85
1.71 0.57 0.87
1.7 0.57 0.84
1.7 0.57 0.84
1.7 0.56 0.82
1.7 0.59 0.82
1.7 0.58 0.8
1.7 0.55 0.82
1.7 0.57 0.82
1.71 0.56 0.8
1.7 0.54 0.83
1.7 0.57 0.84
1.7 0.54 0.85
1.7 0.56 0.83
1.69 0.54 0.87
1.69 0.54 0.86
1.68 0.54 0.87
1.68 0.57 0.87
1.67 0.57 0.85
1.67 0.53 0.87
1.67 0.56 0.87
1.67 0.54 0.89
1.67 0.56 0.9
1.67 0.55 0.91
1.67 0.57 0.95
1.67 0.55 0.98
1.68 0.57 0.94
1.68 0.57 0.91
1.68 0.57 0.89
1.68 0.57 0.86
1.68 0.56 0.86
1.68 0.58 0.85
1.67 0.59 0.86
1.68 0.57 0.86
1.68 0.55 0.86
1.69 0.57 0.83
1.69 0.56 0.83
1.69 0.53 0.85
1.69 0.55 0.84
1.69 0.56 0.84
1.69 0.54 0.85
1.69 0.54 0.85
1.69 0.54 0.85
1.7 0.56 0.85
1.69 0.53 0.87
1.69 0.5 0.91
1.68 0.53 0.88
1.69 0.54 0.86
1.68 0.56 0.84
1.68 0.54 0.86
1.68 0.54 0.84
1.67 0.56 0.87
1.68 0.55 0.86
1.68 0.57 0.84
1.67 0.56 0.85
1.68 0.54 0.85
1.68 0.55 0.87
1.69 0.57 0.85
1.69 0.56 0.83
1.68 0.52 0.87
1.68 0.51 0.88
1.68 0.53 0.87
1.68 0.54 0.94
1.69 0.55 0.93
1.68 0.57 0.92
1.67 0.56 0.91
1.66 0.56 0.9
1.67 0.56 0.87
1.67 0.55 0.85
1.68 0.56 0.84
1.68 0.54 0.82
1.68 0.56 0.83
1.69 0.58 0.82
1.69 0.58 0.82
1.68 0.58 0.88
1.7 0.56 0.85
1.69 0.54 0.88
1.68 0.51 0.89
1.68 0.55 0.89
1.67 0.56 0.89
1.67 0.56 0.94
1.68 0.56 0.93
1.68 0.53 0.93
1.69 0.55 0.9
1.69 0.59 0.88
1.69 0.56 0.89
1.69 0.54 0.9
1.69 0.54 0.88
1.69 0.52 0.88
1.7 0.53 0.87
1.69 0.52 0.87
1.7 0.54 0.86
1.71 0.56 0.85
1.71 0.57 0.83
1.71 0.55 0.83
1.7 0.56 0.89
1.68 0.57 0.95
1.68 0.56 0.93
1.68 0.56 0.96
1.68 0.54 0.94
1.68 0.56 0.98
1.67 0.56 1.02
1.67 0.53 0.98
1.68 0.55 0.94
1.68 0.55 0.92
1.68 0.55 0.91
1.69 0.56 0.89
1.69 0.55 0.87
1.69 0.55 0.87
1.69 0.57 0.87
1.69 0.54 0.88
1.69 0.56 0.87
1.69 0.53 0.87
1.7 0.57 0.87
1.69 0.54 0.86
1.69 0.55 0.85
1.69 0.55 0.84
1.7 0.57 0.83
1.7 0.55 0.83
1.69 0.56 0.9
1.68 0.54 0.89
1.68 0.58 0.87
1.68 0.55 0.85
1.69 0.54 0.87
1.69 0.53 0.88
1.69 0.53 0.87
1.69 0.55 0.91
1.69 0.56 0.9
1.69 0.54 0.88
1.69 0.55 0.91
1.7 0.55 0.87
1.7 0.56 0.86
1.69 0.56 0.9
1.69 0.55 0.88
1.69 0.55 0.86
1.7 0.56 0.86
1.69 0.57 0.91
1.68 0.58 0.87
1.68 0.55 0.87
1.68 0.54 0.88
1.69 0.56 0.87
1.7 0.58 0.86
1.69 0.57 0.84
1.69 0.53 0.84
1.69 0.54 0.82
1.69 0.52 0.85
1.71 0.53 0.85
1.71 0.55 0.83
1.71 0.57 0.82
1.7 0.57 0.82
1.71 0.56 0.81
1.7 0.56 0.89
1.69 0.55 0.86
1.7 0.58 0.85
1.69 0.56 0.85
1.69 0.52 0.88
1.7 0.53 0.85
1.7 0.55 0.84
1.71 0.55 0.85
1.7 0.55 0.85
1.71 0.55 0.83
1.71 0.57 0.81
1.7 0.58 0.88
1.7 0.55 0.88
1.7 0.52 0.89
1.71 0.53 0.88
1.7 0.53 0.89
1.7 0.53 0.9
1.7 0.56 0.89
1.68 0.55 0.9
1.68 0.54 0.89
1.68 0.53 0.89
1.7 0.53 0.86
1.7 0.55 0.85
1.69 0.57 0.84
1.69 0.56 0.83
1.68 0.57 0.83
1.69 0.54 0.85
1.69 0.54 0.89
1.69 0.55 0.87
1.69 0.55 0.87
1.69 0.57 0.85
1.69 0.56 0.84
1.68 0.52 0.89
1.68 0.52 0.86
1.67 0.54 0.87
1.67 0.55 0.85
1.67 0.58 0.93
1.68 0.6 0.93
1.68 0.59 0.97
1.68 0.57 0.93
1.67 0.58 0.9
1.67 0.59 0.87
1.67 0.57 0.89
1.68 0.58 0.87
1.68 0.56 0.85
1.68 0.57 0.94
1.68 0.58 0.9
1.68 0.59 0.88
1.68 0.58 0.87
1.68 0.56 0.85
1.68 0.56 0.92
1.68 0.56 0.9
1.69 0.57 0.88
1.68 0.52 0.92
1.69 0.52 0.89
1.69 0.54 0.87
1.7 0.54 0.86
1.69 0.56 0.92
1.69 0.54 0.91
1.68 0.58 0.89
1.68 0.58 0.93
1.68 0.57 0.92
1.68 0.57 0.88
1.68 0.58 0.87
1.68 0.53 0.89
1.69 0.53 0.88
1.68 0.51 0.9
1.69 0.53 0.88
1.7 0.55 0.86
1.7 0.58 0.84
1.7 0.58 0.82
1.69 0.56 0.84
1.7 0.53 0.85
1.7 0.53 0.85
1.68 0.55 0.91
1.69 0.52 0.91
1.7 0.51 0.9
1.68 0.54 0.91
1.69 0.56 0.87
1.69 0.57 0.86
1.68 0.57 0.92
1.68 0.58 0.88
1.67 0.58 0.88
1.68 0.58 0.86
1.68 0.57 0.84
1.68 0.55 0.83
1.68 0.54 0.84
1.69 0.54 0.84
1.69 0.56 0.83
1.68 0.56 0.83
1.67 0.58 0.83
1.67 0.56 0.84
1.67 0.57 0.89
1.67 0.53 0.89
1.68 0.55 0.92
1.68 0.55 0.91
1.69 0.54 0.9
1.68 0.54 0.97
1.68 0.52 0.96
1.67 0.52 1
1.67 0.54 0.94
1.66 0.57 0.93
1.66 0.54 0.91
1.66 0.53 0.9
1.66 0.55 0.96
1.67 0.54 0.93
1.68 0.53 0.92
1.68 0.51 0.91
1.68 0.51 0.89
1.68 0.5 0.9
1.68 0.52 0.87
1.68 0.52 0.86
1.69 0.54 0.86
1.68 0.53 0.89
1.69 0.54 0.86
1.69 0.53 0.87
1.68 0.55 0.9
1.68 0.56 0.95
1.68 0.53 0.94
1.7 0.56 0.92
1.7 0.57 0.88
1.68 0.58 0.87
1.68 0.58 0.86
1.68 0.59 0.85
1.69 0.57 0.84
1.67 0.59 0.86
1.66 0.57 0.87
1.66 0.57 0.91
1.68 0.54 0.88
1.68 0.55 0.84
1.69 0.55 0.85
1.69 0.57 0.84
1.69 0.55 0.85
1.69 0.54 0.88
1.69 0.53 0.87
1.68 0.57 0.87
1.68 0.56 0.87
1.68 0.56 0.87
1.69 0.58 0.85
1.69 0.59 0.85
1.68 0.56 0.87
1.69 0.54 0.86
1.68 0.56 0.88
1.68 0.55 0.91
1.69 0.57 0.89
1.69 0.56 0.86
1.69 0.56 0.85
1.69 0.56 0.86
1.69 0.55 0.86
1.68 0.56 0.85
1.68 0.52 0.88
1.69 0.56 0.88
1.68 0.57 0.87
1.69 0.57 0.85
1.69 0.55 0.86
1.68 0.59 0.87
1.67 0.6 0.88
1.68 0.62 0.89
1.69 0.6 0.87
1.69 0.55 0.9
1.7 0.56 0.89
1.69 0.54 0.89
1.69 0.55 0.87
1.69 0.57 0.86
1.69 0.56 0.87
1.68 0.57 0.86
1.68 0.59 0.83
1.68 0.58 0.84
1.68 0.58 0.85
1.68 0.59 0.84
1.67 0.59 0.84
1.68 0.6 0.84
1.68 0.59 0.85
1.68 0.59 0.85
1.69 0.58 0.84
1.68 0.59 0.83
1.69 0.58 0.82
1.69 0.59 0.83
1.69 0.57 0.85
1.68 0.58 0.85
1.68 0.58 0.85
1.69 0.57 0.84
1.69 0.58 0.84
1.68 0.58 0.86
1.69 0.57 0.84
1.69 0.55 0.86
1.7 0.54 0.87
1.69 0.56 0.87
1.69 0.54 0.87
1.7 0.56 0.85
1.69 0.57 0.9
1.69 0.54 0.92
1.69 0.56 0.9
1.7 0.56 0.88
1.7 0.55 0.87
1.69 0.57 0.87
1.68 0.59 0.93
1.68 0.59 0.91
1.68 0.59 0.89
1.68 0.56 0.89
1.67 0.57 0.86
1.68 0.55 0.86
1.68 0.58 0.86
1.69 0.57 0.87
1.69 0.53 0.9
1.69 0.52 0.92
1.69 0.56 0.91
1.69 0.55 0.89
1.67 0.58 0.89
1.68 0.56 0.9
1.68 0.57 0.94
1.68 0.55 0.94
1.69 0.57 0.92
1.68 0.58 0.91
1.68 0.55 0.91
1.7 0.55 0.9
1.7 0.55 0.9
1.69 0.55 0.88
1.7 0.54 0.87
1.69 0.57 0.89
1.69 0.54 0.89
1.68 0.57 0.88
1.68 0.56 0.9
1.69 0.55 0.87
1.68 0.56 0.89
1.68 0.57 0.88
1.68 0.58 0.87
1.68 0.58 0.93
1.68 0.57 0.9
1.68 0.54 0.89
1.69 0.58 0.89
1.68 0.56 0.87
1.69 0.53 0.89
1.7 0.53 0.89
1.69 0.56 0.88
1.69 0.56 0.9
1.68 0.53 0.92
1.68 0.54 0.9
1.67 0.58 0.91
1.66 0.59 0.9
1.66 0.59 0.95
1.67 0.56 0.92
1.67 0.56 0.96
1.66 0.57 0.92
1.66 0.57 0.89
1.66 0.58 0.95
1.66 0.55 0.96
1.67 0.58 0.93
1.68 0.57 0.91
1.68 0.57 0.88
1.69 0.59 0.85
1.69 0.58 0.84
1.7 0.56 0.84
1.7 0.53 0.87
1.69 0.57 0.87
1.69 0.55 0.86
1.69 0.57 0.86
1.68 0.57 0.86
1.68 0.53 0.9
1.68 0.54 0.87
1.69 0.56 0.86
1.68 0.53 0.87
1.68 0.51 0.89
1.68 0.51 0.89
1.68 0.5 0.89
1.69 0.52 0.88
1.69 0.51 0.88
1.69 0.52 0.87
1.7 0.55 0.86
1.68 0.58 0.87
1.67 0.6 0.87
1.67 0.6 0.93
1.67 0.57 0.92
1.68 0.54 0.9
1.69 0.52 0.91
1.69 0.54 0.91
1.69 0.54 0.9
1.69 0.54 0.87
1.7 0.53 0.87
1.69 0.57 0.87
1.69 0.55 0.88
1.68 0.58 0.88
1.66 0.58 0.88
1.67 0.58 0.86
1.67 0.58 0.85
1.68 0.59 0.85
1.68 0.59 0.89
1.68 0.59 0.87
1.68 0.59 0.85
1.69 0.56 0.86
1.69 0.54 0.87
1.69 0.58 0.86
1.69 0.58 0.86
1.69 0.55 0.86
1.7 0.56 0.85
1.69 0.54 0.84
1.69 0.57 0.89
1.69 0.57 0.88
1.7 0.58 0.86
1.7 0.58 0.85
1.69 0.59 0.9
1.68 0.59 0.91
1.69 0.56 0.9
1.68 0.54 0.9
1.69 0.56 0.9
1.69 0.53 0.89
1.7 0.55 0.88
1.69 0.57 0.89
1.7 0.55 0.88
1.68 0.57 0.88
1.68 0.56 0.87
1.69 0.55 0.84
1.68 0.53 0.88
1.68 0.5 0.89
1.67 0.54 0.89
1.69 0.54 0.89
1.68 0.57 0.87
1.68 0.54 0.88
1.69 0.56 0.88
1.69 0.53 0.9
1.69 0.56 0.89
1.68 0.56 0.92
1.67 0.57 0.9
1.68 0.56 0.87
1.68 0.57 0.94
1.68 0.58 1
1.67 0.55 0.97
1.68 0.54 0.95
1.67 0.54 0.91
1.68 0.53 0.92
1.69 0.53 0.9
1.69 0.55 0.89
1.69 0.56 0.9
1.7 0.54 0.89
1.69 0.56 0.96
1.68 0.57 1.01
1.68 0.55 0.98
1.68 0.55 0.95
1.69 0.55 0.93
1.69 0.55 0.92
1.69 0.58 0.9
1.68 0.54 0.93
1.69 0.56 0.91
1.69 0.54 0.9
1.7 0.55 0.88
1.69 0.53 0.86
1.69 0.56 0.85
1.7 0.54 0.85
1.69 0.54 0.87
1.71 0.53 0.88
1.71 0.56 0.86
1.71 0.53 0.88
1.71 0.51 0.89
1.69 0.55 0.9
1.68 0.58 0.89
1.69 0.58 0.89
1.69 0.56 0.88
1.69 0.56 0.87
1.68 0.56 0.87
1.69 0.57 0.85
1.69 0.57 0.83
1.7 0.57 0.83
1.7 0.56 0.85
1.7 0.56 0.83
1.7 0.56 0.81
1.7 0.56 0.82
1.71 0.56 0.82
1.7 0.56 0.83
1.7 0.54 0.83
1.7 0.53 0.86
1.71 0.54 0.86
1.7 0.54 0.87
1.7 0.56 0.86
1.69 0.54 0.87
1.69 0.56 0.88
1.69 0.54 0.86
1.7 0.55 0.86
1.69 0.54 0.9
1.7 0.57 0.88
1.69 0.57 0.89
1.69 0.54 0.88
1.69 0.53 0.89
1.69 0.56 0.89
1.68 0.57 0.88
1.69 0.57 0.88
1.68 0.58 0.92
1.68 0.58 0.89
1.68 0.59 0.87
1.68 0.58 0.86
1.68 0.57 0.85
1.68 0.57 0.89
1.67 0.54 0.92
1.67 0.56 0.91
1.67 0.53 0.91
1.68 0.54 0.9
1.68 0.58 0.87
1.67 0.58 0.87
1.67 0.55 0.88
1.66 0.58 0.89
1.67 0.55 0.91
1.67 0.56 0.89
1.66 0.54 0.89
1.67 0.53 0.9
1.68 0.52 0.9
1.68 0.56 0.89
1.69 0.6 0.87
1.69 0.58 0.86
1.7 0.57 0.85
1.7 0.54 0.88
1.69 0.53 0.86
1.69 0.54 0.85
1.69 0.57 0.85
1.68 0.53 0.86
1.68 0.56 0.86
1.68 0.56 0.85
1.68 0.57 0.9
1.68 0.56 0.88
1.68 0.54 0.89
1.68 0.54 0.88
1.69 0.56 0.86
1.69 0.55 0.85
1.68 0.56 0.88
1.68 0.56 0.92
1.68 0.56 0.89
1.68 0.54 0.88
1.69 0.52 0.89
1.68 0.52 0.89
1.69 0.54 0.89
1.69 0.56 0.9
1.68 0.53 0.93
1.69 0.55 0.91
1.69 0.55 0.89
1.7 0.55 0.88
1.7 0.55 0.88
1.68 0.56 0.94
1.68 0.57 0.96
1.67 0.57 0.98
1.67 0.54 0.97
1.68 0.55 0.95
1.68 0.54 0.91
1.69 0.52 0.91
1.68 0.52 0.9
1.7 0.52 0.88
1.69 0.5 0.89
1.69 0.51 0.88
1.7 0.53 0.84
1.7 0.53 0.83
1.7 0.55 0.84
1.7 0.57 0.82
1.7 0.57 0.83
1.69 0.57 0.82
1.7 0.58 0.83
1.7 0.58 0.82
1.69 0.54 0.83
1.7 0.54 0.82
1.7 0.54 0.83
1.71 0.53 0.83
1.69 0.56 0.84
1.68 0.56 0.85
1.68 0.52 0.86
1.68 0.55 0.84
1.68 0.54 0.84
1.68 0.55 0.85
1.68 0.56 0.85
1.68 0.52 0.87
1.68 0.54 0.86
1.68 0.53 0.84
1.69 0.52 0.86
1.68 0.55 0.92
1.68 0.57 0.95
1.69 0.57 0.91
1.69 0.58 0.97
1.68 0.58 0.92
1.69 0.55 0.9
1.7 0.58 0.9
1.69 0.59 0.93
1.68 0.56 0.9
1.68 0.55 0.9
1.68 0.57 0.88
1.67 0.57 0.95
1.68 0.55 0.91
1.68 0.54 0.89
1.68 0.53 0.88
1.7 0.54 0.87
1.68 0.55 0.92
1.69 0.57 0.88
1.68 0.55 0.87
1.69 0.58 0.88
1.69 0.58 0.86
1.69 0.56 0.86
1.68 0.55 0.85
1.7 0.55 0.84
1.7 0.57 0.91
1.7 0.56 0.88
1.7 0.58 0.88
1.68 0.6 0.88
1.69 0.59 0.92
