1.91 0.57 0.94
1.9 0.56 0.98
1.9 0.57 0.95
1.91 0.56 0.91
1.92 0.54 0.92
1.92 0.56 0.88
1.93 0.54 0.87
1.93 0.57 0.85
1.93 0.57 0.83
1.94 0.57 0.87
1.94 0.57 0.85
1.95 0.57 0.87
1.95 0.58 0.89
1.94 0.57 0.86
1.94 0.58 0.84
1.95 0.53 0.84
1.95 0.53 0.83
1.95 0.55 0.83
1.94 0.55 0.9
1.93 0.56 0.9
1.94 0.55 0.87
1.93 0.56 0.87
1.93 0.56 0.85
1.92 0.56 0.87
1.92 0.56 0.85
1.93 0.57 0.87
1.94 0.54 0.86
1.94 0.56 0.87
1.93 0.57 0.9
1.93 0.57 0.91
1.94 0.54 0.9
1.93 0.56 0.91
1.94 0.56 0.91
1.93 0.58 0.89
1.94 0.58 0.9
1.94 0.58 0.94
1.95 0.58 0.93
1.95 0.58 0.9
1.96 0.58 0.88
1.95 0.59 0.86
1.95 0.58 0.88
1.96 0.54 0.96
1.97 0.57 0.93
1.97 0.57 0.93
1.96 0.57 0.91
1.95 0.57 0.95
1.95 0.56 0.94
1.95 0.56 0.93
1.94 0.56 0.91
1.94 0.54 0.91
1.95 0.55 0.91
1.95 0.58 0.88
1.94 0.58 0.89
1.95 0.58 0.91
1.94 0.58 0.89
1.94 0.58 0.87
1.93 0.58 0.87
1.93 0.59 0.86
1.94 0.55 0.89
1.93 0.56 0.92
1.93 0.57 0.97
1.93 0.57 0.97
1.93 0.58 0.92
1.94 0.54 0.92
1.95 0.55 0.92
1.95 0.56 0.96
1.95 0.57 0.96
1.95 0.55 0.95
1.95 0.57 0.91
1.94 0.57 0.97
1.94 0.58 0.95
1.94 0.59 0.95
1.95 0.59 0.95
1.94 0.59 0.91
1.95 0.57 0.9
1.95 0.55 0.89
1.95 0.58 0.87
1.94 0.58 0.93
1.94 0.57 0.97
1.95 0.57 0.93
1.95 0.58 0.89
1.95 0.59 0.87
1.95 0.59 0.9
1.95 0.57 0.91
1.95 0.58 0.95
1.96 0.58 0.96
1.96 0.58 0.98
1.95 0.58 0.99
1.94 0.58 1.01
1.94 0.57 0.95
1.95 0.57 0.96
1.95 0.55 0.93
1.95 0.56 0.93
1.95 0.57 0.94
1.95 0.53 0.94
1.94 0.55 0.91
1.94 0.56 0.88
1.94 0.56 0.96
1.94 0.57 0.91
1.94 0.58 0.88
1.95 0.58 0.89
1.94 0.57 0.87
1.94 0.57 0.89
1.94 0.55 0.88
1.94 0.56 0.86
1.93 0.57 0.91
1.92 0.58 0.89
1.93 0.58 0.9
1.93 0.59 0.92
1.93 0.58 0.89
1.93 0.59 0.87
1.94 0.59 0.9
1.95 0.59 0.91
1.94 0.58 0.93
1.93 0.58 0.96
1.94 0.56 0.94
1.93 0.56 0.96
1.91 0.56 0.99
1.92 0.54 0.98
1.93 0.56 0.93
1.92 0.57 0.9
1.92 0.59 0.87
1.92 0.58 0.89
1.93 0.58 0.93
1.92 0.59 0.89
1.92 0.58 0.93
1.93 0.58 0.96
1.93 0.58 0.96
1.93 0.57 0.98
1.93 0.57 0.99
1.93 0.56 0.95
1.94 0.56 0.95
1.94 0.57 0.91
1.94 0.58 0.89
1.95 0.56 0.9
1.94 0.57 0.92
1.94 0.57 0.89
1.94 0.58 0.91
1.94 0.58 0.93
1.94 0.58 0.94
1.94 0.59 0.94
1.94 0.58 0.99
1.93 0.58 0.97
1.93 0.54 0.97
1.93 0.56 0.98
1.95 0.54 0.95
1.94 0.57 0.92
1.95 0.57 0.93
1.95 0.58 0.97
1.95 0.58 0.99
1.95 0.59 0.97
1.95 0.57 0.94
1.93 0.57 0.94
1.95 0.59 0.93
1.93 0.59 0.91
1.93 0.58 0.89
1.93 0.58 0.93
1.94 0.57 0.92
1.96 0.56 0.9
1.95 0.57 0.91
1.95 0.57 0.91
1.94 0.57 0.88
1.94 0.58 0.93
1.95 0.57 0.93
1.94 0.56 0.93
1.94 0.56 0.96
1.94 0.57 0.97
1.94 0.57 0.96
1.94 0.54 0.93
1.94 0.55 0.93
1.94 0.56 0.94
1.93 0.58 0.91
1.95 0.59 0.91
1.95 0.6 0.89
1.94 0.59 0.96
1.96 0.59 0.93
1.95 0.58 0.89
1.95 0.58 0.9
1.95 0.55 0.91
1.94 0.53 0.92
1.94 0.54 0.93
1.95 0.56 0.95
1.95 0.54 0.92
1.94 0.56 0.89
1.95 0.56 0.89
1.95 0.57 0.92
1.95 0.58 0.93
1.94 0.58 0.9
1.93 0.58 0.96
1.93 0.54 0.96
1.94 0.51 0.95
1.94 0.51 0.93
1.94 0.55 0.91
1.95 0.57 0.92
1.96 0.58 0.93
1.95 0.58 0.95
1.94 0.58 0.91
1.96 0.57 0.9
1.96 0.55 0.9
1.95 0.56 0.91
1.95 0.56 0.9
1.95 0.54 0.91
1.96 0.55 0.91
1.95 0.58 0.89
1.95 0.59 0.87
1.94 0.58 0.87
1.94 0.58 0.9
1.94 0.58 0.91
1.93 0.57 0.94
1.93 0.53 0.93
1.92 0.55 0.95
1.92 0.57 0.91
1.93 0.55 0.9
1.93 0.57 0.88
1.93 0.57 0.92
1.92 0.57 0.9
1.92 0.58 0.9
1.92 0.58 0.88
1.93 0.54 0.9
1.94 0.56 0.88
1.93 0.56 0.94
1.94 0.53 0.93
1.94 0.54 0.97
1.94 0.53 0.96
1.95 0.55 0.94
1.94 0.57 0.96
1.94 0.57 0.99
1.94 0.58 0.97
1.94 0.55 0.95
1.94 0.56 0.96
1.93 0.57 0.93
1.93 0.58 0.9
1.92 0.58 0.9
1.93 0.57 0.92
1.93 0.58 0.96
1.95 0.57 0.94
1.95 0.58 0.95
1.97 0.58 0.93
1.96 0.58 0.93
1.95 0.57 0.94
1.96 0.57 0.94
1.96 0.58 0.9
1.97 0.57 0.88
1.95 0.57 0.91
1.95 0.57 0.88
1.93 0.57 0.88
1.92 0.58 0.86
1.93 0.58 0.84
1.93 0.58 0.9
1.93 0.58 0.94
1.93 0.57 0.97
1.93 0.55 0.96
1.93 0.57 0.99
1.92 0.57 0.93
1.93 0.55 0.92
1.95 0.56 0.88
1.94 0.55 0.92
1.95 0.57 0.92
1.95 0.54 0.91
1.95 0.53 0.91
1.96 0.55 0.91
1.95 0.56 0.93
1.95 0.56 0.94
1.96 0.57 0.93
1.95 0.58 0.9
1.96 0.58 0.87
1.94 0.59 0.85
1.93 0.59 0.85
1.94 0.58 0.84
1.93 0.58 0.83
1.93 0.54 0.85
1.93 0.55 0.88
1.93 0.58 0.86
1.93 0.57 0.84
1.92 0.58 0.87
1.93 0.58 0.88
1.93 0.58 0.91
1.93 0.54 0.91
1.94 0.57 0.89
1.93 0.54 0.9
1.93 0.56 0.9
1.95 0.57 0.91
1.94 0.57 0.92
1.93 0.58 0.9
1.93 0.58 0.97
1.94 0.58 0.92
1.94 0.55 0.91
1.94 0.56 0.89
1.94 0.57 0.9
1.95 0.54 0.9
1.95 0.52 0.92
1.95 0.55 0.89
1.94 0.56 0.91
1.94 0.57 0.92
1.95 0.58 0.9
1.94 0.58 0.87
1.94 0.58 0.85
1.96 0.58 0.87
1.95 0.56 0.94
1.95 0.54 0.92
1.94 0.56 0.89
1.93 0.56 0.89
1.92 0.57 0.87
1.94 0.57 0.9
1.93 0.55 0.89
1.95 0.56 0.89
1.95 0.58 0.87
1.92 0.58 0.88
1.94 0.56 0.87
1.93 0.56 0.87
1.93 0.55 0.85
1.94 0.57 0.88
1.94 0.57 0.9
1.94 0.57 0.88
1.94 0.58 0.89
1.94 0.58 0.87
1.93 0.58 0.94
1.94 0.58 0.95
1.93 0.58 0.91
1.92 0.58 0.88
1.93 0.58 0.86
1.93 0.57 0.88
1.93 0.55 0.87
1.94 0.57 0.86
1.95 0.54 0.86
1.95 0.56 0.86
1.96 0.56 0.88
1.95 0.57 0.91
1.95 0.57 0.92
1.94 0.56 0.95
1.94 0.54 0.93
1.94 0.55 0.95
1.94 0.53 0.94
1.94 0.51 0.93
1.94 0.53 0.91
1.93 0.55 0.95
1.95 0.56 0.95
1.94 0.57 0.97
1.93 0.58 0.95
1.93 0.59 0.91
1.93 0.58 0.89
1.93 0.59 0.87
1.93 0.58 0.92
1.93 0.58 0.92
1.93 0.55 0.91
1.94 0.58 0.88
1.93 0.58 0.87
1.93 0.57 0.84
1.94 0.57 0.87
1.95 0.57 0.89
1.94 0.54 0.91
1.94 0.57 0.89
1.93 0.57 0.87
1.93 0.58 0.86
1.92 0.58 0.87
1.92 0.57 0.85
1.93 0.55 0.87
1.94 0.57 0.85
1.93 0.57 0.87
1.94 0.57 0.89
1.93 0.58 0.93
1.92 0.58 0.89
1.92 0.58 0.87
1.92 0.59 0.86
1.91 0.59 0.85
1.92 0.58 0.84
1.92 0.58 0.87
1.93 0.56 0.89
1.93 0.54 0.88
1.93 0.55 0.9
1.93 0.56 0.91
1.93 0.56 0.96
1.93 0.56 0.95
1.92 0.57 0.92
1.93 0.56 0.9
1.95 0.58 0.9
1.96 0.57 0.92
1.94 0.58 0.89
1.94 0.58 0.91
1.93 0.58 0.95
1.93 0.55 0.91
1.95 0.56 0.9
1.94 0.56 0.94
1.92 0.55 0.99
1.92 0.56 0.97
1.93 0.55 0.94
1.93 0.57 0.95
1.94 0.58 0.92
1.94 0.59 0.9
1.94 0.6 0.87
1.95 0.56 0.86
1.94 0.57 0.89
1.94 0.57 0.93
1.94 0.57 0.89
1.94 0.57 0.86
1.94 0.55 0.87
1.95 0.56 0.9
1.93 0.56 0.96
1.93 0.53 0.95
1.94 0.55 0.91
1.94 0.56 0.89
1.94 0.56 0.86
1.95 0.57 0.86
1.95 0.57 0.85
1.94 0.55 0.85
1.94 0.58 0.85
1.94 0.58 0.89
1.94 0.59 0.91
1.94 0.57 0.89
1.95 0.57 0.88
1.95 0.57 0.91
1.95 0.57 0.91
1.96 0.58 0.91
1.94 0.57 0.89
1.93 0.58 0.87
1.92 0.58 0.88
1.92 0.58 0.89
1.93 0.6 0.87
1.95 0.57 0.88
1.95 0.55 0.88
1.95 0.56 0.88
1.95 0.57 0.86
1.95 0.57 0.89
1.94 0.56 0.94
1.93 0.57 0.91
1.93 0.57 0.88
1.95 0.58 0.9
1.95 0.58 0.95
1.94 0.58 0.92
1.94 0.58 0.95
1.96 0.58 0.95
1.95 0.56 0.94
1.96 0.57 0.93
1.95 0.58 0.94
1.95 0.58 0.94
1.96 0.6 0.92
1.95 0.6 0.89
1.95 0.6 0.93
1.95 0.61 0.9
1.94 0.61 0.92
1.94 0.6 0.88
1.93 0.59 0.85
1.94 0.58 0.86
1.94 0.55 0.86
1.94 0.57 0.85
1.93 0.57 0.91
1.93 0.58 0.88
1.94 0.56 0.89
1.95 0.55 0.87
1.94 0.57 0.85
1.95 0.55 0.86
1.94 0.56 0.89
1.94 0.57 0.93
1.95 0.57 0.89
1.94 0.54 0.9
1.94 0.57 0.87
1.96 0.57 0.88
1.96 0.57 0.86
1.96 0.58 0.84
1.94 0.58 0.85
1.95 0.55 0.85
1.95 0.58 0.83
1.95 0.55 0.85
1.95 0.57 0.83
1.94 0.57 0.83
1.94 0.57 0.84
1.93 0.57 0.87
1.93 0.57 0.9
1.93 0.54 0.9
1.93 0.56 0.93
1.93 0.56 0.9
1.92 0.58 0.88
1.92 0.59 0.89
1.92 0.59 0.88
1.92 0.59 0.9
1.92 0.59 0.91
1.93 0.58 0.92
1.93 0.58 0.95
1.93 0.57 0.96
1.93 0.57 1
1.94 0.57 0.98
1.94 0.57 0.96
1.94 0.58 0.95
1.95 0.58 0.91
1.93 0.59 0.9
1.93 0.59 0.91
1.94 0.6 0.92
1.95 0.57 0.92
1.94 0.57 0.88
1.94 0.57 0.86
1.95 0.55 0.85
1.94 0.55 0.87
1.96 0.57 0.88
1.95 0.57 0.95
1.95 0.58 0.95
1.94 0.58 0.95
1.94 0.57 0.96
1.94 0.57 0.95
1.94 0.58 0.95
1.93 0.58 0.95
1.94 0.57 0.93
1.94 0.57 0.93
1.94 0.58 0.98
1.94 0.56 0.96
1.94 0.57 0.99
1.94 0.55 0.97
1.94 0.53 0.94
1.93 0.55 0.94
1.94 0.56 0.93
1.93 0.57 0.97
1.94 0.58 0.98
1.92 0.59 0.94
1.94 0.59 0.93
1.95 0.56 0.9
1.95 0.56 0.92
1.94 0.56 0.9
1.94 0.56 0.93
1.94 0.57 0.89
1.93 0.57 0.89
1.93 0.58 0.87
1.93 0.58 0.87
1.92 0.58 0.86
1.92 0.58 0.86
1.93 0.54 0.89
1.94 0.56 0.9
1.93 0.57 0.92
1.93 0.57 0.9
1.92 0.57 0.93
1.92 0.54 0.89
1.92 0.55 0.87
1.93 0.55 0.88
1.93 0.57 0.89
1.92 0.57 0.88
1.92 0.57 0.94
1.92 0.57 0.95
1.92 0.57 0.95
1.92 0.58 0.96
1.93 0.58 0.91
1.95 0.58 0.91
1.94 0.58 0.91
1.94 0.59 0.89
1.94 0.6 0.86
1.95 0.6 0.87
1.94 0.59 0.89
1.95 0.59 0.91
1.93 0.58 0.88
1.93 0.58 0.9
1.94 0.57 0.9
1.94 0.57 0.88
1.95 0.58 0.85
1.95 0.59 0.88
1.95 0.58 0.9
1.96 0.59 0.89
1.95 0.59 0.91
1.95 0.58 0.9
1.95 0.59 0.93
1.95 0.58 0.89
1.95 0.58 0.86
1.96 0.58 0.88
1.96 0.58 0.86
1.95 0.58 0.84
1.95 0.59 0.86
1.95 0.59 0.84
1.95 0.58 0.86
1.94 0.58 0.84
1.94 0.57 0.84
1.93 0.54 0.86
1.94 0.55 0.88
1.94 0.56 0.85
1.94 0.58 0.88
1.94 0.58 0.91
1.95 0.57 0.89
1.96 0.56 0.88
1.95 0.57 0.94
1.96 0.58 0.94
1.94 0.58 0.9
1.95 0.58 0.91
1.95 0.58 0.92
1.95 0.55 0.91
1.95 0.53 0.92
1.95 0.55 0.88
1.96 0.57 0.89
1.96 0.55 0.9
1.97 0.56 0.91
1.96 0.55 0.94
1.96 0.57 0.9
1.94 0.58 0.87
1.94 0.59 0.93
1.94 0.59 0.9
1.95 0.58 0.88
1.96 0.58 0.89
1.95 0.55 0.87
1.94 0.57 0.88
1.94 0.58 0.9
1.95 0.55 0.91
1.95 0.56 0.87
1.94 0.57 0.85
1.95 0.59 0.9
1.97 0.59 0.91
1.96 0.6 0.88
1.95 0.59 0.86
1.95 0.6 0.88
1.95 0.6 0.9
1.95 0.61 0.87
1.95 0.61 0.86
1.96 0.58 0.87
1.95 0.59 0.85
1.96 0.59 0.87
1.94 0.57 0.93
1.93 0.59 0.9
1.94 0.58 0.92
1.95 0.59 0.93
1.95 0.58 0.92
1.94 0.58 0.94
1.94 0.57 0.94
1.95 0.55 0.92
1.95 0.54 0.91
1.96 0.56 0.9
1.96 0.57 0.87
1.96 0.56 0.87
1.95 0.57 0.86
1.95 0.58 0.84
1.95 0.56 0.87
1.94 0.55 0.89
1.94 0.57 0.86
1.94 0.58 0.9
1.94 0.58 0.92
1.95 0.56 0.9
1.96 0.56 0.92
1.95 0.56 0.95
1.95 0.57 0.95
1.96 0.58 0.95
1.96 0.58 0.95
1.95 0.58 0.94
1.95 0.56 0.92
1.94 0.57 0.93
1.93 0.58 0.9
1.94 0.56 0.88
1.93 0.57 0.91
1.94 0.57 0.9
1.95 0.58 0.88
1.95 0.55 0.89
1.95 0.57 0.9
1.95 0.58 0.88
1.94 0.58 0.88
1.94 0.58 0.9
1.94 0.57 0.91
1.94 0.57 0.93
1.93 0.53 0.93
1.94 0.54 0.94
1.94 0.56 0.95
1.94 0.57 0.95
1.93 0.57 1.01
1.92 0.57 0.97
1.93 0.59 0.94
1.93 0.58 0.95
1.93 0.58 0.92
1.93 0.59 0.9
1.93 0.58 0.92
1.91 0.59 0.92
1.92 0.59 0.93
1.94 0.58 0.91
1.94 0.58 0.91
1.95 0.55 0.9
1.94 0.56 0.94
1.94 0.56 0.97
1.94 0.56 0.97
1.95 0.57 0.92
1.97 0.56 0.91
1.97 0.54 0.9
1.96 0.58 0.88
1.96 0.57 0.88
1.96 0.54 0.89
1.96 0.55 0.91
1.96 0.54 0.9
1.95 0.55 0.91
1.94 0.56 0.93
1.95 0.56 0.93
1.96 0.55 0.9
1.95 0.56 0.87
1.95 0.57 0.89
1.95 0.58 0.93
1.96 0.55 0.9
1.95 0.57 0.93
1.95 0.59 0.89
1.95 0.59 0.91
1.95 0.58 0.91
1.95 0.6 0.92
1.95 0.59 0.95
1.95 0.58 0.99
1.96 0.58 1
1.95 0.57 1
1.96 0.58 0.98
1.95 0.58 0.97
1.94 0.55 0.95
1.95 0.56 0.92
1.95 0.56 0.93
1.94 0.58 0.9
1.94 0.58 0.92
1.94 0.59 0.89
1.94 0.58 0.89
1.94 0.59 0.87
1.94 0.58 0.85
1.94 0.57 0.9
1.93 0.56 0.94
1.94 0.57 0.93
1.94 0.57 0.94
1.93 0.57 0.94
1.93 0.57 0.95
1.94 0.58 0.95
1.93 0.59 0.91
1.93 0.56 0.89
1.95 0.57 0.89
1.96 0.56 0.89
1.95 0.56 0.9
1.96 0.57 0.87
1.95 0.58 0.85
1.95 0.56 0.86
1.94 0.57 0.84
1.95 0.57 0.82
1.94 0.56 0.89
1.94 0.57 0.92
1.94 0.57 0.93
1.94 0.57 0.96
1.94 0.54 0.96
1.95 0.56 0.95
1.97 0.58 0.94
1.96 0.58 0.94
1.96 0.57 0.91
1.95 0.58 0.89
1.94 0.58 0.87
1.95 0.58 0.85
1.94 0.58 0.88
1.94 0.58 0.86
1.94 0.55 0.89
1.94 0.56 0.92
1.93 0.57 0.9
1.93 0.57 0.91
1.94 0.55 0.93
1.95 0.53 0.93
1.95 0.56 0.91
1.95 0.57 0.92
1.95 0.58 0.94
1.95 0.58 0.9
1.96 0.56 0.89
1.96 0.57 0.92
1.96 0.57 0.93
1.96 0.58 0.93
1.97 0.59 0.92
1.95 0.59 0.9
1.95 0.59 0.97
1.96 0.58 0.94
1.95 0.58 0.97
1.95 0.58 0.97
1.96 0.59 0.96
1.96 0.56 0.94
1.95 0.57 0.9
1.95 0.57 0.95
1.95 0.58 0.91
1.95 0.55 0.92
1.96 0.57 0.89
1.98 0.58 0.91
1.97 0.59 0.95
1.97 0.59 0.94
1.96 0.58 0.99
1.96 0.58 0.94
1.97 0.59 0.93
1.96 0.59 0.95
1.96 0.6 0.93
1.96 0.58 0.92
1.96 0.59 0.88
1.96 0.59 0.9
1.96 0.57 0.91
1.95 0.57 0.97
1.95 0.57 0.94
1.94 0.58 0.9
1.94 0.58 0.92
1.94 0.55 0.93
1.95 0.57 0.9
1.95 0.55 0.91
1.95 0.56 0.95
1.94 0.57 0.95
1.94 0.59 0.93
1.94 0.58 0.9
1.94 0.6 0.87
1.94 0.6 0.85
1.94 0.59 0.88
1.94 0.6 0.86
1.93 0.6 0.84
1.93 0.6 0.85
1.92 0.6 0.84
1.91 0.6 0.84
1.92 0.6 0.83
1.94 0.6 0.86
1.95 0.59 0.9
1.96 0.57 0.88
1.96 0.58 0.88
1.97 0.58 0.9
1.96 0.55 0.91
1.96 0.56 0.94
1.95 0.56 0.98
1.96 0.57 0.96
1.95 0.57 1.01
1.95 0.58 0.96
1.93 0.57 0.94
1.93 0.57 0.9
1.93 0.55 0.91
1.95 0.56 0.88
1.94 0.56 0.85
1.94 0.54 0.88
1.95 0.54 0.87
1.94 0.54 0.85
1.94 0.55 0.87
1.94 0.56 0.89
1.94 0.56 0.87
1.94 0.56 0.89
1.96 0.58 0.89
1.95 0.58 0.88
1.94 0.58 0.89
1.94 0.57 0.86
1.94 0.57 0.84
1.96 0.58 0.85
1.94 0.59 0.85
1.94 0.59 0.83
1.94 0.6 0.83
1.93 0.59 0.84
1.93 0.6 0.83
1.93 0.59 0.82
1.94 0.57 0.84
1.94 0.57 0.89
1.95 0.58 0.86
1.94 0.59 0.88
1.93 0.59 0.9
1.92 0.59 0.9
1.94 0.59 0.9
1.94 0.59 0.87
1.94 0.59 0.89
1.95 0.59 0.9
1.94 0.59 0.88
1.94 0.59 0.86
1.94 0.59 0.92
1.93 0.56 0.91
1.94 0.55 0.9
1.94 0.57 0.87
1.93 0.58 0.85
1.93 0.55 0.86
1.95 0.56 0.85
1.94 0.57 0.85
1.93 0.57 0.84
1.93 0.58 0.83
1.94 0.58 0.86
1.94 0.58 0.84
1.93 0.59 0.93
1.94 0.61 0.91
1.94 0.61 0.88
1.94 0.61 0.86
1.96 0.59 0.85
1.96 0.56 0.88
1.95 0.57 0.92
1.95 0.56 0.91
1.97 0.57 0.91
1.96 0.57 0.93
1.95 0.58 0.89
1.94 0.59 0.87
1.94 0.58 0.87
1.93 0.57 0.9
1.93 0.58 0.91
1.93 0.57 0.88
1.93 0.57 0.86
1.93 0.54 0.86
1.94 0.56 0.85
1.93 0.56 0.9
1.92 0.56 0.87
1.93 0.57 0.85
1.94 0.56 0.87
1.94 0.57 0.84
1.93 0.57 0.84
1.94 0.58 0.85
1.94 0.58 0.85
1.92 0.58 0.85
1.93 0.57 0.84
1.93 0.57 0.88
1.93 0.56 0.91
1.93 0.56 0.88
1.94 0.53 0.9
1.94 0.55 0.87
1.94 0.57 0.92
1.94 0.57 0.92
1.94 0.56 0.97
1.94 0.56 0.92
1.94 0.58 0.89
1.94 0.59 0.89
1.93 0.58 0.93
1.93 0.55 0.92
1.94 0.56 0.89
1.94 0.55 0.88
1.94 0.57 0.86
1.93 0.57 0.85
1.94 0.57 0.84
1.94 0.57 0.86
1.94 0.57 0.85
1.93 0.58 0.86
1.93 0.59 0.84
1.94 0.59 0.82
1.93 0.59 0.81
1.94 0.56 0.82
1.95 0.54 0.84
1.95 0.55 0.87
1.95 0.57 0.85
1.95 0.57 0.88
1.96 0.56 0.88
1.95 0.55 0.93
1.95 0.57 0.89
1.95 0.58 0.91
1.94 0.58 0.92
1.95 0.58 0.93
1.94 0.57 0.95
1.94 0.57 0.98
1.94 0.54 0.95
1.95 0.57 0.95
1.94 0.57 0.91
1.94 0.59 0.88
1.92 0.58 0.94
1.93 0.56 0.91
1.94 0.54 0.9
1.93 0.55 0.94
1.93 0.56 0.9
1.94 0.57 0.91
1.93 0.57 0.94
1.92 0.58 0.91
1.92 0.59 0.88
1.91 0.59 0.89
1.91 0.59 0.9
1.92 0.58 0.9
1.92 0.57 0.87
1.93 0.57 0.92
1.93 0.54 0.91
1.94 0.56 0.95
1.95 0.54 0.91
1.94 0.56 0.89
1.94 0.56 0.87
1.94 0.56 0.89
1.95 0.54 0.89
1.95 0.53 0.89
1.95 0.55 0.87
1.94 0.56 0.93
1.93 0.56 0.94
1.93 0.57 0.95
1.93 0.58 0.9
1.92 0.58 0.92
1.93 0.55 0.92
1.93 0.57 0.93
1.94 0.54 0.92
1.94 0.55 0.93
1.94 0.56 0.89
1.93 0.56 0.9
1.94 0.55 0.94
1.94 0.56 0.9
1.93 0.57 0.88
1.94 0.54 0.89
1.94 0.56 0.91
1.94 0.56 0.88
1.94 0.56 0.85
1.94 0.56 0.91
1.94 0.55 0.89
1.95 0.58 0.87
1.95 0.58 0.84
1.95 0.55 0.87
1.95 0.52 0.89
1.95 0.55 0.87
1.94 0.56 0.91
1.94 0.55 0.89
1.95 0.56 0.86
1.95 0.57 0.91
1.95 0.55 0.91
1.95 0.54 0.89
1.95 0.56 0.91
1.96 0.53 0.91
1.96 0.55 0.92
1.96 0.55 0.93
1.96 0.56 0.97
1.95 0.55 0.94
1.97 0.56 0.93
1.97 0.54 0.94
1.97 0.52 0.94
1.96 0.55 0.98
1.96 0.56 0.96
1.95 0.57 0.99
1.95 0.58 1.02
1.95 0.56 0.98
1.95 0.56 0.97
1.95 0.56 1.01
1.95 0.52 1.01
1.95 0.54 1
1.95 0.56 0.95
1.96 0.57 0.92
1.95 0.57 0.94
1.94 0.57 0.97
1.96 0.56 0.94
1.96 0.55 0.92
1.96 0.57 0.89
1.96 0.57 0.92
1.96 0.56 0.9
1.97 0.55 0.9
1.97 0.58 0.89
1.96 0.56 0.89
1.97 0.56 0.87
1.96 0.52 0.89
1.96 0.54 0.88
1.96 0.55 0.86
1.95 0.57 0.85
1.95 0.58 0.87
1.94 0.58 0.87
1.93 0.59 0.88
1.94 0.59 0.86
1.94 0.59 0.86
1.94 0.59 0.85
1.94 0.59 0.84
1.93 0.58 0.91
1.93 0.55 0.91
1.93 0.54 0.92
1.94 0.52 0.92
1.94 0.54 0.89
1.94 0.55 0.9
1.94 0.56 0.9
1.95 0.54 0.9
1.95 0.54 0.89
1.96 0.56 0.89
1.96 0.54 0.91
1.96 0.56 0.88
1.94 0.57 0.89
1.94 0.54 0.89
1.94 0.57 0.87
1.93 0.58 0.87
1.92 0.58 0.89
1.92 0.59 0.86
1.92 0.56 0.87
1.92 0.57 0.85
1.93 0.54 0.88
1.93 0.56 0.86
1.94 0.55 0.86
1.94 0.57 0.91
1.94 0.58 0.92
1.94 0.58 0.96
1.94 0.58 0.92
1.93 0.58 0.94
1.94 0.55 0.94
1.95 0.56 0.93
1.95 0.56 0.93
1.94 0.57 0.93
1.93 0.57 0.9
1.93 0.57 0.91
