2.2 0.56 0.84
2.2 0.56 0.83
2.2 0.56 0.83
2.22 0.57 0.84
2.22 0.56 0.83
2.22 0.55 0.83
2.22 0.56 0.85
2.21 0.56 0.83
2.21 0.57 0.83
2.21 0.57 0.85
2.21 0.57 0.83
2.21 0.57 0.83
2.21 0.56 0.84
2.2 0.56 0.86
2.2 0.56 0.86
2.22 0.56 0.86
2.21 0.57 0.84
2.21 0.55 0.84
2.22 0.57 0.84
2.22 0.57 0.84
2.22 0.57 0.82
2.23 0.57 0.81
2.22 0.57 0.81
2.22 0.56 0.81
2.21 0.56 0.81
2.21 0.55 0.82
2.22 0.56 0.82
2.21 0.57 0.83
2.21 0.58 0.83
2.22 0.58 0.83
2.21 0.57 0.83
2.22 0.57 0.84
2.23 0.58 0.85
2.22 0.57 0.84
2.22 0.56 0.84
2.22 0.57 0.85
2.22 0.57 0.84
2.22 0.58 0.85
2.22 0.58 0.85
2.23 0.57 0.87
2.23 0.58 0.86
2.21 0.57 0.84
2.21 0.58 0.83
2.21 0.58 0.83
2.21 0.58 0.83
2.21 0.58 0.82
2.2 0.58 0.82
2.21 0.57 0.82
2.21 0.57 0.82
2.21 0.59 0.82
2.21 0.58 0.82
2.21 0.58 0.83
2.2 0.58 0.83
2.2 0.57 0.84
2.21 0.57 0.85
2.21 0.57 0.85
2.21 0.58 0.85
2.2 0.58 0.84
2.2 0.57 0.86
2.2 0.58 0.85
2.2 0.57 0.85
2.2 0.57 0.84
2.21 0.56 0.84
2.21 0.56 0.84
2.21 0.56 0.85
2.2 0.57 0.84
2.2 0.56 0.85
2.2 0.56 0.84
2.2 0.56 0.83
2.19 0.56 0.83
2.2 0.56 0.84
2.2 0.56 0.83
2.2 0.55 0.83
2.21 0.55 0.85
2.21 0.56 0.85
2.21 0.56 0.83
2.21 0.57 0.83
2.19 0.55 0.83
2.2 0.57 0.82
2.2 0.57 0.81
2.2 0.57 0.81
2.19 0.57 0.82
2.21 0.58 0.82
2.2 0.57 0.82
2.2 0.56 0.82
2.22 0.56 0.83
2.21 0.56 0.83
2.2 0.56 0.83
2.2 0.56 0.82
2.21 0.56 0.82
2.21 0.55 0.81
2.21 0.56 0.82
2.2 0.57 0.81
2.21 0.57 0.82
2.2 0.56 0.82
2.2 0.57 0.83
2.21 0.56 0.83
2.21 0.57 0.84
2.2 0.58 0.84
2.2 0.58 0.84
2.2 0.57 0.85
2.21 0.58 0.85
2.22 0.58 0.86
2.21 0.57 0.86
2.21 0.57 0.87
2.21 0.57 0.87
2.22 0.56 0.87
2.21 0.56 0.86
2.23 0.56 0.86
2.22 0.56 0.85
2.22 0.56 0.85
2.22 0.56 0.84
2.21 0.56 0.85
2.21 0.56 0.86
2.21 0.56 0.85
2.2 0.57 0.85
2.21 0.56 0.84
2.21 0.56 0.85
2.2 0.56 0.83
2.2 0.56 0.83
2.2 0.56 0.85
2.2 0.56 0.84
2.21 0.56 0.84
2.21 0.55 0.84
2.22 0.57 0.86
2.22 0.56 0.84
2.22 0.57 0.84
2.22 0.56 0.84
2.22 0.56 0.84
2.22 0.57 0.84
2.21 0.55 0.83
2.22 0.57 0.84
2.22 0.57 0.84
2.22 0.57 0.84
2.23 0.57 0.84
2.22 0.57 0.83
2.22 0.57 0.83
2.21 0.57 0.82
2.21 0.57 0.83
2.22 0.56 0.83
2.22 0.56 0.83
2.22 0.56 0.83
2.21 0.56 0.84
2.21 0.56 0.84
2.21 0.56 0.83
2.21 0.56 0.82
2.21 0.56 0.83
2.21 0.56 0.83
2.21 0.56 0.83
2.21 0.55 0.83
2.21 0.57 0.84
2.21 0.57 0.84
2.22 0.57 0.84
2.21 0.58 0.84
2.21 0.58 0.84
2.2 0.57 0.83
2.2 0.57 0.84
2.21 0.57 0.83
2.22 0.57 0.83
2.21 0.57 0.84
2.21 0.57 0.86
2.22 0.57 0.85
2.21 0.57 0.84
2.21 0.58 0.84
2.22 0.56 0.84
2.22 0.56 0.83
2.22 0.56 0.83
2.23 0.56 0.85
2.23 0.56 0.85
2.23 0.57 0.84
2.22 0.56 0.84
2.21 0.57 0.84
2.2 0.57 0.85
2.2 0.57 0.84
2.21 0.56 0.85
2.21 0.56 0.84
2.21 0.56 0.84
2.21 0.56 0.83
2.21 0.56 0.83
2.2 0.56 0.81
2.2 0.55 0.82
2.21 0.56 0.84
2.21 0.58 0.84
2.2 0.59 0.83
2.2 0.58 0.82
2.2 0.58 0.83
2.2 0.59 0.83
2.21 0.59 0.83
2.21 0.59 0.83
2.2 0.58 0.81
2.2 0.58 0.82
2.2 0.58 0.83
2.21 0.58 0.83
2.21 0.59 0.83
2.21 0.58 0.82
2.21 0.58 0.83
2.21 0.57 0.83
2.21 0.57 0.82
2.21 0.57 0.83
2.22 0.57 0.82
2.21 0.58 0.83
2.22 0.59 0.84
2.22 0.58 0.83
2.21 0.57 0.82
2.21 0.57 0.82
2.21 0.56 0.8
2.2 0.57 0.8
2.2 0.57 0.82
2.21 0.57 0.82
2.21 0.57 0.83
2.21 0.57 0.81
2.2 0.58 0.81
2.2 0.57 0.82
2.19 0.57 0.8
2.2 0.57 0.8
2.2 0.56 0.81
2.2 0.57 0.82
2.2 0.58 0.82
2.2 0.58 0.83
2.21 0.58 0.83
2.2 0.57 0.83
2.19 0.57 0.84
2.19 0.56 0.84
2.19 0.56 0.84
2.2 0.56 0.84
2.2 0.55 0.84
2.2 0.57 0.85
2.2 0.57 0.85
2.2 0.57 0.84
2.21 0.57 0.83
2.21 0.56 0.81
2.2 0.57 0.83
2.21 0.57 0.82
2.2 0.57 0.82
2.2 0.56 0.83
2.2 0.56 0.82
2.2 0.56 0.82
2.18 0.56 0.84
2.18 0.55 0.83
2.19 0.56 0.83
2.19 0.56 0.82
2.19 0.55 0.82
2.2 0.56 0.83
2.2 0.56 0.81
2.19 0.56 0.81
2.19 0.57 0.82
2.2 0.58 0.82
2.21 0.57 0.81
2.2 0.57 0.82
2.2 0.57 0.82
2.21 0.57 0.8
2.21 0.57 0.82
2.21 0.56 0.82
2.21 0.56 0.82
2.21 0.57 0.81
2.23 0.53 0.83
2.23 0.53 0.84
2.22 0.55 0.83
2.23 0.56 0.83
2.24 0.56 0.82
2.24 0.56 0.83
2.23 0.56 0.84
2.22 0.56 0.82
2.23 0.56 0.83
2.22 0.57 0.82
2.22 0.57 0.81
2.21 0.58 0.8
2.21 0.57 0.8
2.22 0.57 0.8
2.22 0.57 0.8
2.21 0.58 0.81
2.22 0.57 0.83
2.23 0.59 0.82
2.22 0.59 0.81
2.21 0.58 0.84
2.22 0.58 0.83
2.21 0.58 0.81
2.22 0.58 0.81
2.2 0.57 0.81
2.2 0.57 0.81
2.21 0.57 0.81
2.2 0.57 0.81
2.2 0.57 0.81
2.2 0.56 0.82
2.21 0.57 0.81
2.21 0.56 0.83
2.2 0.56 0.83
2.2 0.58 0.83
2.21 0.57 0.83
2.2 0.57 0.83
2.21 0.57 0.82
2.23 0.57 0.83
2.23 0.57 0.83
2.22 0.57 0.83
2.22 0.57 0.82
2.21 0.57 0.83
2.21 0.57 0.82
2.22 0.57 0.83
2.21 0.58 0.84
2.21 0.58 0.83
2.21 0.58 0.83
2.22 0.58 0.83
2.22 0.58 0.83
2.22 0.58 0.83
2.22 0.58 0.84
2.22 0.57 0.84
2.21 0.57 0.84
2.22 0.57 0.85
2.22 0.56 0.86
2.22 0.57 0.86
2.21 0.56 0.86
2.21 0.57 0.85
2.21 0.56 0.83
2.21 0.56 0.82
2.22 0.57 0.82
2.22 0.58 0.83
2.21 0.59 0.84
2.21 0.58 0.85
2.21 0.57 0.86
2.2 0.57 0.84
2.21 0.57 0.84
2.21 0.56 0.84
2.21 0.57 0.84
2.21 0.57 0.82
2.21 0.56 0.83
2.21 0.57 0.82
2.21 0.58 0.82
2.21 0.57 0.82
2.21 0.57 0.83
2.22 0.58 0.83
2.21 0.58 0.84
2.21 0.58 0.83
2.2 0.59 0.83
2.2 0.59 0.82
2.19 0.57 0.83
2.2 0.57 0.82
2.2 0.57 0.81
2.2 0.57 0.82
2.2 0.57 0.82
2.21 0.57 0.82
2.21 0.58 0.83
2.2 0.58 0.84
2.21 0.58 0.84
2.2 0.59 0.83
2.2 0.58 0.83
2.2 0.59 0.83
2.21 0.58 0.82
2.2 0.57 0.82
2.2 0.58 0.83
2.2 0.57 0.84
2.2 0.58 0.83
2.2 0.57 0.83
2.21 0.57 0.83
2.21 0.56 0.83
2.21 0.56 0.82
2.21 0.57 0.82
2.2 0.57 0.82
2.2 0.57 0.82
2.2 0.58 0.81
2.2 0.57 0.83
2.2 0.58 0.83
2.2 0.58 0.82
2.21 0.57 0.83
2.21 0.56 0.82
2.21 0.56 0.82
2.2 0.55 0.84
2.21 0.56 0.84
2.21 0.58 0.84
2.21 0.58 0.83
2.21 0.58 0.84
2.22 0.58 0.82
2.22 0.59 0.82
2.21 0.58 0.83
2.23 0.58 0.84
2.22 0.58 0.85
2.22 0.58 0.84
2.22 0.58 0.84
2.21 0.57 0.84
2.22 0.56 0.86
2.22 0.57 0.85
2.22 0.58 0.85
2.21 0.58 0.84
2.21 0.58 0.83
2.21 0.57 0.83
2.21 0.57 0.84
2.21 0.58 0.84
2.21 0.57 0.85
2.22 0.57 0.84
2.22 0.57 0.85
2.21 0.57 0.85
2.21 0.58 0.85
2.21 0.57 0.86
2.23 0.59 0.85
2.23 0.58 0.85
2.22 0.58 0.84
2.21 0.57 0.84
2.19 0.56 0.85
2.19 0.56 0.85
2.19 0.56 0.85
2.19 0.57 0.85
2.2 0.57 0.85
2.2 0.58 0.85
2.2 0.56 0.83
2.19 0.57 0.83
2.21 0.57 0.84
2.2 0.56 0.83
2.22 0.56 0.85
2.21 0.57 0.85
2.21 0.57 0.85
2.21 0.57 0.84
2.2 0.57 0.84
2.2 0.58 0.85
2.2 0.56 0.84
2.2 0.57 0.84
2.19 0.57 0.83
2.19 0.57 0.82
2.19 0.56 0.82
2.2 0.57 0.82
2.21 0.57 0.81
2.2 0.57 0.82
2.2 0.57 0.83
2.21 0.55 0.83
2.22 0.57 0.82
2.21 0.57 0.83
2.21 0.57 0.83
2.2 0.57 0.83
2.21 0.57 0.82
2.21 0.58 0.83
2.22 0.57 0.84
2.22 0.58 0.85
2.22 0.57 0.85
2.22 0.57 0.86
2.21 0.58 0.85
2.21 0.58 0.85
2.21 0.59 0.85
2.21 0.58 0.86
2.2 0.57 0.85
2.2 0.57 0.84
2.2 0.57 0.84
2.21 0.57 0.84
2.21 0.57 0.83
2.2 0.57 0.84
2.2 0.57 0.84
2.21 0.57 0.83
2.21 0.57 0.83
2.2 0.57 0.83
2.2 0.56 0.83
2.2 0.56 0.82
2.2 0.57 0.83
2.21 0.57 0.84
2.2 0.58 0.84
2.2 0.57 0.85
2.2 0.57 0.84
2.21 0.57 0.84
2.2 0.56 0.84
2.2 0.57 0.83
2.2 0.56 0.84
2.21 0.56 0.85
2.2 0.56 0.85
2.19 0.56 0.85
2.2 0.56 0.87
2.21 0.55 0.87
2.2 0.58 0.86
2.2 0.58 0.86
2.2 0.58 0.86
2.19 0.57 0.86
2.19 0.57 0.85
2.2 0.57 0.86
2.2 0.58 0.85
2.2 0.57 0.86
2.2 0.58 0.85
2.2 0.57 0.84
2.22 0.58 0.84
2.2 0.58 0.85
2.21 0.58 0.86
2.21 0.58 0.85
2.21 0.57 0.84
2.21 0.58 0.83
2.2 0.57 0.82
2.2 0.57 0.82
2.2 0.57 0.83
2.21 0.58 0.83
2.2 0.57 0.84
2.21 0.56 0.85
2.21 0.56 0.84
2.2 0.56 0.83
2.2 0.56 0.84
2.19 0.57 0.83
2.19 0.57 0.82
2.2 0.56 0.82
2.19 0.56 0.83
2.19 0.56 0.82
2.2 0.56 0.83
2.2 0.57 0.84
2.2 0.58 0.83
2.19 0.57 0.83
2.19 0.57 0.83
2.2 0.58 0.83
2.21 0.58 0.82
2.2 0.57 0.83
2.2 0.58 0.83
2.19 0.57 0.82
2.2 0.57 0.82
2.21 0.57 0.83
2.2 0.57 0.83
2.2 0.56 0.85
2.2 0.56 0.84
2.2 0.57 0.84
2.2 0.58 0.84
2.2 0.58 0.86
2.19 0.58 0.86
2.19 0.57 0.85
2.18 0.57 0.85
2.19 0.57 0.83
2.2 0.56 0.84
2.2 0.56 0.84
2.2 0.56 0.82
2.2 0.56 0.82
2.21 0.57 0.82
2.2 0.57 0.82
2.2 0.57 0.82
2.2 0.56 0.82
2.19 0.56 0.82
2.19 0.56 0.83
2.19 0.56 0.82
2.19 0.57 0.82
2.19 0.56 0.83
2.19 0.57 0.82
2.19 0.57 0.83
2.18 0.57 0.83
2.19 0.56 0.83
2.19 0.56 0.83
2.19 0.56 0.85
2.2 0.56 0.85
2.19 0.56 0.84
2.19 0.56 0.84
2.2 0.56 0.84
2.19 0.57 0.84
2.2 0.56 0.85
2.2 0.57 0.85
2.2 0.56 0.86
2.2 0.56 0.87
2.19 0.57 0.85
2.2 0.56 0.85
2.2 0.57 0.84
2.2 0.57 0.82
2.2 0.56 0.82
2.2 0.57 0.83
2.2 0.57 0.83
2.2 0.55 0.81
2.19 0.55 0.81
2.19 0.56 0.81
2.2 0.57 0.8
2.21 0.58 0.8
2.21 0.58 0.81
2.21 0.58 0.83
2.2 0.57 0.84
2.2 0.58 0.83
2.21 0.57 0.83
2.22 0.57 0.83
2.21 0.57 0.84
2.2 0.57 0.83
2.2 0.56 0.85
2.19 0.56 0.85
2.19 0.56 0.84
2.19 0.57 0.84
2.2 0.57 0.84
2.21 0.58 0.83
2.22 0.58 0.83
2.21 0.58 0.81
2.21 0.59 0.8
2.21 0.59 0.82
2.21 0.59 0.83
2.21 0.58 0.82
2.23 0.56 0.83
2.23 0.55 0.83
2.22 0.57 0.83
2.21 0.57 0.83
2.22 0.57 0.83
2.21 0.57 0.82
2.21 0.57 0.82
2.21 0.57 0.82
2.2 0.56 0.81
2.19 0.57 0.81
2.2 0.56 0.81
2.21 0.56 0.81
2.2 0.56 0.8
2.21 0.56 0.81
2.2 0.57 0.81
2.2 0.56 0.81
2.21 0.56 0.8
2.2 0.55 0.81
2.2 0.55 0.81
2.21 0.56 0.8
2.21 0.56 0.81
2.22 0.56 0.82
2.21 0.56 0.82
2.2 0.56 0.83
2.23 0.56 0.83
2.23 0.57 0.82
2.23 0.56 0.82
2.23 0.58 0.83
2.23 0.57 0.82
2.23 0.57 0.83
2.23 0.55 0.82
2.22 0.57 0.83
2.23 0.56 0.83
2.25 0.57 0.84
2.25 0.57 0.83
2.27 0.57 0.84
2.26 0.57 0.83
2.26 0.57 0.81
2.26 0.57 0.81
2.26 0.57 0.8
2.26 0.57 0.79
2.26 0.57 0.8
2.24 0.56 0.81
2.24 0.55 0.82
2.22 0.55 0.83
2.23 0.57 0.84
2.23 0.56 0.84
2.24 0.57 0.84
2.24 0.57 0.82
2.25 0.57 0.81
2.26 0.57 0.82
2.25 0.57 0.81
2.25 0.57 0.8
2.26 0.57 0.8
2.25 0.58 0.81
2.24 0.57 0.8
2.25 0.58 0.82
2.24 0.58 0.81
2.24 0.58 0.82
2.24 0.58 0.82
2.23 0.57 0.83
2.24 0.57 0.82
2.24 0.58 0.82
2.25 0.58 0.83
2.24 0.58 0.82
2.26 0.59 0.82
2.24 0.58 0.83
2.24 0.58 0.84
2.23 0.58 0.84
2.22 0.58 0.83
2.22 0.57 0.83
2.22 0.56 0.84
2.23 0.57 0.83
2.22 0.57 0.84
2.21 0.57 0.83
2.2 0.56 0.84
2.2 0.56 0.83
2.2 0.57 0.84
2.21 0.57 0.83
2.21 0.57 0.83
2.21 0.58 0.81
2.21 0.57 0.81
2.2 0.57 0.82
2.2 0.57 0.81
2.2 0.57 0.8
2.21 0.56 0.81
2.22 0.56 0.82
2.22 0.56 0.81
2.21 0.57 0.82
2.2 0.57 0.82
2.19 0.57 0.82
2.19 0.57 0.81
2.2 0.56 0.81
2.2 0.57 0.83
2.21 0.57 0.83
2.21 0.57 0.84
2.21 0.57 0.83
2.2 0.57 0.83
2.26 0.46 0.89
2.26 0.49 0.88
2.26 0.53 0.88
2.24 0.54 0.85
2.23 0.56 0.85
2.22 0.56 0.84
2.21 0.56 0.82
2.21 0.56 0.83
2.2 0.56 0.81
2.19 0.56 0.79
2.22 0.58 0.79
2.21 0.57 0.78
2.23 0.57 0.8
2.24 0.58 0.8
2.24 0.58 0.81
2.23 0.58 0.84
2.22 0.58 0.85
2.21 0.59 0.85
2.21 0.58 0.84
2.21 0.58 0.84
2.21 0.59 0.84
2.21 0.59 0.83
2.21 0.58 0.83
2.21 0.57 0.83
2.21 0.57 0.83
2.22 0.58 0.82
2.22 0.57 0.82
2.22 0.57 0.81
2.22 0.58 0.81
2.24 0.59 0.81
2.23 0.59 0.81
2.22 0.59 0.8
2.21 0.58 0.81
2.21 0.58 0.82
2.2 0.59 0.83
2.19 0.57 0.83
2.19 0.57 0.84
2.18 0.58 0.84
2.19 0.57 0.83
2.19 0.57 0.83
2.18 0.58 0.82
2.21 0.57 0.85
2.23 0.58 0.84
2.23 0.58 0.86
2.21 0.59 0.86
2.21 0.59 0.85
2.22 0.59 0.86
2.21 0.59 0.85
2.21 0.59 0.83
2.2 0.59 0.82
2.21 0.59 0.82
2.2 0.58 0.81
2.2 0.58 0.8
2.2 0.57 0.81
2.18 0.57 0.81
2.19 0.57 0.82
2.2 0.57 0.83
2.19 0.58 0.82
2.19 0.58 0.83
2.2 0.57 0.83
2.2 0.57 0.81
2.2 0.57 0.8
2.21 0.57 0.79
2.21 0.58 0.8
2.2 0.59 0.8
2.21 0.59 0.81
2.21 0.6 0.81
2.21 0.59 0.81
2.21 0.58 0.82
2.21 0.58 0.83
2.2 0.58 0.82
2.2 0.58 0.83
2.21 0.59 0.81
2.2 0.58 0.82
2.2 0.57 0.82
2.2 0.57 0.83
2.2 0.57 0.83
2.19 0.56 0.84
2.2 0.56 0.84
2.2 0.56 0.84
2.2 0.57 0.85
2.2 0.57 0.85
2.22 0.58 0.85
2.21 0.58 0.85
2.21 0.57 0.86
2.21 0.56 0.86
2.2 0.56 0.85
2.2 0.57 0.84
2.22 0.57 0.83
2.22 0.57 0.83
2.22 0.58 0.82
2.21 0.58 0.83
2.21 0.58 0.83
2.21 0.58 0.83
2.23 0.58 0.84
2.22 0.57 0.85
2.22 0.57 0.86
2.21 0.57 0.85
2.21 0.57 0.84
2.21 0.56 0.84
2.21 0.57 0.83
2.2 0.57 0.83
2.2 0.57 0.84
2.2 0.57 0.83
2.19 0.57 0.82
2.2 0.56 0.83
2.2 0.55 0.83
2.2 0.56 0.82
2.19 0.57 0.83
2.19 0.57 0.82
2.2 0.57 0.82
2.21 0.57 0.84
2.2 0.57 0.84
2.19 0.57 0.83
2.2 0.57 0.82
2.2 0.57 0.83
2.19 0.57 0.82
2.19 0.57 0.82
2.2 0.57 0.81
2.2 0.58 0.8
2.19 0.57 0.82
2.19 0.57 0.82
2.19 0.58 0.82
2.2 0.57 0.83
2.2 0.57 0.84
2.2 0.58 0.84
2.2 0.59 0.83
2.2 0.58 0.81
2.19 0.58 0.8
2.19 0.58 0.8
2.19 0.58 0.8
2.19 0.57 0.81
2.2 0.57 0.83
2.2 0.58 0.83
2.19 0.58 0.83
2.19 0.58 0.83
2.2 0.58 0.83
2.2 0.59 0.84
2.2 0.59 0.83
2.2 0.57 0.82
2.2 0.57 0.83
2.21 0.57 0.82
2.2 0.57 0.82
2.21 0.57 0.83
2.21 0.56 0.84
2.2 0.57 0.83
2.2 0.57 0.83
2.2 0.57 0.83
2.2 0.57 0.83
2.21 0.57 0.84
2.2 0.56 0.85
2.2 0.57 0.86
2.2 0.56 0.85
2.21 0.56 0.85
2.2 0.56 0.85
2.2 0.55 0.87
2.2 0.57 0.86
2.19 0.57 0.85
2.18 0.57 0.84
2.2 0.58 0.84
2.2 0.58 0.84
2.21 0.58 0.85
2.21 0.58 0.84
2.21 0.58 0.83
2.2 0.58 0.83
2.21 0.57 0.84
2.2 0.57 0.84
2.18 0.49 0.78
2.18 0.52 0.78
2.19 0.55 0.79
2.2 0.55 0.8
2.2 0.55 0.81
2.2 0.57 0.8
2.2 0.57 0.82
2.21 0.58 0.82
2.21 0.58 0.81
2.21 0.57 0.8
2.2 0.57 0.81
2.2 0.56 0.82
2.18 0.56 0.82
2.19 0.56 0.81
2.19 0.56 0.82
2.2 0.56 0.81
2.2 0.56 0.82
2.2 0.56 0.83
2.2 0.56 0.84
2.2 0.56 0.84
2.2 0.57 0.84
2.19 0.56 0.84
2.19 0.56 0.84
2.2 0.56 0.83
2.2 0.57 0.83
2.2 0.57 0.82
2.2 0.57 0.82
2.18 0.56 0.83
2.18 0.57 0.83
2.19 0.56 0.83
2.18 0.56 0.84
2.18 0.56 0.83
2.18 0.56 0.84
2.19 0.55 0.83
2.2 0.56 0.85
2.2 0.55 0.84
2.21 0.56 0.83
2.2 0.55 0.84
2.2 0.56 0.84
2.2 0.57 0.84
2.2 0.56 0.84
2.19 0.55 0.83
2.22 0.56 0.84
2.21 0.55 0.84
2.21 0.57 0.84
2.22 0.56 0.84
2.22 0.57 0.84
2.2 0.57 0.82
2.21 0.57 0.83
2.23 0.58 0.83
2.23 0.57 0.85
2.22 0.57 0.86
2.21 0.56 0.87
2.21 0.57 0.86
2.21 0.57 0.85
2.22 0.57 0.84
2.22 0.56 0.84
2.21 0.57 0.83
2.22 0.56 0.82
2.21 0.57 0.83
2.22 0.57 0.81
2.21 0.56 0.81
2.21 0.56 0.8
2.21 0.56 0.82
2.21 0.56 0.84
2.22 0.57 0.84
2.21 0.56 0.83
2.21 0.55 0.83
2.22 0.56 0.83
2.21 0.56 0.84
2.22 0.55 0.84
2.22 0.57 0.85
2.22 0.55 0.84
2.21 0.56 0.85
2.22 0.55 0.85
2.21 0.56 0.84
2.21 0.55 0.84
2.21 0.55 0.84
2.23 0.52 0.86
2.23 0.54 0.85
2.22 0.55 0.84
2.22 0.56 0.84
2.23 0.57 0.83
2.23 0.56 0.82
2.22 0.56 0.84
2.22 0.56 0.84
2.22 0.56 0.84
2.21 0.55 0.83
2.21 0.55 0.82
2.2 0.56 0.81
2.21 0.56 0.82
2.21 0.55 0.82
2.2 0.56 0.82
2.2 0.56 0.83
2.2 0.56 0.81
2.19 0.56 0.82
2.19 0.56 0.81
2.19 0.56 0.82
2.18 0.56 0.82
2.19 0.55 0.83
2.2 0.55 0.85
2.21 0.56 0.84
2.21 0.56 0.85
2.21 0.55 0.85
2.21 0.56 0.84
2.23 0.56 0.83
2.22 0.56 0.84
2.22 0.56 0.84
