0.16 0.56 -0.21
0.15 0.56 -0.09
0.16 0.56 0.01
0.15 0.56 0.08
0.17 0.56 0.11
0.17 0.56 0.14
0.17 0.55 0.16
0.19 0.57 0.05
0.18 0.56 0.1
0.18 0.55 0.02
0.18 0.56 -0.06
0.17 0.55 -0.12
0.17 0.57 -0.17
0.17 0.56 -0.05
0.19 0.55 0.02
0.17 0.55 -0.04
0.18 0.56 -0.07
0.17 0.55 0
0.17 0.56 -0.07
0.18 0.54 -0.07
0.18 0.56 -0.12
0.17 0.54 -0.03
0.17 0.55 -0.07
0.19 0.57 -0.14
0.19 0.55 -0.02
0.18 0.53 0
0.17 0.54 -0.04
0.1 0.48 0.06
0.13 0.49 -0.02
0.14 0.51 -0.07
0.13 0.5 -0.02
0.13 0.49 0.07
0.15 0.5 -0.03
0.16 0.52 -0.08
0.16 0.54 -0.13
0.16 0.56 -0.15
0.15 0.56 -0.04
0.15 0.56 0.04
0.15 0.56 0.09
0.15 0.56 0.16
0.15 0.55 0.2
0.15 0.56 0.12
0.16 0.55 0.15
0.15 0.55 0.03
0.15 0.55 -0.06
0.16 0.55 -0.06
0.16 0.55 0.04
0.15 0.55 -0.04
0.16 0.55 -0.13
0.16 0.55 -0.19
0.15 0.56 -0.21
0.14 0.54 -0.08
0.15 0.52 -0.01
0.15 0.53 -0.08
0.14 0.54 -0.11
0.18 0.55 -0.1
0.18 0.53 -0.05
0.13 0.48 0.03
0.11 0.47 0.11
0.13 0.5 0.01
0.15 0.52 -0.08
0.18 0.56 -0.02
0.19 0.55 0.05
0.17 0.55 -0.01
0.18 0.53 0.05
0.18 0.55 -0.03
0.17 0.56 0.03
0.16 0.55 0.09
0.17 0.52 0.11
0.16 0.54 0.03
0.15 0.54 -0.05
0.16 0.55 0.01
0.17 0.56 -0.07
0.13 0.52 -0.14
0.13 0.53 -0.17
0.13 0.54 -0.21
0.13 0.56 -0.21
0.15 0.55 -0.09
0.15 0.55 -0.15
0.15 0.55 -0.15
0.17 0.55 -0.08
0.19 0.56 -0.13
0.17 0.56 -0.03
0.17 0.55 0.05
0.21 0.48 0.09
0.19 0.5 0.01
0.18 0.53 -0.06
0.16 0.5 -0.01
0.16 0.5 -0.05
0.15 0.53 -0.11
0.16 0.54 -0.14
0.18 0.54 -0.19
0.17 0.54 -0.22
0.17 0.54 -0.23
0.15 0.55 -0.14
0.17 0.55 -0.13
0.16 0.54 -0.16
0.11 0.49 -0.09
0.12 0.51 -0.12
0.12 0.53 -0.17
0.09 0.5 -0.05
0.09 0.51 -0.09
0.1 0.53 -0.15
0.11 0.54 -0.18
0.09 0.51 -0.04
0.11 0.51 -0.1
0.11 0.51 -0.15
0.12 0.51 -0.2
0.13 0.52 -0.17
0.13 0.54 -0.18
0.13 0.55 -0.21
0.13 0.55 -0.23
0.13 0.57 -0.25
0.15 0.57 -0.1
0.15 0.57 0.01
0.15 0.57 0.09
0.14 0.57 0.15
0.14 0.56 0.16
0.15 0.55 0.2
0.15 0.56 0.08
0.13 0.54 -0.02
0.13 0.54 0.07
0.14 0.54 0.07
0.14 0.54 0.11
0.14 0.54 0.01
0.14 0.54 0.08
0.13 0.54 -0.02
0.13 0.55 -0.07
0.15 0.53 0.01
0.15 0.54 -0.09
0.15 0.54 -0.13
0.15 0.56 -0.16
0.15 0.55 -0.04
0.15 0.56 -0.1
0.15 0.56 0
0.15 0.55 0.01
0.13 0.54 0.07
0.1 0.51 0.14
0.1 0.52 0.06
0.13 0.53 0.03
0.13 0.55 -0.05
0.14 0.54 -0.11
0.13 0.54 -0.17
0.13 0.54 -0.21
0.13 0.56 -0.21
0.13 0.55 -0.09
0.13 0.56 -0.13
0.13 0.56 -0.02
0.13 0.57 0.08
0.14 0.56 0
0.09 0.5 -0.09
0.12 0.53 0
0.12 0.54 -0.08
0.13 0.56 -0.12
0.12 0.55 -0.04
0.14 0.55 -0.06
0.14 0.56 -0.12
0.13 0.56 0
0.15 0.55 0.06
0.14 0.55 0
0.14 0.56 -0.08
0.14 0.55 0
0.14 0.56 -0.06
0.15 0.55 0.03
0.16 0.55 -0.02
0.16 0.57 0.06
0.16 0.56 0.11
0.15 0.56 0.16
0.15 0.55 0.18
0.15 0.55 0.08
0.15 0.57 -0.02
0.14 0.55 0.07
0.14 0.55 0.01
0.14 0.57 -0.06
0.15 0.55 0.04
0.16 0.56 -0.03
0.16 0.56 0.05
0.16 0.56 0.12
0.15 0.56 0.16
0.15 0.56 0.2
0.16 0.56 0.23
0.16 0.54 0.22
0.17 0.55 0.09
0.18 0.57 0.11
0.18 0.56 0.01
0.19 0.55 0.09
0.15 0.5 0.13
0.17 0.51 0.02
0.15 0.53 -0.07
0.15 0.54 0.01
0.17 0.51 0.07
0.17 0.53 0
0.16 0.51 0.05
0.16 0.53 -0.02
0.16 0.52 0.05
0.17 0.53 0.02
0.17 0.54 0.07
0.17 0.55 -0.03
0.19 0.55 -0.11
0.18 0.56 -0.14
0.18 0.55 -0.02
0.18 0.54 -0.11
0.19 0.56 -0.15
0.16 0.56 -0.04
0.13 0.5 -0.09
0.13 0.51 -0.12
0.14 0.51 -0.03
0.15 0.52 0.04
0.15 0.52 -0.03
0.16 0.55 -0.09
0.16 0.55 -0.13
0.18 0.55 -0.04
0.14 0.5 0.05
0.14 0.52 -0.04
0.11 0.48 0.01
0.13 0.52 0.06
0.13 0.54 -0.03
0.14 0.54 0.02
0.14 0.55 -0.04
0.16 0.56 -0.12
0.18 0.55 -0.01
0.14 0.51 0.07
0.16 0.52 -0.03
0.17 0.51 0.03
0.17 0.52 0.09
0.17 0.54 0.01
0.16 0.53 0.09
0.15 0.54 0.01
0.16 0.54 0.05
0.16 0.56 -0.05
0.16 0.56 0.05
0.19 0.56 0.1
0.18 0.56 0.16
0.18 0.55 0.19
0.17 0.55 0.06
0.18 0.54 -0.01
0.18 0.52 0.02
0.1 0.44 0.11
0.09 0.42 0.15
0.1 0.45 0.02
0.05 0.41 0.1
0.07 0.46 0.01
0.09 0.48 0.09
0.1 0.51 0.01
0.06 0.46 0.1
0.1 0.47 0.14
0.12 0.5 0.08
0.14 0.52 -0.02
0.15 0.52 -0.1
0.15 0.53 -0.12
0.16 0.56 -0.16
0.16 0.55 -0.07
0.15 0.57 -0.11
0.18 0.56 -0.01
0.2 0.56 0.06
0.16 0.51 -0.01
0.16 0.52 -0.08
0.17 0.54 -0.15
0.17 0.54 -0.06
0.16 0.54 -0.1
0.17 0.55 -0.15
0.18 0.56 -0.13
0.17 0.56 -0.04
0.16 0.55 0.04
0.15 0.56 0.09
0.15 0.56 0.14
0.15 0.55 0.17
0.15 0.56 0.07
0.15 0.55 -0.03
0.17 0.57 -0.09
0.16 0.56 0
0.16 0.55 0.06
0.16 0.55 -0.05
0.16 0.56 0.03
0.16 0.56 0.09
0.15 0.54 0.02
0.15 0.53 -0.07
0.14 0.54 -0.1
0.13 0.54 -0.13
0.15 0.54 -0.17
0.14 0.51 -0.03
0.14 0.53 -0.1
0.13 0.5 0.01
0.15 0.49 0.07
0.15 0.52 -0.03
0.16 0.54 -0.1
0.18 0.55 -0.14
0.18 0.55 -0.14
0.18 0.56 -0.14
0.18 0.55 -0.05
0.18 0.57 -0.1
0.17 0.58 0.01
0.17 0.56 0.08
0.17 0.56 0.13
0.17 0.57 0.04
0.16 0.57 0.11
0.15 0.58 0.16
0.15 0.56 0.18
0.15 0.55 0.19
0.16 0.55 0.21
0.16 0.56 0.08
0.09 0.47 -0.02
0.1 0.51 -0.08
0.11 0.52 -0.14
0.13 0.54 -0.18
0.16 0.55 -0.14
0.17 0.56 -0.16
0.16 0.56 -0.06
0.17 0.55 0.01
0.17 0.55 -0.05
0.16 0.56 -0.11
0.16 0.55 -0.03
0.16 0.56 -0.08
0.18 0.56 0.02
0.17 0.57 0.08
0.16 0.57 0.15
0.18 0.57 0.18
0.17 0.55 0.09
0.18 0.55 0.04
0.18 0.57 -0.04
0.18 0.55 -0.08
0.18 0.55 -0.16
0.2 0.54 -0.19
0.2 0.57 -0.21
0.17 0.56 -0.09
0.18 0.56 -0.02
0.18 0.54 -0.07
0.19 0.53 0
0.18 0.55 -0.08
0.17 0.55 -0.1
0.17 0.54 -0.16
0.17 0.55 -0.21
0.16 0.56 -0.23
0.09 0.48 -0.27
0.13 0.49 -0.26
0.13 0.52 -0.25
0.16 0.55 -0.26
0.16 0.55 -0.11
0.16 0.55 -0.14
0.17 0.55 -0.19
0.18 0.56 -0.19
0.17 0.55 -0.09
0.17 0.56 -0.12
0.17 0.56 -0.01
0.19 0.55 0.08
0.19 0.55 -0.03
0.18 0.56 -0.09
0.17 0.56 0
0.18 0.55 0.06
0.2 0.56 -0.01
0.18 0.55 0.07
0.18 0.56 -0.01
0.17 0.56 0.06
0.17 0.56 0.11
0.17 0.56 0.16
0.15 0.55 0.18
0.15 0.56 0.1
0.15 0.56 0.15
0.15 0.54 0.18
0.15 0.54 0.06
0.15 0.53 -0.04
0.13 0.5 0.06
0.13 0.51 -0.02
0.13 0.54 -0.09
0.14 0.55 -0.14
0.13 0.53 -0.04
0.14 0.54 -0.08
0.13 0.51 0.03
0.15 0.52 -0.03
0.15 0.55 -0.1
0.17 0.56 -0.14
0.18 0.55 -0.03
0.19 0.56 -0.08
0.17 0.56 0.02
0.16 0.55 0.08
0.15 0.57 -0.01
0.17 0.56 0.07
0.16 0.56 0.1
0.16 0.55 0.13
0.15 0.55 0.02
0.15 0.55 -0.03
0.15 0.57 -0.09
0.16 0.57 0
0.11 0.51 -0.09
0.14 0.51 -0.14
0.14 0.54 -0.16
0.15 0.56 -0.19
0.17 0.56 -0.06
0.17 0.57 0.04
0.16 0.56 0.12
0.16 0.53 0.05
0.17 0.55 -0.03
0.15 0.53 0
0.16 0.54 -0.06
0.1 0.49 0.04
0.04 0.46 0.11
0.08 0.47 0.14
0.09 0.5 0.06
0.11 0.51 -0.02
0.13 0.54 -0.09
0.12 0.52 0.01
0.14 0.53 -0.07
0.15 0.55 -0.08
0.17 0.55 0
0.15 0.55 -0.06
0.16 0.55 0.02
0.14 0.55 -0.06
0.15 0.55 -0.09
0.15 0.56 -0.11
0.16 0.54 -0.14
0.17 0.55 -0.18
0.18 0.56 -0.2
0.18 0.56 -0.07
0.17 0.56 0.01
0.17 0.56 0.08
0.16 0.56 0.14
0.16 0.53 0.03
0.16 0.54 -0.04
0.16 0.51 0.01
0.17 0.53 -0.02
0.17 0.54 -0.06
0.17 0.54 -0.13
0.18 0.55 -0.16
0.17 0.55 -0.19
0.17 0.56 -0.19
0.16 0.55 -0.06
0.18 0.57 -0.13
0.17 0.54 -0.15
0.17 0.56 -0.06
0.17 0.56 0.03
0.17 0.55 0.06
0.18 0.53 0.08
0.17 0.55 -0.01
0.17 0.54 -0.08
0.19 0.56 -0.11
0.17 0.56 -0.01
0.17 0.56 0.07
0.16 0.56 0.13
0.17 0.57 0.16
0.18 0.56 0.05
0.14 0.53 -0.04
0.15 0.55 -0.11
0.15 0.55 -0.02
0.18 0.57 -0.08
0.17 0.56 -0.11
0.17 0.56 -0.01
0.17 0.57 0.08
0.16 0.55 0.12
0.16 0.53 0.14
0.15 0.55 0.04
0.14 0.55 -0.04
0.15 0.54 -0.1
0.15 0.55 -0.16
0.16 0.56 -0.18
0.17 0.56 -0.06
0.16 0.56 -0.12
0.19 0.56 -0.03
0.18 0.55 0.03
0.2 0.55 0.01
0.2 0.56 -0.01
0.23 0.56 0.05
0.18 0.52 -0.03
0.09 0.46 0.06
0.1 0.49 -0.01
0.12 0.52 -0.06
0.12 0.54 -0.11
0.14 0.54 -0.14
0.13 0.54 -0.05
0.15 0.55 -0.07
0.15 0.55 -0.14
0.16 0.54 -0.18
0.17 0.56 -0.2
0.16 0.56 -0.08
0.16 0.56 0
0.16 0.57 0.07
0.16 0.56 0.13
0.18 0.57 0.17
0.19 0.57 0.2
0.17 0.56 0.21
0.17 0.55 0.22
0.16 0.55 0.09
0.15 0.57 0.13
0.16 0.56 0.18
0.16 0.56 0.19
0.14 0.52 0.05
0.14 0.54 -0.03
0.16 0.52 0.02
0.16 0.53 -0.04
0.15 0.54 -0.1
0.15 0.53 -0.03
0.15 0.52 0.04
0.17 0.54 -0.03
0.17 0.53 0.03
0.16 0.53 -0.05
0.17 0.55 -0.09
0.18 0.55 -0.15
0.13 0.5 -0.03
0.13 0.52 -0.08
0.14 0.53 -0.11
0.15 0.51 -0.02
0.15 0.51 -0.11
0.15 0.51 -0.16
0.15 0.54 -0.18
0.16 0.54 -0.18
0.15 0.56 -0.22
0.16 0.57 -0.24
0.16 0.56 -0.1
0.16 0.55 -0.15
0.15 0.56 -0.04
0.16 0.56 0.05
0.14 0.56 0.11
0.16 0.54 0.02
0.17 0.52 0.07
0.16 0.52 0.08
0.16 0.54 -0.01
0.15 0.53 -0.08
0.14 0.53 -0.13
0.14 0.53 -0.17
0.14 0.53 -0.07
0.14 0.53 -0.12
0.16 0.55 -0.05
0.15 0.56 -0.09
0.14 0.55 -0.01
0.14 0.56 -0.06
0.14 0.55 0.02
0.08 0.48 0.1
0.1 0.5 0.12
0.13 0.5 0.15
0.15 0.52 0.09
0.14 0.54 0
0.14 0.55 -0.04
0.14 0.55 0.06
0.16 0.57 -0.03
0.14 0.57 0.05
0.14 0.55 0.11
0.14 0.54 0.16
0.16 0.55 0.12
0.16 0.55 0.02
0.15 0.54 -0.05
0.16 0.55 -0.14
0.15 0.53 -0.19
0.13 0.49 -0.06
0.13 0.49 -0.14
0.14 0.52 -0.19
0.13 0.53 -0.22
0.15 0.53 -0.09
0.15 0.53 -0.16
0.15 0.53 -0.2
0.16 0.53 -0.1
0.16 0.54 -0.11
0.15 0.54 -0.15
0.15 0.53 -0.2
0.14 0.54 -0.23
0.15 0.55 -0.11
0.15 0.55 -0.14
0.17 0.55 -0.2
0.17 0.56 -0.07
0.16 0.55 0.01
0.16 0.56 -0.06
0.15 0.56 0.03
0.15 0.55 0.1
0.16 0.55 0.12
0.15 0.54 0.01
0.16 0.56 -0.05
0.16 0.53 -0.09
0.16 0.55 -0.14
0.15 0.55 -0.19
0.16 0.55 -0.22
0.15 0.55 -0.23
0.16 0.54 -0.13
0.17 0.55 -0.17
0.17 0.55 -0.19
0.19 0.56 -0.09
0.19 0.56 0
0.15 0.52 -0.09
0.16 0.52 -0.16
0.16 0.54 -0.04
0.16 0.55 -0.1
0.16 0.56 -0.13
0.16 0.56 -0.03
0.15 0.55 -0.09
0.17 0.57 -0.14
0.17 0.56 -0.02
0.17 0.56 0.07
0.2 0.56 0.1
0.15 0.52 0.01
0.15 0.53 -0.06
0.15 0.55 -0.11
0.15 0.55 -0.13
0.15 0.55 -0.16
0.15 0.54 -0.2
0.11 0.51 -0.09
0.13 0.53 -0.14
0.14 0.54 -0.18
0.14 0.55 -0.19
0.14 0.54 -0.23
0.14 0.56 -0.26
0.15 0.55 -0.13
0.09 0.48 -0.01
0.1 0.49 -0.08
0.13 0.48 0.01
0.15 0.51 -0.04
0.16 0.53 -0.06
0.16 0.54 -0.11
0.15 0.55 -0.15
0.15 0.56 -0.2
0.18 0.56 -0.1
0.19 0.56 0.01
0.19 0.53 -0.05
0.18 0.54 -0.11
0.17 0.55 -0.13
0.16 0.55 -0.18
0.13 0.51 -0.04
0.16 0.52 -0.05
0.16 0.53 -0.12
0.16 0.54 -0.17
0.13 0.52 -0.03
0.13 0.55 -0.1
0.14 0.57 -0.15
0.15 0.58 -0.04
0.15 0.58 0.06
0.16 0.58 0.11
0.11 0.52 0
0.12 0.52 -0.05
0.14 0.54 -0.12
0.14 0.54 -0.18
0.14 0.54 -0.21
0.13 0.56 -0.1
0.14 0.56 -0.01
0.14 0.56 0.08
0.14 0.56 0.13
0.14 0.55 0.18
0.13 0.52 0.21
0.14 0.52 0.09
0.14 0.55 -0.01
0.15 0.53 0.05
0.15 0.54 -0.03
0.15 0.51 0.01
0.15 0.51 0.08
0.15 0.5 0.11
0.17 0.51 0.05
0.16 0.54 -0.04
0.16 0.56 -0.08
0.15 0.56 0.03
0.14 0.55 0.08
0.16 0.56 -0.03
0.15 0.56 0.06
0.17 0.55 0.09
0.17 0.57 0.13
0.17 0.56 0.03
0.16 0.56 0.1
0.18 0.56 0.15
0.17 0.56 0.19
0.18 0.56 0.23
0.18 0.54 0.23
0.18 0.54 0.09
0.19 0.53 0.14
0.19 0.52 0.14
0.18 0.54 0.03
0.18 0.55 -0.04
0.17 0.55 0.02
0.17 0.55 -0.04
0.16 0.56 -0.1
0.16 0.56 0
0.15 0.56 0.08
0.15 0.56 0.14
0.15 0.53 0.08
0.15 0.55 -0.02
0.17 0.54 -0.09
0.16 0.55 -0.14
0.14 0.56 -0.18
0.14 0.56 -0.06
0.17 0.56 0.01
0.16 0.56 0.09
0.15 0.55 0.13
0.15 0.55 0.04
0.14 0.55 -0.05
0.13 0.55 -0.09
0.13 0.55 -0.14
0.13 0.57 -0.18
0.13 0.56 -0.05
0.14 0.55 0.01
0.15 0.56 0.06
0.16 0.55 0.12
0.15 0.56 0.16
0.15 0.56 0.2
0.13 0.55 0.21
0.14 0.53 0.22
0.16 0.54 0.15
0.13 0.5 0.2
0.15 0.5 0.07
0.15 0.53 -0.01
0.16 0.52 0.06
0.15 0.53 -0.02
0.15 0.53 -0.08
0.14 0.55 -0.13
0.13 0.54 -0.18
0.13 0.54 -0.2
0.13 0.55 -0.21
0.15 0.57 -0.24
0.14 0.57 -0.1
0.15 0.56 -0.01
0.14 0.55 0.06
0.16 0.52 0.07
0.15 0.53 -0.02
0.16 0.54 -0.07
0.16 0.54 -0.12
0.17 0.54 -0.17
0.16 0.56 -0.22
0.18 0.56 -0.09
0.18 0.56 0.02
0.2 0.56 0.09
0.21 0.55 0.14
0.2 0.55 0.02
0.17 0.55 -0.06
0.14 0.5 0.01
0.15 0.52 -0.05
0.16 0.55 0.02
0.15 0.55 -0.05
0.15 0.56 -0.11
0.17 0.56 -0.01
0.17 0.56 0.07
0.16 0.54 0.11
0.16 0.57 0.01
0.15 0.55 0.05
0.17 0.56 0.03
0.17 0.55 0.1
0.19 0.56 0.07
0.18 0.55 0.11
0.17 0.53 0.15
0.16 0.53 0.03
0.15 0.52 0.11
0.15 0.52 0.14
0.17 0.53 0.02
0.16 0.52 -0.07
0.15 0.53 -0.1
0.15 0.55 -0.15
0.15 0.55 -0.19
0.12 0.51 -0.07
0.14 0.53 -0.14
0.14 0.55 -0.17
0.14 0.54 -0.07
0.15 0.54 -0.11
0.17 0.55 -0.09
0.15 0.56 -0.13
0.15 0.55 -0.01
0.16 0.56 -0.04
0.15 0.55 0.05
0.16 0.55 0
0.16 0.55 -0.09
0.15 0.56 -0.13
0.16 0.55 -0.08
0.16 0.55 -0.11
0.15 0.57 -0.16
0.15 0.55 -0.04
0.16 0.55 0.02
0.16 0.54 -0.06
0.17 0.52 0
0.17 0.52 -0.07
0.09 0.44 0.03
0.11 0.46 -0.06
0.13 0.48 -0.01
0.16 0.51 -0.07
0.16 0.52 0
0.16 0.52 -0.04
0.16 0.53 -0.08
0.16 0.54 -0.12
0.15 0.55 -0.18
0.16 0.55 -0.2
0.16 0.54 -0.24
0.17 0.51 -0.16
0.19 0.53 -0.13
0.13 0.46 -0.01
0.13 0.49 -0.09
0.13 0.5 -0.14
0.14 0.52 -0.17
0.07 0.47 -0.05
0.12 0.5 -0.12
0.13 0.52 -0.14
0.12 0.53 -0.16
0.13 0.52 -0.21
0.13 0.52 -0.21
0.14 0.51 -0.11
0.15 0.53 -0.15
0.15 0.54 -0.13
0.16 0.54 -0.01
0.17 0.53 -0.09
0.16 0.55 -0.15
0.16 0.54 -0.04
0.17 0.55 0.02
0.17 0.56 -0.05
0.15 0.56 0.04
0.16 0.55 0.09
0.16 0.55 0.03
0.19 0.55 -0.07
0.19 0.55 -0.1
0.19 0.54 -0.16
0.18 0.56 -0.17
0.18 0.54 -0.19
0.19 0.54 -0.17
0.15 0.5 -0.04
0.16 0.53 -0.09
0.15 0.53 -0.12
0.17 0.55 -0.15
0.18 0.55 -0.2
0.17 0.57 -0.21
0.16 0.57 -0.09
0.16 0.57 0
0.17 0.56 0.07
0.17 0.55 -0.02
0.16 0.57 -0.09
0.15 0.56 -0.01
0.14 0.57 0.07
0.14 0.57 0.13
0.14 0.55 0.16
0.15 0.54 0.18
0.15 0.53 0.23
0.16 0.54 0.07
0.16 0.54 0
0.16 0.55 0.08
0.14 0.56 -0.01
0.13 0.55 0.07
0.15 0.56 0
0.14 0.55 0.07
0.14 0.55 -0.01
0.14 0.55 -0.08
0.14 0.55 -0.11
0.13 0.55 -0.13
0.14 0.54 -0.2
0.14 0.54 -0.2
0.14 0.55 -0.22
0.14 0.55 -0.09
0.14 0.54 -0.15
0.11 0.48 -0.06
0.11 0.5 -0.09
0.12 0.5 -0.16
0.13 0.51 -0.21
0.12 0.54 -0.22
0.13 0.55 -0.25
0.14 0.54 -0.26
0.13 0.55 -0.24
0.15 0.56 -0.27
0.14 0.56 -0.14
0.13 0.55 -0.03
0.14 0.55 -0.09
0.14 0.55 -0.13
0.14 0.55 -0.15
0.15 0.56 -0.18
0.18 0.56 -0.05
0.16 0.55 0.04
0.16 0.55 -0.04
0.16 0.54 0.03
0.16 0.54 -0.02
0.16 0.55 -0.07
0.15 0.53 0
0.16 0.54 -0.08
0.16 0.54 -0.12
0.17 0.55 -0.12
0.16 0.54 -0.02
0.17 0.52 0.03
0.17 0.55 -0.06
0.17 0.54 0.03
0.18 0.51 0.07
0.18 0.54 -0.01
0.16 0.49 0.07
0.16 0.5 -0.02
0.16 0.51 -0.09
0.16 0.51 -0.14
0.12 0.49 -0.06
0.13 0.51 -0.12
0.15 0.52 -0.17
0.17 0.53 -0.23
0.16 0.54 -0.23
0.16 0.55 -0.24
0.15 0.54 -0.25
0.16 0.53 -0.14
0.13 0.49 -0.04
0.13 0.52 -0.11
0.15 0.52 -0.13
0.16 0.52 -0.02
0.15 0.52 -0.1
0.14 0.52 -0.15
0.14 0.54 -0.18
0.15 0.55 -0.18
0.15 0.55 -0.06
0.15 0.52 0
0.15 0.53 -0.05
0.17 0.56 -0.09
0.16 0.54 0.01
0.15 0.55 -0.06
0.15 0.55 -0.11
0.15 0.56 -0.15
0.17 0.53 -0.15
0.19 0.53 -0.21
0.19 0.54 -0.21
0.2 0.55 -0.24
0.18 0.55 -0.23
0.17 0.58 -0.15
0.17 0.58 -0.03
0.16 0.55 -0.04
0.19 0.54 -0.08
0.15 0.49 0.01
0.15 0.51 -0.06
0.13 0.48 0.02
0.15 0.5 -0.08
0.15 0.53 -0.15
0.1 0.47 -0.02
0.12 0.5 -0.1
0.13 0.51 -0.15
0.14 0.54 -0.05
0.14 0.55 -0.08
0.15 0.54 -0.13
0.15 0.54 -0.18
0.15 0.54 -0.21
0.16 0.54 -0.09
0.16 0.56 -0.15
0.16 0.55 -0.03
0.13 0.51 0.06
0.13 0.51 -0.03
0.16 0.52 -0.09
0.13 0.49 -0.01
0.14 0.52 -0.04
0.14 0.52 -0.12
0.15 0.53 -0.02
0.16 0.53 -0.1
0.16 0.54 -0.1
0.17 0.53 -0.15
0.18 0.54 -0.08
0.2 0.54 -0.15
0.2 0.54 -0.14
0.21 0.53 -0.12
0.14 0.48 0.01
0.15 0.47 0.06
0.15 0.5 -0.03
0.15 0.52 -0.1
0.16 0.5 -0.03
0.17 0.51 -0.08
0.16 0.53 -0.11
0.17 0.53 -0.14
0.16 0.55 -0.17
0.17 0.53 -0.07
0.18 0.51 -0.03
0.17 0.51 0.02
0.17 0.52 -0.05
0.13 0.47 0.02
0.15 0.5 -0.08
0.16 0.52 -0.1
0.16 0.52 -0.14
0.15 0.53 -0.15
0.16 0.52 -0.05
0.16 0.53 -0.11
0.16 0.52 -0.13
0.15 0.52 -0.17
0.17 0.53 -0.23
0.16 0.53 -0.24
0.15 0.53 -0.26
0.16 0.53 -0.29
0.15 0.54 -0.3
0.14 0.55 -0.29
0.15 0.53 -0.31
0.17 0.53 -0.26
0.18 0.55 -0.27
0.16 0.55 -0.24
0.16 0.56 -0.26
0.15 0.56 -0.12
0.16 0.53 -0.15
0.16 0.52 -0.03
0.12 0.47 0.03
0.15 0.49 -0.05
0.15 0.49 -0.12
0.16 0.51 -0.18
0.15 0.52 -0.22
0.14 0.53 -0.24
0.14 0.51 -0.11
0.16 0.53 -0.18
0.18 0.55 -0.22
0.18 0.54 -0.23
0.17 0.55 -0.25
0.16 0.55 -0.25
0.16 0.57 -0.27
0.17 0.58 -0.12
0.16 0.57 -0.03
0.18 0.56 0.05
0.2 0.55 0.13
0.18 0.55 0.03
0.17 0.56 -0.04
0.12 0.51 -0.08
0.13 0.53 -0.12
0.12 0.52 -0.16
0.14 0.54 -0.21
0.15 0.56 -0.25
0.16 0.55 -0.11
0.15 0.54 -0.15
0.16 0.54 -0.13
0.17 0.55 -0.13
0.17 0.55 -0.14
0.16 0.56 -0.16
0.16 0.56 -0.03
0.16 0.56 0.03
0.17 0.55 0.09
0.17 0.54 0.15
0.13 0.52 0.21
0.13 0.53 0.07
0.14 0.54 0.01
0.13 0.54 -0.06
0.13 0.54 -0.12
0.13 0.55 -0.15
0.14 0.55 -0.07
0.17 0.55 -0.06
0.18 0.55 0.02
0.18 0.56 -0.05
0.19 0.56 0.05
0.19 0.56 0.12
0.18 0.54 0.18
0.17 0.54 0.06
0.17 0.54 0
0.15 0.51 0.08
0.15 0.51 0.11
0.15 0.51 0.16
0.16 0.52 0.07
0.15 0.53 0.13
0.18 0.55 0.03
0.15 0.5 0.1
0.16 0.52 0.05
0.14 0.48 0.1
0.14 0.51 -0.01
0.14 0.51 -0.07
0.17 0.52 -0.09
0.15 0.53 -0.13
0.12 0.5 -0.02
0.13 0.52 0.03
0.15 0.5 0.07
0.16 0.51 -0.01
0.17 0.53 -0.09
0.18 0.53 -0.15
0.17 0.53 -0.03
0.17 0.55 -0.08
0.16 0.56 -0.13
0.15 0.54 -0.02
0.16 0.56 -0.1
0.15 0.56 0
0.14 0.55 0.06
0.15 0.55 -0.03
0.14 0.56 -0.09
0.14 0.57 0.01
0.13 0.55 0.09
0.14 0.55 0.1
0.14 0.54 0.17
0.15 0.55 0.19
0.14 0.55 0.08
0.15 0.54 -0.02
0.15 0.54 -0.08
0.1 0.48 0.03
0.13 0.48 0.07
0.09 0.45 0.13
0.12 0.45 0.15
0.13 0.45 0.19
0.15 0.48 0.05
0.14 0.52 -0.05
0.16 0.51 0.04
0.17 0.53 0.01
0.17 0.54 0.03
0.18 0.55 -0.06
0.18 0.54 -0.07
0.19 0.54 -0.06
0.19 0.55 -0.14
0.19 0.55 -0.07
0.19 0.55 -0.1
0.18 0.52 -0.02
0.17 0.53 -0.07
0.17 0.55 -0.08
0.17 0.52 -0.02
0.15 0.54 -0.09
0.15 0.55 -0.14
0.14 0.56 -0.19
0.17 0.56 -0.07
0.17 0.54 -0.14
0.18 0.53 -0.06
0.17 0.53 -0.08
0.16 0.55 -0.14
0.15 0.53 -0.06
0.17 0.52 0.01
0.16 0.55 -0.06
0.17 0.55 -0.11
0.16 0.55 -0.15
0.17 0.53 -0.08
0.17 0.53 -0.13
0.17 0.52 -0.03
0.15 0.53 -0.09
0.14 0.54 -0.13
0.14 0.54 -0.17
0.14 0.54 -0.2
0.14 0.54 -0.24
0.15 0.56 -0.25
0.17 0.53 -0.23
0.17 0.51 -0.14
0.19 0.52 -0.1
0.17 0.54 -0.13
0.17 0.54 -0.18
0.16 0.54 -0.21
0.16 0.56 -0.22
0.16 0.55 -0.1
0.17 0.55 -0.15
0.16 0.54 -0.19
0.15 0.54 -0.06
0.16 0.55 -0.12
0.16 0.57 -0.17
0.16 0.55 -0.05
0.16 0.55 -0.13
0.18 0.54 -0.16
0.17 0.54 -0.18
0.17 0.54 -0.21
0.16 0.54 -0.23
0.17 0.56 -0.12
0.16 0.55 -0.03
0.16 0.56 -0.12
0.16 0.56 0
0.16 0.56 0.08
0.16 0.53 0.01
0.17 0.53 -0.07
0.16 0.53 -0.12
0.17 0.54 -0.05
0.15 0.57 -0.01
0.17 0.56 0.07
0.16 0.56 0.12
0.16 0.57 0.16
0.15 0.54 0.04
0.16 0.55 -0.03
0.15 0.55 0.03
0.16 0.56 -0.06
0.16 0.55 0.03
0.16 0.55 -0.05
0.17 0.54 -0.08
0.14 0.5 0.01
0.14 0.51 -0.06
0.14 0.54 -0.13
0.16 0.54 -0.16
0.17 0.53 -0.06
0.17 0.55 0.02
0.18 0.55 -0.04
0.18 0.54 0.04
0.19 0.56 -0.04
0.18 0.55 0.04
0.18 0.54 0.03
0.18 0.54 -0.03
0.19 0.56 0.06
0.18 0.55 0.1
0.18 0.54 0.15
0.18 0.55 0.08
0.19 0.53 0.11
0.18 0.53 0.15
0.17 0.55 0.05
0.17 0.56 -0.04
0.17 0.56 0.02
0.16 0.55 0.09
0.08 0.48 0.15
0.12 0.52 0.19
0.14 0.53 0.05
0.16 0.53 -0.04
0.17 0.55 0
0.12 0.47 0.08
0.13 0.5 0.02
0.15 0.53 -0.07
0.17 0.52 0.02
0.18 0.54 -0.06
0.17 0.55 -0.11
0.18 0.54 -0.03
0.16 0.56 -0.1
0.16 0.54 0
0.15 0.53 -0.07
0.15 0.54 -0.13
0.16 0.55 -0.16
0.16 0.55 -0.17
0.16 0.55 -0.2
0.16 0.56 -0.23
0.1 0.49 -0.24
0.13 0.53 -0.24
0.11 0.49 -0.09
0.11 0.5 -0.13
0.13 0.5 -0.17
0.14 0.52 -0.18
0.17 0.54 -0.22
0.18 0.55 -0.19
0.16 0.55 -0.2
0.17 0.53 -0.1
0.16 0.52 -0.16
0.15 0.53 -0.19
0.15 0.53 -0.2
0.18 0.53 -0.18
0.17 0.55 -0.23
0.17 0.55 -0.11
0.15 0.56 -0.17
0.15 0.56 -0.06
0.14 0.57 -0.12
0.16 0.57 -0.05
0.16 0.54 -0.09
0.16 0.56 -0.14
0.15 0.56 -0.05
0.14 0.55 0.04
0.14 0.57 -0.05
0.14 0.55 -0.09
0.14 0.56 -0.13
0.08 0.5 -0.18
0.11 0.51 -0.23
0.13 0.53 -0.11
0.13 0.54 -0.15
0.14 0.55 -0.18
0.15 0.54 -0.1
0.14 0.54 0
0.14 0.52 0.01
0.15 0.53 0.07
0.15 0.54 -0.01
0.14 0.54 -0.07
0.2 0.48 0.01
0.18 0.51 -0.08
0.2 0.53 -0.07
0.19 0.54 -0.12
0.2 0.55 -0.17
0.2 0.53 -0.08
0.2 0.55 -0.16
0.2 0.55 -0.07
0.19 0.56 -0.14
0.17 0.54 -0.15
0.17 0.56 -0.05
0.18 0.55 0.02
0.17 0.55 -0.03
0.17 0.55 -0.1
0.16 0.56 -0.15
0.15 0.56 -0.04
0.15 0.55 -0.11
0.15 0.54 -0.15
0.15 0.54 -0.18
0.16 0.56 -0.07
0.09 0.48 -0.14
0.13 0.49 -0.16
0.14 0.51 -0.19
0.14 0.52 -0.2
0.14 0.53 -0.2
0.14 0.54 -0.19
0.15 0.54 -0.1
0.17 0.55 -0.13
0.09 0.5 -0.03
0.1 0.52 -0.09
0.1 0.53 -0.13
0.12 0.55 -0.17
0.13 0.56 -0.21
0.13 0.57 -0.09
0.09 0.51 -0.16
0.12 0.52 -0.17
0.14 0.52 -0.12
0.13 0.54 -0.16
0.14 0.56 -0.19
0.15 0.57 -0.06
0.1 0.5 -0.12
0.13 0.53 -0.17
0.11 0.49 -0.05
0.13 0.51 -0.09
0.16 0.52 -0.12
0.15 0.53 -0.15
0.17 0.53 -0.19
0.16 0.52 -0.07
0.16 0.53 -0.13
0.15 0.55 -0.17
0.17 0.54 -0.21
0.15 0.54 -0.22
0.17 0.55 -0.21
0.17 0.57 -0.22
0.16 0.56 -0.1
0.15 0.54 0
0.17 0.53 0.01
0.17 0.54 0.07
0.17 0.54 0.11
0.18 0.55 0.02
0.18 0.55 0
0.18 0.56 -0.06
0.19 0.56 0.03
0.18 0.55 0.07
0.17 0.56 -0.03
0.18 0.56 0.04
0.18 0.56 0.11
0.18 0.56 0.14
0.18 0.56 0.18
0.17 0.55 0.19
0.18 0.56 0.08
0.18 0.56 0.13
0.2 0.56 0.18
0.17 0.52 0.06
0.19 0.55 -0.03
0.18 0.55 -0.08
0.17 0.56 -0.13
0.16 0.56 -0.04
0.15 0.56 0.05
0.15 0.56 0.11
0.15 0.55 0
0.15 0.54 -0.05
0.15 0.54 -0.13
0.14 0.54 -0.15
0.14 0.52 -0.09
0.13 0.55 -0.14
0.13 0.54 -0.16
0.13 0.55 -0.18
0.13 0.55 -0.19
0.15 0.55 -0.1
0.14 0.52 -0.05
0.14 0.53 -0.09
0.14 0.54 -0.04
0.15 0.52 0.02
0.15 0.53 -0.03
0.14 0.51 0.02
0.15 0.53 -0.04
0.15 0.54 -0.07
0.14 0.55 -0.13
0.13 0.51 -0.06
nan nan nan
0.13 0.51 0.02
0.14 0.52 -0.07
0.15 0.51 0.01
0.15 0.53 -0.04
0.15 0.54 -0.08
0.14 0.54 -0.09
0.15 0.55 -0.14
0.16 0.55 -0.16
0.15 0.55 -0.19
0.15 0.53 -0.21
0.15 0.54 -0.25
0.16 0.54 -0.15
0.16 0.53 -0.19
0.15 0.54 -0.21
0.16 0.55 -0.21
0.15 0.55 -0.23
0.15 0.55 -0.27
0.13 0.56 -0.26
0.14 0.56 -0.12
0.14 0.55 -0.04
0.14 0.55 -0.08
0.14 0.56 -0.12
0.14 0.54 -0.14
0.14 0.56 -0.16
0.16 0.55 -0.07
0.15 0.55 -0.1
0.15 0.56 -0.15
0.14 0.56 -0.04
0.13 0.56 -0.1
0.14 0.56 -0.01
0.15 0.55 0.05
0.14 0.55 -0.05
0.15 0.56 -0.11
0.16 0.56 -0.15
0.08 0.47 -0.16
0.09 0.5 -0.2
0.1 0.5 -0.08
0.12 0.51 0.01
0.14 0.5 0.03
0.12 0.52 -0.05
0.13 0.53 -0.09
0.13 0.54 0
0.14 0.54 -0.05
0.07 0.46 0.06
0.08 0.47 0.13
0.09 0.5 0.02
0.11 0.52 -0.04
0.12 0.54 0.03
0.13 0.54 -0.05
0.14 0.55 -0.09
0.15 0.56 -0.01
0.15 0.56 0.07
0.14 0.55 0.12
0.15 0.57 0.02
0.14 0.55 0.09
0.16 0.54 -0.02
0.16 0.54 -0.06
0.15 0.54 -0.01
0.15 0.53 -0.07
0.14 0.54 -0.11
0.15 0.54 -0.18
0.16 0.55 -0.22
0.18 0.56 -0.23
0.17 0.56 -0.1
0.16 0.55 0
0.16 0.56 -0.06
0.15 0.54 0.03
0.15 0.55 -0.05
0.16 0.54 0.02
0.16 0.53 0.1
0.16 0.53 0.01
0.15 0.53 -0.08
0.15 0.55 -0.13
0.17 0.57 -0.17
0.15 0.56 -0.07
0.17 0.56 0.02
0.15 0.56 0.08
0.16 0.56 0.13
0.16 0.55 0.15
0.16 0.54 0.04
0.16 0.53 0.08
0.16 0.53 0.13
0.17 0.53 0.15
0.12 0.47 0.2
0.12 0.47 0.21
0.11 0.47 0.23
0.11 0.51 0.09
0.13 0.51 0.14
0.11 0.47 0.18
0.12 0.49 0.07
0.13 0.51 0
0.14 0.52 -0.09
0.16 0.53 -0.13
0.15 0.53 -0.18
0.17 0.54 -0.19
0.18 0.55 -0.2
0.19 0.54 -0.22
0.19 0.54 -0.11
0.19 0.54 -0.16
0.19 0.55 -0.17
0.19 0.55 -0.05
0.19 0.55 -0.07
0.18 0.56 -0.13
0.17 0.54 -0.15
0.16 0.55 -0.17
0.13 0.5 -0.05
0.14 0.52 -0.07
0.15 0.53 0.03
0.16 0.54 -0.01
0.17 0.56 -0.06
0.16 0.55 0.03
0.16 0.55 -0.02
0.14 0.52 -0.01
0.15 0.52 -0.06
0.14 0.53 -0.11
0.14 0.55 -0.16
0.17 0.57 -0.18
0.16 0.56 -0.07
0.1 0.47 -0.13
0.12 0.49 -0.11
0.12 0.52 -0.15
0.12 0.52 -0.17
0.12 0.54 -0.17
0.12 0.55 -0.18
0.13 0.56 -0.21
0.1 0.51 -0.21
0.12 0.51 -0.25
0.12 0.52 -0.28
0.14 0.53 -0.28
0.15 0.53 -0.27
0.15 0.53 -0.28
0.14 0.54 -0.27
0.15 0.54 -0.26
0.15 0.54 -0.25
0.17 0.56 -0.13
0.15 0.55 -0.18
0.17 0.56 -0.18
0.18 0.53 -0.19
0.16 0.54 -0.2
0.15 0.55 -0.22
0.17 0.57 -0.21
0.18 0.57 -0.11
0.17 0.56 -0.03
0.17 0.55 0.04
0.17 0.56 -0.03
0.17 0.55 0.05
0.17 0.56 -0.02
0.18 0.55 0.05
0.16 0.55 -0.03
0.16 0.53 0.04
0.16 0.54 -0.04
0.16 0.55 -0.1
0.17 0.55 -0.02
0.17 0.55 -0.06
0.18 0.55 -0.11
0.17 0.56 -0.15
0.16 0.56 -0.03
0.16 0.55 0.05
0.17 0.56 0
0.18 0.53 -0.03
