0.76 0.48 0.01
0.75 0.48 0.09
0.76 0.44 0.14
0.76 0.44 0.2
0.75 0.47 0.26
0.76 0.49 0.08
0.76 0.46 0.15
0.76 0.47 0.21
0.77 0.44 0.24
0.76 0.48 0.08
0.76 0.49 0.02
0.77 0.5 0.11
0.76 0.48 0.18
0.77 0.51 0.12
0.77 0.5 0.17
0.78 0.5 0.02
0.78 0.49 0.1
0.78 0.51 -0.02
0.78 0.5 -0.11
0.78 0.53 0.01
0.78 0.53 0.12
0.78 0.54 0.2
0.78 0.52 0.22
0.78 0.53 0.07
0.78 0.52 0.01
0.78 0.52 -0.03
0.77 0.51 0.09
0.77 0.52 -0.04
0.78 0.54 0.08
0.78 0.54 0.02
0.79 0.57 0.08
0.78 0.54 -0.06
0.78 0.53 0.06
0.79 0.52 -0.06
0.79 0.52 -0.14
0.8 0.54 -0.01
0.79 0.55 -0.11
0.79 0.56 0.02
0.79 0.53 -0.08
0.79 0.53 -0.15
0.79 0.53 -0.01
0.78 0.53 0.09
0.79 0.52 0.18
0.77 0.48 0.18
0.78 0.51 0.22
0.78 0.52 0.19
0.79 0.52 0.23
0.78 0.53 0.15
0.79 0.52 0.14
0.79 0.52 0.07
0.79 0.52 0.15
0.79 0.53 0.03
0.79 0.51 0.13
0.78 0.51 -0.02
0.77 0.53 0.09
0.77 0.54 0.04
0.77 0.54 0.07
0.77 0.53 0.17
0.77 0.57 0.2
0.78 0.55 0.04
0.78 0.54 0.08
0.78 0.54 0.03
0.78 0.51 0.09
0.78 0.51 0.19
0.79 0.5 0.04
0.79 0.51 0
0.79 0.5 -0.02
0.8 0.51 -0.05
0.8 0.52 0.06
0.79 0.5 0.13
0.78 0.46 0.19
0.78 0.46 0.24
0.79 0.48 0.24
0.79 0.51 0.18
0.79 0.48 0.22
0.8 0.49 0.08
0.8 0.51 0.18
0.8 0.53 0.23
0.8 0.54 0.2
0.8 0.53 0.03
0.79 0.53 -0.09
0.78 0.47 -0.03
0.77 0.48 0.09
0.77 0.5 0.04
0.78 0.49 -0.07
0.78 0.52 0.05
0.78 0.52 0.08
0.79 0.52 0.05
0.79 0.49 0.13
0.78 0.5 -0.01
0.78 0.5 0.1
0.78 0.5 0.05
0.77 0.51 0.14
0.78 0.52 0
0.78 0.48 0.09
0.78 0.49 0.03
0.78 0.48 0.14
0.79 0.46 0.21
0.79 0.44 0.22
0.79 0.48 0.27
0.79 0.51 0.11
0.78 0.5 0.19
0.78 0.51 0.25
0.78 0.5 0.29
0.78 0.51 0.33
0.79 0.53 0.32
0.78 0.54 0.29
0.78 0.5 0.3
0.79 0.5 0.31
0.79 0.51 0.21
0.78 0.51 0.27
0.78 0.48 0.3
0.78 0.5 0.11
0.78 0.47 0.17
0.78 0.44 0.19
0.77 0.44 0.23
0.78 0.45 0.29
0.77 0.44 0.3
0.77 0.43 0.31
0.77 0.46 0.14
0.78 0.48 0.19
0.78 0.51 0.05
0.79 0.52 0.04
0.8 0.52 0.13
0.79 0.49 0.17
0.79 0.5 0.25
0.78 0.5 0.3
0.79 0.5 0.2
0.79 0.5 0.04
0.76 0.45 0.08
0.77 0.47 0.18
0.77 0.49 0.02
0.77 0.51 -0.01
0.77 0.5 0.1
0.78 0.5 0.05
0.78 0.53 0.13
0.79 0.54 0.19
0.78 0.52 0.26
0.77 0.51 0.3
0.77 0.5 0.33
0.77 0.47 0.36
0.77 0.46 0.38
0.76 0.47 0.39
0.76 0.51 0.19
0.77 0.52 0.03
0.77 0.53 -0.01
0.78 0.53 0.02
0.79 0.53 0.12
0.77 0.51 0.2
0.78 0.52 0.25
0.77 0.49 0.28
0.77 0.52 0.32
0.78 0.52 0.14
0.78 0.48 0.17
0.77 0.46 0.21
0.77 0.47 0.21
0.78 0.46 0.24
0.78 0.49 0.07
0.78 0.53 0.15
0.77 0.55 0.01
0.77 0.6 0.05
0.78 0.59 -0.07
0.78 0.57 0.05
0.78 0.58 -0.05
0.77 0.57 -0.14
0.78 0.56 -0.21
0.78 0.54 -0.13
0.78 0.55 0
0.77 0.52 0.08
0.77 0.53 -0.04
0.78 0.53 0.07
0.78 0.49 0.14
0.77 0.54 0.13
0.78 0.56 0.15
0.78 0.54 0.01
0.78 0.54 0.11
0.78 0.54 -0.02
0.77 0.55 0.1
0.77 0.53 -0.03
0.77 0.53 -0.09
0.77 0.52 0.03
0.77 0.52 -0.1
0.78 0.53 0.02
0.77 0.54 -0.1
0.77 0.52 -0.17
0.78 0.53 -0.13
0.77 0.53 0.02
0.78 0.55 0.11
0.78 0.54 0.2
0.79 0.54 0.17
0.78 0.58 0.25
0.78 0.54 0.08
0.77 0.52 0.16
0.78 0.52 0.11
0.78 0.5 0.17
0.77 0.5 0.23
0.77 0.49 0.28
0.75 0.48 0.3
0.76 0.48 0.2
0.77 0.48 0.26
0.77 0.52 0.3
0.77 0.52 0.34
0.78 0.52 0.16
0.79 0.51 0.04
0.77 0.51 0.14
0.76 0.48 0.2
0.76 0.49 0.26
0.75 0.47 0.3
0.76 0.5 0.3
0.76 0.49 0.11
0.76 0.48 0.2
0.76 0.47 0.21
0.77 0.49 0.05
0.77 0.5 0.13
0.78 0.51 -0.02
0.78 0.52 -0.11
0.78 0.52 0.01
0.78 0.52 -0.01
0.77 0.5 0.09
0.78 0.53 0.16
0.78 0.53 0.23
0.78 0.51 0.1
0.79 0.5 -0.03
0.79 0.5 0.09
0.79 0.48 0.17
0.78 0.47 0.23
0.78 0.5 0.08
0.79 0.53 -0.02
0.79 0.55 0.08
0.78 0.55 0.16
0.78 0.55 0.16
0.79 0.54 0.09
0.79 0.58 0.15
0.79 0.56 0.22
0.79 0.55 0.12
0.79 0.55 -0.01
0.79 0.55 -0.04
0.79 0.5 0.05
0.79 0.53 0.12
0.79 0.53 -0.02
0.77 0.54 0.09
0.78 0.52 0.17
0.78 0.52 0.22
0.79 0.52 0.26
0.77 0.5 0.31
0.78 0.5 0.15
0.78 0.53 0.22
0.78 0.49 0.24
0.78 0.5 0.3
0.78 0.47 0.29
0.78 0.49 0.33
0.78 0.46 0.33
0.79 0.48 0.22
0.79 0.48 0.2
0.79 0.49 0.27
0.79 0.5 0.09
0.79 0.5 0.18
0.79 0.49 0.26
0.78 0.46 0.28
0.78 0.47 0.2
0.79 0.47 0.05
0.79 0.44 0.11
0.78 0.44 0.18
0.76 0.4 0.25
0.76 0.45 0.28
0.76 0.44 0.31
0.77 0.45 0.34
0.77 0.47 0.23
0.78 0.45 0.25
0.78 0.45 0.3
0.77 0.44 0.33
0.77 0.43 0.37
0.77 0.43 0.38
0.77 0.45 0.25
0.77 0.43 0.27
0.79 0.41 0.29
0.79 0.45 0.16
0.79 0.43 0.21
0.78 0.42 0.25
0.79 0.44 0.07
0.78 0.43 0.13
0.78 0.46 -0.01
0.79 0.48 -0.02
0.79 0.52 0.08
0.79 0.49 0.13
0.79 0.49 0.11
0.78 0.47 0.18
0.79 0.5 0.1
0.78 0.53 0.18
0.78 0.53 0.02
0.77 0.5 0.13
0.76 0.48 0.21
0.77 0.5 0.14
0.77 0.46 0.18
0.78 0.47 0.11
0.77 0.47 0.2
0.75 0.54 0.25
0.75 0.51 0.28
0.75 0.5 0.32
0.76 0.54 0.33
0.76 0.53 0.31
0.76 0.5 0.34
0.77 0.51 0.22
0.77 0.53 0.26
0.76 0.52 0.3
0.76 0.48 0.3
0.76 0.49 0.1
0.77 0.48 0.12
0.78 0.49 0.07
0.77 0.47 0.16
0.78 0.47 0.11
0.78 0.47 0.07
0.78 0.46 0.16
0.78 0.47 0.1
0.77 0.44 0.17
0.77 0.44 0.24
0.77 0.46 0.29
0.76 0.44 0.31
0.75 0.45 0.33
0.76 0.47 0.24
0.77 0.48 0.15
0.76 0.49 -0.01
0.77 0.49 0.11
0.77 0.5 -0.02
0.77 0.51 -0.06
0.76 0.49 0.05
0.76 0.47 0.13
0.76 0.49 0.14
0.77 0.53 0.18
0.78 0.5 0.24
0.77 0.48 0.27
0.76 0.47 0.09
0.74 0.43 0.13
0.74 0.47 0.2
0.75 0.44 0.23
0.76 0.47 0.28
0.75 0.44 0.32
0.75 0.43 0.33
0.76 0.49 0.34
0.76 0.45 0.33
0.76 0.46 0.15
0.77 0.48 0.07
0.77 0.49 0.01
0.77 0.45 0.11
0.78 0.48 0.04
0.77 0.48 0.13
0.77 0.49 0.07
0.78 0.5 -0.06
0.78 0.48 0.02
0.77 0.48 -0.1
0.78 0.49 -0.05
0.79 0.5 -0.01
0.78 0.47 0.1
0.76 0.46 -0.03
0.77 0.48 -0.06
0.77 0.48 -0.08
0.78 0.5 -0.09
0.78 0.51 -0.16
0.78 0.51 -0.15
0.77 0.48 -0.02
0.77 0.46 0.09
0.76 0.45 0.18
0.76 0.47 0.09
0.76 0.45 0.14
0.77 0.44 0.22
0.76 0.45 0.26
0.77 0.47 0.14
0.76 0.46 0.22
0.76 0.45 0.27
0.76 0.46 0.32
0.76 0.44 0.34
0.77 0.49 0.32
0.76 0.48 0.34
0.77 0.49 0.28
0.78 0.49 0.26
0.78 0.51 0.2
0.78 0.51 0.12
0.77 0.5 0.2
0.77 0.5 0.15
0.77 0.51 0.23
0.76 0.51 0.15
0.76 0.49 0.22
0.76 0.51 0.2
0.77 0.47 0.23
0.77 0.43 0.25
0.77 0.46 0.3
0.78 0.46 0.31
0.77 0.5 0.34
0.77 0.46 0.34
0.77 0.47 0.22
0.78 0.47 0.05
0.77 0.47 0.15
0.77 0.5 0.22
0.78 0.5 0.26
0.78 0.52 0.09
0.78 0.52 -0.04
0.79 0.53 0.08
0.79 0.53 0.02
0.79 0.52 -0.02
0.79 0.52 0.1
0.78 0.51 0.19
0.78 0.49 0.24
0.78 0.5 0.15
0.77 0.5 0.22
0.77 0.48 0.26
0.77 0.48 0.09
0.78 0.49 0.05
0.78 0.52 0.15
0.79 0.56 0.17
0.78 0.54 0.03
0.79 0.53 0.05
0.79 0.54 0.15
0.79 0.53 0.03
0.78 0.52 -0.09
0.77 0.5 0.03
0.78 0.5 -0.01
0.78 0.51 -0.1
0.78 0.51 0.03
0.79 0.52 0.03
0.78 0.51 0.13
0.78 0.52 0.18
0.79 0.52 0.1
0.78 0.51 0.19
0.77 0.53 0.25
0.77 0.53 0.17
0.75 0.5 0.23
0.77 0.51 0.15
0.79 0.52 -0.01
0.78 0.54 0.1
0.79 0.54 -0.04
0.79 0.54 0.07
0.79 0.5 0.16
0.79 0.54 0.21
0.79 0.53 0.05
0.79 0.53 -0.07
0.8 0.52 -0.16
0.78 0.51 -0.03
0.79 0.48 0.07
0.78 0.49 0.16
0.78 0.49 0.22
0.78 0.47 0.27
0.78 0.47 0.3
0.78 0.51 0.3
0.78 0.48 0.31
0.78 0.49 0.35
0.77 0.52 0.36
0.77 0.52 0.25
0.78 0.52 0.17
0.78 0.54 0.23
0.78 0.54 0.27
0.77 0.54 0.1
0.77 0.54 0.06
0.77 0.54 -0.08
0.77 0.54 -0.08
0.77 0.53 -0.17
0.76 0.5 -0.05
0.77 0.5 -0.08
0.76 0.52 0.05
0.76 0.53 0.14
0.76 0.53 0
0.76 0.51 -0.1
0.77 0.54 -0.03
0.77 0.54 0.09
0.78 0.52 0.17
0.79 0.52 0.18
0.79 0.48 0.21
0.79 0.48 0.25
0.78 0.51 0.28
0.79 0.51 0.32
0.79 0.53 0.13
0.78 0.5 0.2
0.77 0.47 0.25
0.78 0.47 0.28
0.78 0.48 0.31
0.79 0.48 0.15
0.79 0.51 0.19
0.79 0.53 0.1
0.78 0.49 0.17
0.78 0.46 0.22
0.78 0.43 0.25
0.75 0.39 0.23
0.75 0.41 0.26
0.76 0.42 0.28
0.77 0.45 0.14
0.76 0.44 0.2
0.77 0.42 0.22
0.76 0.4 0.21
0.75 0.41 0.24
0.76 0.42 0.28
0.77 0.45 0.11
0.77 0.44 0.19
0.77 0.45 0.04
0.77 0.47 -0.09
0.78 0.49 0.03
0.79 0.5 0.02
0.78 0.48 0.09
0.77 0.45 0.14
0.75 0.44 0.21
0.76 0.42 0.24
0.77 0.46 0.18
0.77 0.47 0.03
0.77 0.48 -0.08
0.77 0.49 -0.18
0.77 0.5 -0.25
0.76 0.46 -0.09
0.74 0.44 0.03
0.74 0.45 -0.09
0.75 0.46 -0.03
0.74 0.49 -0.14
0.74 0.47 0
0.75 0.45 0.08
0.76 0.44 0.14
0.76 0.43 0.2
0.76 0.42 0.24
0.75 0.39 0.24
0.75 0.39 0.26
0.75 0.4 0.07
0.76 0.43 0.02
0.76 0.44 -0.11
0.76 0.42 -0.02
0.76 0.44 -0.12
0.75 0.43 0.02
0.75 0.42 0.1
0.76 0.45 -0.03
0.75 0.42 0.05
0.76 0.45 0.03
0.77 0.44 0.11
0.76 0.44 0.18
0.76 0.47 0.05
0.77 0.47 0.02
0.76 0.46 0.12
0.76 0.46 0.19
0.77 0.5 0.2
0.76 0.52 0.05
0.75 0.47 0.07
0.75 0.5 0.07
0.76 0.49 0.03
0.76 0.47 0.12
0.76 0.49 0.06
0.76 0.51 -0.06
0.76 0.48 0.04
0.75 0.46 0.12
0.76 0.48 -0.01
0.76 0.49 -0.03
0.77 0.5 -0.04
0.77 0.46 0.04
0.78 0.48 0.08
0.78 0.48 -0.05
0.77 0.49 -0.16
0.75 0.47 -0.01
0.75 0.44 0.07
0.76 0.46 -0.05
0.76 0.44 0.06
0.76 0.42 0.13
0.77 0.44 0.09
0.76 0.41 0.15
0.76 0.45 0.01
0.76 0.47 -0.09
0.76 0.45 0.02
0.75 0.42 0.11
0.73 0.39 0.11
0.74 0.43 0
0.75 0.46 -0.11
0.75 0.44 0
0.77 0.47 -0.09
0.77 0.49 -0.15
0.77 0.49 0
0.78 0.49 0.05
0.78 0.5 0
0.77 0.46 0.04
0.77 0.46 0.07
0.76 0.43 0.15
0.77 0.45 0.22
0.77 0.47 0.08
0.76 0.43 0.13
0.77 0.46 0.08
0.76 0.45 0.16
0.76 0.43 0.18
0.76 0.42 0.21
0.76 0.41 0.22
0.75 0.43 0.27
0.76 0.45 0.15
0.76 0.47 0.01
0.76 0.45 0.08
0.77 0.41 0.11
0.76 0.41 0.19
0.76 0.45 0.21
0.77 0.48 0.04
0.76 0.44 0.1
0.76 0.42 0.14
0.76 0.42 0.19
0.76 0.44 0.03
0.76 0.48 -0.07
0.76 0.51 0.05
0.76 0.48 0.13
0.76 0.46 0.19
0.77 0.49 0.05
0.78 0.5 -0.01
0.77 0.47 0.09
0.78 0.48 0.06
0.78 0.46 0.13
0.77 0.48 -0.02
0.77 0.48 0.09
0.74 0.45 0.13
0.75 0.48 0
0.76 0.49 -0.05
0.76 0.44 0.04
0.77 0.46 -0.01
0.77 0.49 -0.1
0.76 0.45 0
0.77 0.42 0.07
0.76 0.4 0.12
0.77 0.39 0.18
0.77 0.39 0.19
0.77 0.39 0.24
0.78 0.43 0.08
0.78 0.42 0.12
0.78 0.45 -0.02
0.76 0.42 0.02
0.76 0.45 -0.08
0.76 0.45 0.02
0.76 0.45 0.12
0.76 0.48 -0.01
0.76 0.48 -0.04
0.77 0.49 -0.04
0.77 0.5 0
0.77 0.5 -0.01
0.77 0.48 0.1
0.76 0.45 0.16
0.76 0.47 0.03
0.77 0.48 0.07
0.76 0.46 0.12
0.76 0.45 0.19
0.77 0.49 0.04
0.76 0.47 0.12
0.76 0.48 0.04
0.76 0.46 0.12
0.76 0.45 0.17
0.76 0.45 0.25
0.76 0.44 0.28
0.77 0.43 0.28
0.77 0.42 0.32
0.77 0.42 0.32
0.77 0.42 0.35
0.76 0.42 0.36
0.76 0.43 0.26
0.76 0.46 0.1
0.76 0.45 0.18
0.77 0.42 0.22
0.76 0.42 0.27
0.75 0.42 0.3
0.77 0.44 0.19
0.76 0.44 0.24
0.76 0.41 0.26
0.75 0.39 0.24
0.76 0.43 0.06
0.76 0.41 0.15
0.76 0.44 0.08
0.76 0.43 0.15
0.75 0.44 0.2
0.76 0.43 0.26
0.76 0.41 0.27
0.76 0.44 0.11
0.77 0.48 -0.01
0.76 0.49 -0.11
0.77 0.46 -0.01
0.77 0.44 0.08
0.76 0.46 -0.05
0.76 0.49 -0.16
0.74 0.47 -0.03
0.75 0.45 0.05
0.76 0.47 -0.01
0.75 0.45 0.1
0.76 0.43 0.16
0.77 0.4 0.2
0.76 0.4 0.25
0.77 0.38 0.27
0.77 0.38 0.27
0.77 0.39 0.31
0.78 0.42 0.23
0.78 0.41 0.27
0.77 0.39 0.27
0.78 0.37 0.28
0.77 0.38 0.32
0.76 0.38 0.33
0.76 0.38 0.31
0.77 0.41 0.2
0.78 0.43 0.11
0.78 0.42 0.13
0.78 0.42 0.22
0.78 0.42 0.27
0.78 0.41 0.29
0.78 0.41 0.3
0.77 0.41 0.32
0.76 0.4 0.33
0.75 0.41 0.36
0.76 0.41 0.36
0.77 0.44 0.23
0.77 0.43 0.26
0.77 0.42 0.26
0.77 0.43 0.31
0.77 0.42 0.32
0.77 0.41 0.32
0.77 0.43 0.24
0.77 0.44 0.29
0.77 0.43 0.32
0.77 0.47 0.14
0.77 0.44 0.16
0.77 0.44 0.2
0.78 0.46 0.13
0.78 0.45 0.17
0.78 0.43 0.22
0.77 0.41 0.26
0.77 0.41 0.28
0.77 0.4 0.31
0.77 0.4 0.34
0.76 0.41 0.34
0.76 0.41 0.35
0.76 0.39 0.35
0.76 0.4 0.35
0.76 0.41 0.34
0.75 0.42 0.35
0.75 0.42 0.35
0.76 0.41 0.35
0.76 0.41 0.35
0.76 0.42 0.36
0.76 0.44 0.37
0.77 0.42 0.37
0.77 0.45 0.16
0.78 0.46 0.11
0.77 0.44 0.16
0.77 0.42 0.2
0.77 0.41 0.21
0.77 0.45 0.06
0.77 0.43 0.12
0.76 0.46 -0.03
0.76 0.44 0.08
0.77 0.44 0.16
0.77 0.41 0.2
0.76 0.45 0.06
0.73 0.4 0.15
0.74 0.4 0.2
0.74 0.4 0.24
0.75 0.45 0.09
0.75 0.44 0.16
0.76 0.46 0.08
0.76 0.45 0.16
0.75 0.47 0
0.76 0.5 -0.1
0.77 0.47 0.01
0.77 0.46 0.09
0.77 0.47 0.02
0.77 0.46 0.11
0.77 0.45 0.18
0.77 0.48 0.02
0.77 0.46 0.11
0.77 0.49 -0.03
0.77 0.48 0.06
0.77 0.5 -0.07
0.77 0.47 0.03
0.78 0.48 -0.05
0.77 0.46 0.05
0.77 0.44 0.11
0.77 0.46 -0.01
0.77 0.48 -0.12
0.78 0.49 -0.11
0.78 0.46 0.01
0.77 0.48 -0.09
0.77 0.44 0.01
0.77 0.43 0.11
0.78 0.46 -0.02
0.77 0.49 -0.11
0.77 0.46 0
0.79 0.48 -0.03
0.79 0.51 -0.11
0.78 0.53 -0.2
0.77 0.5 -0.05
0.76 0.52 -0.16
0.77 0.52 -0.14
0.77 0.53 -0.06
0.77 0.55 -0.16
0.77 0.53 -0.01
0.77 0.5 0.07
0.77 0.47 0.13
0.77 0.43 0.19
0.78 0.45 0.09
0.77 0.43 0.17
0.78 0.45 0.24
0.77 0.46 0.3
0.76 0.45 0.33
0.76 0.45 0.34
0.76 0.48 0.23
0.77 0.48 0.15
0.77 0.47 0.21
0.76 0.45 0.26
0.77 0.44 0.27
0.76 0.45 0.31
0.75 0.44 0.31
0.75 0.44 0.34
0.76 0.43 0.36
0.77 0.44 0.36
0.78 0.48 0.17
0.76 0.47 0.22
0.77 0.49 0.15
0.77 0.52 0.01
0.76 0.48 0.09
0.76 0.46 0.19
0.76 0.48 0.11
0.76 0.44 0.17
0.77 0.47 0.1
0.77 0.47 0.17
0.77 0.51 0.23
0.77 0.48 0.26
0.78 0.51 0.17
0.78 0.49 0.22
0.77 0.52 0.26
0.78 0.53 0.29
0.78 0.54 0.19
0.78 0.54 0.25
0.78 0.56 0.28
0.77 0.54 0.11
0.77 0.54 0.18
0.77 0.55 0.03
0.79 0.55 0.14
0.79 0.55 0.2
0.79 0.55 0.25
0.78 0.54 0.27
0.78 0.54 0.29
0.79 0.53 0.33
0.79 0.54 0.23
0.79 0.54 0.28
0.79 0.54 0.3
0.8 0.55 0.12
0.8 0.55 0.08
0.8 0.56 0.17
0.79 0.55 0.02
0.8 0.56 -0.08
0.8 0.52 -0.13
0.78 0.5 -0.01
0.79 0.51 0.09
0.78 0.53 0.17
0.78 0.56 0.23
0.78 0.56 0.07
0.78 0.55 0.06
0.79 0.56 -0.07
0.79 0.54 -0.15
0.79 0.56 -0.14
0.79 0.55 0
0.79 0.59 0.06
0.79 0.57 0.14
0.79 0.54 0
0.79 0.54 0.1
0.8 0.54 0.17
0.8 0.55 0.03
0.8 0.56 0.12
0.79 0.55 -0.02
0.79 0.55 -0.12
0.78 0.52 -0.01
0.79 0.49 0.05
0.79 0.5 -0.05
0.8 0.52 -0.01
0.8 0.55 0.08
0.8 0.56 0.16
0.8 0.54 0.01
0.8 0.55 -0.1
0.79 0.54 0.03
0.8 0.55 0.12
0.79 0.51 0.19
0.81 0.52 0.07
0.81 0.54 0.15
0.8 0.55 0.23
0.8 0.5 0.26
0.8 0.5 0.28
0.8 0.51 0.2
0.8 0.53 0.25
0.79 0.52 0.27
0.79 0.49 0.28
0.79 0.49 0.3
0.78 0.49 0.32
0.78 0.51 0.35
0.79 0.51 0.17
0.79 0.56 0.2
0.8 0.54 0.04
0.79 0.55 0.14
0.79 0.54 0.21
0.79 0.54 0.26
0.8 0.55 0.31
0.8 0.56 0.33
0.8 0.54 0.15
0.79 0.55 0.01
0.79 0.54 0.11
0.79 0.54 -0.04
0.79 0.56 0.09
0.79 0.54 -0.04
0.79 0.56 0.05
0.79 0.54 0.13
0.79 0.55 0.2
0.78 0.55 0.26
0.79 0.54 0.31
0.79 0.55 0.34
0.79 0.58 0.33
0.79 0.56 0.27
0.79 0.54 0.1
0.79 0.55 -0.02
0.79 0.55 0.09
0.78 0.59 0.11
0.78 0.55 0.18
0.78 0.56 0.24
0.78 0.52 0.09
0.79 0.54 0.17
0.79 0.55 0.23
0.79 0.58 0.25
0.79 0.57 0.3
0.78 0.56 0.34
0.78 0.52 0.14
0.78 0.53 0
0.77 0.47 0.06
0.77 0.49 0.17
0.78 0.51 0.15
0.78 0.51 0.03
0.79 0.52 0
0.79 0.53 0.05
0.79 0.55 0.11
0.78 0.5 0.16
0.78 0.5 0.23
0.78 0.52 0.29
0.77 0.49 0.3
0.78 0.47 0.32
0.79 0.54 0.27
0.79 0.53 0.31
0.79 0.52 0.34
0.78 0.53 0.37
0.78 0.52 0.38
0.79 0.57 0.33
0.78 0.55 0.13
0.79 0.56 0.18
0.78 0.52 0.04
0.77 0.5 0.12
0.76 0.49 0.19
0.77 0.5 0.25
0.78 0.52 0.28
0.78 0.52 0.18
0.78 0.53 0.24
0.78 0.56 0.27
0.78 0.56 0.32
0.78 0.52 0.15
0.78 0.53 0.09
0.79 0.53 0.18
0.78 0.54 0.04
0.79 0.54 0.01
0.78 0.56 -0.11
0.78 0.55 0.01
0.78 0.56 0.1
0.78 0.55 0.1
0.78 0.57 0.16
0.78 0.55 0.09
0.78 0.56 0.17
0.77 0.56 0.02
0.77 0.56 -0.09
0.77 0.54 0.05
0.78 0.55 0.12
0.77 0.55 0.19
0.78 0.57 0.23
0.77 0.54 0.06
0.78 0.55 -0.04
0.78 0.56 0.06
0.78 0.53 0.12
0.78 0.56 0.17
0.79 0.54 0.02
0.79 0.54 -0.02
0.79 0.52 0.08
0.79 0.51 0.13
0.78 0.53 0.19
0.78 0.54 0.05
0.78 0.55 0.15
0.78 0.54 0.01
0.78 0.56 0.08
0.77 0.53 0.16
0.78 0.54 0.22
0.78 0.54 0.16
0.77 0.57 0.22
0.77 0.54 0.28
0.77 0.53 0.09
0.77 0.55 0.17
0.78 0.54 0.05
0.78 0.52 0.16
0.77 0.53 0.23
0.78 0.53 0.16
0.78 0.53 0.03
0.79 0.53 -0.08
0.79 0.53 0.04
0.78 0.53 -0.07
0.77 0.57 0
0.78 0.56 -0.11
0.78 0.56 -0.19
0.78 0.57 -0.21
0.79 0.56 -0.13
0.79 0.57 -0.18
0.78 0.58 -0.21
0.78 0.57 -0.28
0.78 0.56 -0.12
0.78 0.55 -0.06
0.78 0.58 0.02
0.78 0.57 -0.08
0.78 0.56 0.05
0.78 0.55 -0.04
0.78 0.52 -0.1
0.78 0.51 0.02
0.78 0.52 0.13
0.78 0.53 0.18
0.78 0.55 0.24
0.77 0.56 0.29
0.77 0.53 0.11
0.77 0.56 0.12
0.77 0.53 0.15
0.78 0.54 0.23
0.78 0.54 0.07
0.77 0.53 -0.05
0.76 0.56 0.06
0.76 0.53 0.16
0.76 0.53 0.23
0.78 0.56 0.24
0.77 0.52 0.08
0.77 0.5 0.14
0.78 0.53 0.19
0.79 0.53 0.11
0.78 0.56 0.16
0.78 0.55 0.16
0.78 0.52 0.2
0.78 0.48 0.21
0.78 0.52 0.25
0.78 0.52 0.29
0.78 0.54 0.32
0.77 0.57 0.34
0.77 0.55 0.15
0.77 0.56 0.2
0.76 0.54 0.26
0.76 0.54 0.31
0.77 0.53 0.2
0.77 0.53 0.1
0.77 0.52 0.05
0.77 0.52 0
0.76 0.52 0.11
0.76 0.5 0.18
0.76 0.52 0.04
0.77 0.51 0.08
0.77 0.5 0.08
0.77 0.49 0.16
0.77 0.47 0.2
0.78 0.51 0.24
0.77 0.53 0.29
0.77 0.52 0.32
0.78 0.55 0.32
0.78 0.55 0.35
0.79 0.54 0.2
0.78 0.53 0.05
0.78 0.51 0.12
0.78 0.54 0.19
0.78 0.56 0.24
0.78 0.54 0.08
0.78 0.56 0.17
0.78 0.55 0.16
0.79 0.57 0.21
0.79 0.56 0.06
0.79 0.55 -0.05
0.77 0.58 0.06
0.77 0.58 -0.06
0.77 0.58 -0.15
0.78 0.57 -0.11
0.78 0.56 -0.04
0.78 0.54 -0.14
0.78 0.54 0
0.78 0.55 0.1
0.77 0.55 0.19
0.78 0.54 0.25
0.78 0.54 0.09
0.79 0.55 0.16
0.79 0.54 0.12
0.8 0.48 0.17
0.8 0.49 0.03
0.8 0.53 0.09
0.81 0.54 0.16
0.8 0.52 0.22
0.8 0.51 0.16
0.79 0.51 0.23
0.78 0.54 0.26
0.79 0.58 0.26
0.79 0.55 0.29
0.8 0.54 0.23
0.8 0.58 0.25
0.79 0.58 0.08
0.8 0.56 0.15
0.78 0.55 0.01
0.78 0.55 -0.02
0.78 0.53 0.09
0.78 0.54 -0.05
0.79 0.5 0.03
0.78 0.52 0.13
0.79 0.52 0.2
0.79 0.53 0.26
0.79 0.52 0.28
0.78 0.53 0.26
0.79 0.53 0.17
0.79 0.53 0.24
0.78 0.52 0.28
0.77 0.55 0.31
0.79 0.54 0.22
0.79 0.54 0.13
0.79 0.51 0.21
0.78 0.51 0.27
0.79 0.52 0.19
0.8 0.53 0.13
0.79 0.54 0.07
0.79 0.55 0.1
0.79 0.53 -0.01
0.79 0.52 -0.03
0.79 0.52 0.02
0.78 0.49 0.1
0.78 0.51 -0.03
0.77 0.48 0.07
0.77 0.49 0.15
0.77 0.52 0.21
0.78 0.53 0.14
0.77 0.53 0.21
0.77 0.54 0.05
0.77 0.52 0.13
0.77 0.53 0.2
0.77 0.53 0.26
0.77 0.54 0.31
0.77 0.53 0.22
0.77 0.5 0.26
0.78 0.51 0.19
0.78 0.53 0.24
0.77 0.5 0.29
