1.04 0.46 0.18
1.05 0.48 0.1
1.05 0.46 0.17
1.04 0.5 0.04
1.04 0.47 0.14
1.04 0.51 0.04
1.05 0.49 0.08
1.05 0.45 0.14
1.04 0.43 0.21
1.04 0.44 0.26
1.04 0.42 0.3
1.04 0.42 0.35
1.04 0.42 0.33
1.03 0.4 0.35
1.04 0.4 0.38
1.04 0.39 0.36
1.05 0.42 0.25
1.04 0.4 0.29
1.05 0.42 0.19
1.05 0.41 0.26
1.05 0.46 0.1
1.04 0.42 0.09
1.04 0.47 -0.02
1.05 0.48 -0.03
1.04 0.46 0.06
1.04 0.45 0.14
1.05 0.46 0.22
1.04 0.44 0.28
1.04 0.42 0.31
1.04 0.43 0.32
1.05 0.4 0.34
1.05 0.39 0.34
1.05 0.38 0.34
1.05 0.39 0.35
1.05 0.39 0.38
1.04 0.38 0.4
1.05 0.39 0.4
1.04 0.39 0.39
1.03 0.38 0.38
1.03 0.37 0.37
1.04 0.36 0.36
1.03 0.37 0.36
1.04 0.37 0.36
1.03 0.37 0.34
1.03 0.38 0.35
1.03 0.39 0.35
1.03 0.43 0.22
1.04 0.41 0.26
1.04 0.42 0.28
1.03 0.43 0.32
1.04 0.45 0.19
1.03 0.43 0.25
1.04 0.42 0.28
1.03 0.41 0.29
1.03 0.41 0.33
1.03 0.48 0.16
1.03 0.48 0.23
1.03 0.51 0.08
1.04 0.47 0.14
1.04 0.51 0.02
1.04 0.49 0.12
1.03 0.46 0.17
1.04 0.43 0.22
1.05 0.45 0.19
1.05 0.42 0.24
1.05 0.41 0.28
1.05 0.41 0.31
1.05 0.41 0.34
1.06 0.43 0.2
1.05 0.42 0.26
1.05 0.49 0.14
1.05 0.46 0.21
1.05 0.46 0.25
1.04 0.45 0.29
1.03 0.44 0.3
1.03 0.43 0.33
1.03 0.41 0.36
1.04 0.41 0.39
1.05 0.43 0.26
1.05 0.4 0.28
1.05 0.38 0.29
1.04 0.4 0.32
1.05 0.4 0.35
1.05 0.4 0.36
1.05 0.4 0.36
1.05 0.39 0.34
1.04 0.47 0.17
1.04 0.47 0.23
1.04 0.45 0.27
1.06 0.49 0.09
1.06 0.46 0.14
1.06 0.46 0.09
1.06 0.44 0.16
1.05 0.5 0.04
1.05 0.47 0.13
1.05 0.45 0.19
1.05 0.44 0.23
1.06 0.44 0.27
1.05 0.41 0.29
1.05 0.42 0.34
1.04 0.42 0.34
1.03 0.41 0.36
1.03 0.4 0.37
1.03 0.4 0.39
1.05 0.42 0.27
1.05 0.46 0.1
1.05 0.45 0.19
1.04 0.44 0.25
1.04 0.49 0.1
1.05 0.46 0.19
1.06 0.45 0.26
1.05 0.5 0.08
1.05 0.47 0.12
1.04 0.45 0.17
1.05 0.44 0.23
1.05 0.43 0.22
1.06 0.44 0.29
1.06 0.43 0.34
1.06 0.46 0.24
1.06 0.44 0.28
1.06 0.43 0.29
1.06 0.44 0.33
1.06 0.43 0.37
1.05 0.44 0.39
1.05 0.48 0.2
1.05 0.44 0.2
1.05 0.46 0.27
1.06 0.46 0.21
1.05 0.46 0.26
1.05 0.46 0.24
1.07 0.48 0.16
1.06 0.47 0.23
1.06 0.52 0.1
1.05 0.5 0.2
1.05 0.46 0.26
1.05 0.45 0.3
1.04 0.44 0.34
1.05 0.46 0.23
1.05 0.43 0.19
1.05 0.43 0.26
1.05 0.45 0.17
1.06 0.44 0.22
1.06 0.43 0.24
1.06 0.43 0.29
1.05 0.42 0.32
1.05 0.43 0.35
1.05 0.44 0.37
1.05 0.44 0.4
1.05 0.48 0.19
1.05 0.49 0.12
1.06 0.48 0.12
1.05 0.45 0.19
1.06 0.47 0.13
1.06 0.45 0.2
1.05 0.46 0.27
1.05 0.46 0.31
1.05 0.46 0.35
1.05 0.44 0.36
1.04 0.45 0.39
1.05 0.43 0.37
1.05 0.42 0.38
1.04 0.44 0.39
1.04 0.43 0.42
1.04 0.44 0.44
1.05 0.45 0.34
1.05 0.44 0.34
1.05 0.46 0.37
1.05 0.5 0.21
1.05 0.47 0.23
1.05 0.46 0.28
1.04 0.45 0.31
1.05 0.44 0.11
1.04 0.45 0.05
1.03 0.44 0.13
1.03 0.43 0.2
1.03 0.43 0.19
1.03 0.42 0.23
1.03 0.42 0.16
1.03 0.39 0.22
1.04 0.41 0.15
1.04 0.44 0
1.04 0.44 0.11
1.04 0.43 0.15
1.04 0.43 0.21
1.04 0.43 0.25
1.04 0.45 0.31
1.03 0.43 0.32
1.04 0.43 0.27
1.04 0.45 0.27
1.04 0.45 0.29
1.03 0.44 0.31
1.04 0.46 0.19
1.03 0.44 0.21
1.04 0.44 0.27
1.04 0.45 0.31
1.03 0.45 0.31
1.02 0.42 0.32
1.03 0.41 0.36
1.05 0.41 0.36
1.05 0.45 0.16
1.05 0.44 0.24
1.04 0.42 0.28
1.05 0.46 0.11
1.05 0.44 0.18
1.05 0.44 0.26
1.06 0.46 0.15
1.07 0.5 0.03
1.06 0.49 0.14
1.06 0.49 0.08
1.05 0.47 0.17
1.05 0.46 0.22
1.04 0.46 0.27
1.04 0.48 0.16
1.05 0.47 0.2
1.06 0.51 0.05
1.06 0.46 0.12
1.06 0.45 0.21
1.06 0.48 0.11
1.06 0.46 0.19
1.06 0.46 0.25
1.07 0.47 0.31
1.06 0.45 0.33
1.05 0.51 0.17
1.06 0.51 0.23
1.05 0.48 0.27
1.04 0.46 0.26
1.04 0.46 0.28
1.05 0.46 0.23
1.05 0.47 0.27
1.06 0.47 0.18
1.07 0.46 0.16
1.05 0.45 0.24
1.06 0.43 0.28
1.04 0.43 0.32
1.04 0.42 0.36
1.04 0.39 0.37
1.04 0.36 0.38
1.04 0.4 0.25
1.04 0.45 0.09
1.04 0.44 0.17
1.04 0.49 0.07
1.05 0.46 0.15
1.05 0.45 0.2
1.05 0.43 0.27
1.04 0.42 0.32
1.04 0.43 0.36
1.04 0.44 0.34
1.05 0.45 0.22
1.05 0.5 0.07
1.05 0.55 -0.03
1.06 0.55 -0.12
1.06 0.53 0.03
1.04 0.51 0.12
1.05 0.48 0.2
1.04 0.48 0.1
1.04 0.46 0.15
1.04 0.45 0.2
1.04 0.45 0.17
1.04 0.44 0.21
1.04 0.44 0.27
1.04 0.42 0.3
1.05 0.43 0.31
1.05 0.44 0.33
1.04 0.44 0.36
1.04 0.49 0.18
1.05 0.49 0.11
1.06 0.47 0.19
1.05 0.45 0.22
1.05 0.43 0.29
1.06 0.42 0.29
1.05 0.42 0.32
1.03 0.42 0.33
1.04 0.41 0.34
1.04 0.41 0.36
1.04 0.4 0.36
1.03 0.39 0.36
1.05 0.45 0.19
1.05 0.44 0.22
1.05 0.44 0.26
1.03 0.41 0.32
1.03 0.44 0.34
1.03 0.44 0.37
1.04 0.48 0.18
1.04 0.46 0.21
1.04 0.45 0.26
1.05 0.44 0.31
1.04 0.44 0.35
1.04 0.43 0.35
1.05 0.43 0.37
1.04 0.43 0.39
1.05 0.45 0.41
1.04 0.42 0.39
1.05 0.43 0.39
1.05 0.47 0.21
1.04 0.45 0.25
1.05 0.47 0.08
1.05 0.45 0.14
1.05 0.45 0.09
1.04 0.46 0.17
1.05 0.46 0.14
1.03 0.45 0.19
1.03 0.43 0.24
1.03 0.43 0.26
1.03 0.43 0.29
1.03 0.48 0.14
1.03 0.46 0.22
1.04 0.44 0.27
1.04 0.41 0.3
1.03 0.46 0.13
1.03 0.44 0.2
1.03 0.47 0.14
1.02 0.45 0.19
1.03 0.46 0.27
1.04 0.45 0.31
1.04 0.42 0.32
1.04 0.42 0.34
1.04 0.42 0.35
1.04 0.48 0.17
1.03 0.45 0.17
1.04 0.43 0.22
1.03 0.43 0.28
1.03 0.44 0.33
1.05 0.46 0.23
1.05 0.43 0.27
1.04 0.42 0.29
1.04 0.44 0.34
1.05 0.45 0.36
1.04 0.43 0.35
1.04 0.45 0.37
1.04 0.42 0.35
1.04 0.39 0.34
1.05 0.41 0.26
1.06 0.4 0.31
1.06 0.42 0.33
1.05 0.41 0.3
1.06 0.41 0.32
1.05 0.47 0.14
1.05 0.44 0.17
1.05 0.44 0.23
1.05 0.44 0.28
1.05 0.43 0.31
1.05 0.41 0.34
1.04 0.41 0.37
1.04 0.4 0.36
1.04 0.41 0.39
1.04 0.39 0.36
1.05 0.41 0.39
1.05 0.41 0.39
1.04 0.44 0.18
1.03 0.44 0.23
1.03 0.43 0.27
1.04 0.42 0.29
1.03 0.41 0.33
1.03 0.41 0.34
1.03 0.42 0.34
1.03 0.41 0.36
1.03 0.41 0.38
1.04 0.42 0.39
1.04 0.44 0.4
1.04 0.41 0.4
1.04 0.41 0.41
1.05 0.46 0.2
1.05 0.43 0.25
1.05 0.43 0.3
1.04 0.45 0.31
1.04 0.44 0.35
1.04 0.45 0.39
1.06 0.43 0.38
1.06 0.42 0.39
1.06 0.4 0.39
1.06 0.39 0.4
1.06 0.41 0.43
1.06 0.45 0.22
1.06 0.45 0.26
1.05 0.44 0.31
1.05 0.47 0.2
1.06 0.44 0.22
1.06 0.45 0.28
1.05 0.44 0.29
1.05 0.43 0.31
1.06 0.44 0.34
1.06 0.45 0.37
1.05 0.43 0.37
1.06 0.44 0.3
1.05 0.45 0.34
1.06 0.42 0.35
1.05 0.42 0.37
1.05 0.42 0.36
1.05 0.4 0.37
1.06 0.42 0.25
1.06 0.41 0.29
1.05 0.43 0.34
1.06 0.45 0.22
1.06 0.46 0.2
1.05 0.44 0.26
1.05 0.47 0.17
1.04 0.46 0.18
1.04 0.45 0.25
1.05 0.45 0.3
1.05 0.47 0.34
1.05 0.48 0.37
1.06 0.46 0.38
1.06 0.47 0.39
1.05 0.49 0.2
1.05 0.5 0.11
1.05 0.5 0.17
1.04 0.48 0.24
1.04 0.48 0.3
1.04 0.48 0.34
1.05 0.48 0.29
1.05 0.48 0.31
1.05 0.48 0.24
1.05 0.46 0.29
1.05 0.47 0.33
1.06 0.43 0.33
1.06 0.42 0.34
1.06 0.47 0.16
1.05 0.44 0.15
1.05 0.43 0.2
1.05 0.46 0.25
1.05 0.46 0.3
1.03 0.44 0.32
1.04 0.46 0.36
1.04 0.46 0.38
1.04 0.46 0.4
1.03 0.44 0.41
1.04 0.44 0.41
1.04 0.42 0.42
1.03 0.41 0.39
1.04 0.41 0.39
1.04 0.42 0.27
1.05 0.46 0.23
1.05 0.43 0.28
1.05 0.45 0.17
1.05 0.44 0.24
1.04 0.44 0.28
1.05 0.41 0.31
1.05 0.39 0.3
1.04 0.39 0.31
1.05 0.4 0.35
1.05 0.4 0.36
1.05 0.39 0.37
1.05 0.38 0.39
1.04 0.4 0.39
1.04 0.4 0.4
1.05 0.38 0.38
1.05 0.4 0.24
1.06 0.42 0.3
1.05 0.42 0.24
1.05 0.43 0.3
1.05 0.42 0.34
1.05 0.4 0.37
1.05 0.41 0.4
1.04 0.4 0.4
1.04 0.4 0.42
1.05 0.42 0.43
1.04 0.44 0.44
1.04 0.48 0.24
1.04 0.46 0.24
1.05 0.45 0.28
1.05 0.42 0.26
1.05 0.42 0.31
1.05 0.39 0.32
1.05 0.39 0.35
1.04 0.39 0.37
1.04 0.4 0.37
1.05 0.38 0.37
1.05 0.44 0.18
1.05 0.44 0.14
1.04 0.44 0.23
1.05 0.45 0.22
1.06 0.42 0.25
1.06 0.42 0.3
1.05 0.46 0.12
1.05 0.46 0.13
1.05 0.45 0.21
1.05 0.47 0.25
1.05 0.46 0.3
1.05 0.48 0.19
1.05 0.46 0.25
1.05 0.45 0.28
1.05 0.43 0.31
1.06 0.43 0.34
1.06 0.42 0.36
1.05 0.43 0.39
1.05 0.42 0.41
1.05 0.41 0.39
1.06 0.41 0.38
1.05 0.42 0.3
1.06 0.44 0.33
1.06 0.4 0.32
1.07 0.43 0.22
1.07 0.45 0.13
1.06 0.44 0.21
1.06 0.45 0.13
1.06 0.46 0.06
1.05 0.47 0.15
1.04 0.45 0.21
1.05 0.43 0.25
1.05 0.42 0.28
1.05 0.4 0.32
1.05 0.41 0.35
1.05 0.42 0.35
1.05 0.44 0.38
1.05 0.44 0.4
1.05 0.46 0.41
1.05 0.47 0.25
1.05 0.45 0.28
1.05 0.45 0.18
1.05 0.45 0.23
1.06 0.42 0.25
1.06 0.4 0.27
1.07 0.43 0.18
1.06 0.43 0.24
1.06 0.44 0.3
1.04 0.42 0.28
1.05 0.43 0.32
1.04 0.43 0.34
1.05 0.41 0.35
1.05 0.42 0.35
1.06 0.4 0.36
1.06 0.39 0.34
1.05 0.41 0.37
1.06 0.44 0.26
1.06 0.44 0.31
1.06 0.45 0.35
1.06 0.47 0.26
1.06 0.48 0.2
1.06 0.51 0.05
1.05 0.48 0.11
1.04 0.45 0.15
1.04 0.44 0.23
1.03 0.44 0.27
1.03 0.42 0.3
1.04 0.42 0.31
1.05 0.4 0.32
1.04 0.42 0.22
1.04 0.4 0.25
1.03 0.42 0.3
1.03 0.42 0.32
1.03 0.44 0.35
1.04 0.46 0.25
1.05 0.46 0.17
1.05 0.43 0.23
1.05 0.4 0.26
1.04 0.41 0.3
1.04 0.41 0.33
1.03 0.38 0.32
1.05 0.43 0.2
1.04 0.44 0.23
1.05 0.45 0.15
1.05 0.46 0.2
1.04 0.44 0.26
1.05 0.45 0.3
1.05 0.44 0.34
1.05 0.42 0.37
1.07 0.46 0.27
1.07 0.48 0.11
1.06 0.45 0.18
1.06 0.47 0.12
1.06 0.46 0.21
1.06 0.45 0.25
1.06 0.44 0.31
1.06 0.45 0.33
1.06 0.44 0.34
1.06 0.45 0.3
1.06 0.48 0.17
1.06 0.46 0.25
1.05 0.43 0.28
1.05 0.47 0.1
1.05 0.45 0.18
1.06 0.5 0.06
1.06 0.49 0.04
1.05 0.46 0.15
1.05 0.46 0.12
1.05 0.44 0.19
1.05 0.44 0.26
1.06 0.47 0.19
1.06 0.46 0.26
1.06 0.5 0.13
1.07 0.48 0.2
1.06 0.47 0.23
1.05 0.45 0.28
1.05 0.45 0.31
1.04 0.45 0.34
1.05 0.43 0.36
1.06 0.42 0.38
1.06 0.42 0.4
1.07 0.44 0.27
1.06 0.44 0.32
1.07 0.46 0.24
1.08 0.5 0.07
1.07 0.49 0.06
1.07 0.5 -0.07
1.07 0.52 -0.14
1.06 0.48 -0.01
1.05 0.45 0.1
1.05 0.43 0.14
1.06 0.4 0.19
1.07 0.43 0.13
1.07 0.44 0.1
1.06 0.43 0.15
1.06 0.47 0.01
1.06 0.47 0.13
1.07 0.47 0.07
1.05 0.43 0.17
1.05 0.43 0.24
1.05 0.45 0.3
1.05 0.45 0.25
1.05 0.45 0.29
1.06 0.48 0.12
1.05 0.46 0.21
1.05 0.45 0.28
1.04 0.44 0.29
1.05 0.44 0.32
1.05 0.41 0.33
1.05 0.41 0.36
1.04 0.41 0.38
1.04 0.42 0.38
1.04 0.43 0.4
1.05 0.41 0.41
1.04 0.4 0.41
1.05 0.42 0.41
1.03 0.42 0.38
1.04 0.41 0.38
1.04 0.4 0.38
1.04 0.45 0.17
1.04 0.42 0.22
1.04 0.42 0.28
1.04 0.41 0.32
1.05 0.4 0.32
1.06 0.41 0.36
1.05 0.41 0.38
1.04 0.41 0.4
1.05 0.45 0.2
1.05 0.44 0.24
1.05 0.43 0.29
1.05 0.41 0.32
1.06 0.39 0.33
1.06 0.44 0.18
1.06 0.43 0.22
1.06 0.47 0.09
1.06 0.45 0.17
1.06 0.43 0.23
1.06 0.45 0.27
1.05 0.42 0.29
1.06 0.47 0.12
1.05 0.45 0.17
1.05 0.49 0.04
1.06 0.5 -0.02
1.05 0.48 0.1
1.06 0.53 0
1.05 0.55 -0.06
1.06 0.51 0.05
1.06 0.47 0.13
1.06 0.45 0.16
1.05 0.43 0.17
1.05 0.43 0.21
1.06 0.43 0.2
1.05 0.44 0.27
1.05 0.45 0.31
1.04 0.44 0.31
1.05 0.47 0.18
1.05 0.47 0.17
1.04 0.45 0.24
1.05 0.43 0.28
1.05 0.44 0.25
1.04 0.41 0.3
1.05 0.43 0.2
1.04 0.43 0.24
1.05 0.41 0.29
1.05 0.44 0.19
1.06 0.49 0.06
1.06 0.49 0.16
1.06 0.49 0.1
1.04 0.47 0.17
1.05 0.48 0.08
1.05 0.48 0.19
1.06 0.45 0.23
1.06 0.44 0.27
1.06 0.46 0.32
1.05 0.45 0.36
1.05 0.45 0.39
1.05 0.45 0.4
1.05 0.47 0.43
1.04 0.47 0.42
1.04 0.46 0.42
1.04 0.46 0.44
1.04 0.45 0.45
1.05 0.48 0.34
1.05 0.48 0.23
1.05 0.48 0.13
1.05 0.46 0.2
1.05 0.44 0.26
1.05 0.44 0.29
1.05 0.45 0.19
1.06 0.43 0.25
1.06 0.43 0.3
1.06 0.45 0.18
1.07 0.45 0.24
1.06 0.45 0.27
1.05 0.44 0.3
1.06 0.47 0.13
1.05 0.46 0.14
1.04 0.45 0.21
1.05 0.49 0.1
1.07 0.53 -0.01
1.07 0.5 0.12
1.07 0.52 0.08
1.07 0.51 0.05
1.06 0.48 0.15
1.06 0.46 0.2
1.06 0.44 0.23
1.07 0.46 0.14
1.09 0.5 0.02
1.09 0.47 0.11
1.09 0.46 0.2
1.09 0.44 0.24
1.09 0.46 0.22
1.07 0.44 0.28
1.06 0.45 0.18
1.05 0.42 0.24
1.05 0.43 0.3
1.05 0.44 0.34
1.04 0.46 0.35
1.05 0.47 0.22
1.05 0.48 0.28
1.05 0.45 0.31
1.06 0.43 0.34
1.06 0.44 0.29
1.06 0.45 0.33
1.05 0.46 0.37
1.05 0.47 0.39
1.06 0.46 0.38
1.07 0.48 0.27
1.06 0.48 0.28
1.05 0.53 0.12
1.06 0.48 0.17
1.05 0.46 0.23
1.05 0.47 0.29
1.05 0.45 0.32
1.06 0.45 0.37
1.05 0.44 0.38
1.06 0.45 0.32
1.04 0.46 0.35
1.05 0.5 0.17
1.06 0.54 0.09
1.06 0.52 0.18
1.06 0.49 0.17
1.07 0.51 0.13
1.06 0.47 0.2
1.05 0.47 0.26
1.05 0.47 0.32
1.05 0.48 0.22
1.05 0.47 0.25
1.05 0.5 0.1
1.06 0.49 0.18
1.06 0.46 0.26
1.06 0.46 0.18
1.05 0.44 0.22
1.07 0.47 0.14
1.06 0.48 0.09
1.06 0.47 0.17
1.05 0.45 0.24
1.04 0.44 0.3
1.04 0.44 0.34
1.04 0.45 0.29
1.04 0.42 0.33
1.03 0.42 0.36
1.03 0.4 0.37
1.04 0.41 0.38
1.04 0.41 0.41
1.04 0.43 0.41
1.05 0.41 0.4
1.04 0.41 0.41
1.05 0.44 0.27
1.05 0.45 0.33
1.06 0.45 0.22
1.06 0.44 0.27
1.05 0.43 0.3
1.05 0.49 0.14
1.07 0.54 0.02
1.06 0.51 0.13
1.05 0.5 0.22
1.05 0.49 0.26
1.07 0.46 0.27
1.06 0.45 0.32
1.06 0.49 0.15
1.07 0.49 0.09
1.06 0.47 0.17
1.07 0.45 0.22
1.07 0.44 0.24
1.06 0.43 0.26
1.05 0.45 0.27
1.05 0.44 0.23
1.05 0.44 0.25
1.04 0.44 0.29
1.04 0.44 0.33
1.05 0.43 0.34
1.05 0.47 0.17
1.06 0.47 0.21
1.06 0.43 0.22
1.06 0.43 0.26
1.06 0.43 0.3
1.05 0.43 0.34
1.06 0.43 0.29
1.06 0.44 0.31
1.06 0.49 0.15
1.05 0.47 0.22
1.05 0.47 0.29
1.04 0.46 0.3
1.04 0.44 0.32
1.05 0.44 0.26
1.05 0.47 0.14
1.05 0.46 0.22
1.05 0.45 0.04
1.04 0.5 -0.04
1.05 0.49 0.08
1.06 0.49 0.03
1.06 0.46 0.14
1.07 0.44 0.19
1.07 0.45 0.18
1.06 0.46 0.23
1.05 0.46 0.26
1.03 0.42 0.32
1.04 0.42 0.31
1.04 0.43 0.32
1.04 0.43 0.36
1.05 0.44 0.32
1.05 0.44 0.32
1.06 0.45 0.35
1.05 0.43 0.37
1.05 0.44 0.37
1.05 0.44 0.38
1.04 0.42 0.4
1.04 0.43 0.41
1.03 0.43 0.43
1.04 0.42 0.43
1.04 0.41 0.37
1.04 0.4 0.37
1.05 0.38 0.37
1.06 0.42 0.24
1.05 0.43 0.29
1.06 0.46 0.18
1.07 0.47 0.17
1.07 0.46 0.25
1.07 0.46 0.29
1.07 0.46 0.32
1.06 0.48 0.34
1.04 0.45 0.27
1.05 0.46 0.17
1.05 0.47 0.25
1.04 0.45 0.27
1.04 0.44 0.33
1.05 0.46 0.26
1.05 0.45 0.28
1.06 0.46 0.22
1.05 0.45 0.28
1.05 0.47 0.32
1.04 0.45 0.35
1.05 0.41 0.29
1.05 0.41 0.31
1.05 0.41 0.33
1.05 0.43 0.36
1.05 0.44 0.38
1.04 0.44 0.36
1.05 0.45 0.37
1.04 0.46 0.36
1.06 0.5 0.2
1.05 0.47 0.23
1.05 0.48 0.29
1.05 0.54 0.14
1.05 0.51 0.23
1.06 0.49 0.21
1.06 0.49 0.11
1.06 0.5 0.05
1.06 0.48 0.05
1.06 0.5 -0.01
1.06 0.51 -0.1
1.07 0.52 -0.17
1.07 0.48 -0.03
1.08 0.43 0.05
1.07 0.46 0.17
1.07 0.45 0.21
1.06 0.44 0.27
1.06 0.44 0.18
1.06 0.43 0.24
1.07 0.45 0.23
1.07 0.47 0.29
1.07 0.44 0.34
1.07 0.44 0.24
1.06 0.44 0.29
1.07 0.45 0.29
1.08 0.46 0.21
1.07 0.45 0.27
1.06 0.44 0.31
1.06 0.43 0.26
1.06 0.43 0.32
1.07 0.44 0.29
1.06 0.43 0.32
1.07 0.44 0.29
1.07 0.49 0.13
1.07 0.47 0.1
1.06 0.43 0.17
1.06 0.43 0.1
1.06 0.43 0.17
1.06 0.43 0.11
1.06 0.42 0.19
1.07 0.4 0.25
1.08 0.4 0.28
1.09 0.43 0.19
1.08 0.42 0.26
1.07 0.42 0.28
1.08 0.43 0.21
1.09 0.45 0.1
1.08 0.46 0.2
1.08 0.45 0.26
1.08 0.44 0.3
1.08 0.44 0.34
1.08 0.44 0.37
1.08 0.43 0.38
1.08 0.46 0.24
1.09 0.45 0.3
1.08 0.44 0.25
1.08 0.45 0.16
1.06 0.44 0.2
1.06 0.46 0.27
1.07 0.41 0.26
1.07 0.43 0.18
1.06 0.49 0.06
1.05 0.48 0.16
1.04 0.46 0.22
1.05 0.44 0.28
1.06 0.41 0.25
1.05 0.42 0.3
1.05 0.42 0.3
1.05 0.41 0.33
1.08 0.44 0.25
1.07 0.46 0.3
1.06 0.46 0.32
1.07 0.48 0.24
1.06 0.47 0.2
1.07 0.49 0.11
1.06 0.46 0.18
1.06 0.45 0.25
1.06 0.42 0.29
1.06 0.41 0.3
1.07 0.41 0.33
1.05 0.4 0.31
1.05 0.43 0.22
1.05 0.46 0.28
1.04 0.46 0.32
1.05 0.47 0.36
1.05 0.47 0.37
1.05 0.46 0.38
1.03 0.41 0.4
1.03 0.4 0.39
1.04 0.41 0.4
1.04 0.39 0.39
1.05 0.39 0.41
1.05 0.4 0.39
1.03 0.36 0.39
1.04 0.38 0.42
1.04 0.39 0.41
1.05 0.39 0.4
1.04 0.41 0.38
1.07 0.48 0.21
1.03 0.43 0.29
1.01 0.39 0.34
1.03 0.38 0.37
1.04 0.4 0.4
1.03 0.4 0.41
1.05 0.42 0.24
1.06 0.43 0.17
1.06 0.42 0.23
1.06 0.45 0.18
1.07 0.46 0.18
1.07 0.47 0.08
1.07 0.47 0.08
1.08 0.43 0.15
1.07 0.41 0.22
1.07 0.41 0.24
1.07 0.42 0.28
1.07 0.43 0.31
1.07 0.43 0.34
1.07 0.49 0.17
1.06 0.45 0.24
1.05 0.47 0.29
1.05 0.46 0.34
1.04 0.45 0.37
1.04 0.44 0.34
1.05 0.45 0.31
1.05 0.49 0.12
1.06 0.53 0.01
1.05 0.53 0.11
1.05 0.51 0.11
1.05 0.48 0.17
1.05 0.48 0.25
1.05 0.48 0.28
1.05 0.47 0.33
1.05 0.45 0.36
1.04 0.46 0.39
1.05 0.43 0.39
1.05 0.43 0.4
1.06 0.45 0.3
1.04 0.44 0.32
1.05 0.44 0.34
1.05 0.44 0.37
1.05 0.44 0.4
1.05 0.43 0.39
1.04 0.43 0.39
1.05 0.47 0.2
1.05 0.47 0.26
1.05 0.46 0.31
1.06 0.44 0.32
1.06 0.45 0.27
1.06 0.45 0.3
1.05 0.43 0.33
1.05 0.42 0.32
1.03 0.43 0.32
1.04 0.45 0.34
1.04 0.43 0.36
1.05 0.44 0.39
1.06 0.45 0.27
1.06 0.43 0.31
1.05 0.43 0.34
1.05 0.43 0.36
1.05 0.4 0.38
1.05 0.42 0.31
1.05 0.41 0.34
1.05 0.43 0.38
1.06 0.42 0.38
1.06 0.49 0.19
1.06 0.47 0.27
1.06 0.46 0.31
1.05 0.45 0.31
1.04 0.45 0.35
1.04 0.46 0.38
1.04 0.45 0.39
1.05 0.48 0.4
1.05 0.49 0.25
1.05 0.49 0.3
1.06 0.46 0.3
1.05 0.44 0.29
1.06 0.42 0.31
1.05 0.4 0.33
1.05 0.4 0.36
1.04 0.39 0.38
1.04 0.37 0.36
1.05 0.37 0.39
1.05 0.4 0.4
1.05 0.37 0.38
1.05 0.38 0.38
1.06 0.39 0.4
1.06 0.4 0.35
1.05 0.39 0.35
1.05 0.41 0.39
1.06 0.44 0.2
1.06 0.44 0.25
1.06 0.42 0.3
1.05 0.41 0.17
1.05 0.39 0.23
1.06 0.41 0.14
1.06 0.42 0.15
1.06 0.44 0.1
1.06 0.44 0.1
1.06 0.45 0.04
1.05 0.45 0.13
1.04 0.44 0.18
1.05 0.42 0.18
1.05 0.41 0.22
1.05 0.42 0.13
1.06 0.44 0.16
1.06 0.42 0
1.05 0.41 0.12
1.03 0.41 0.11
1.04 0.41 0.2
1.04 0.46 0.07
1.03 0.45 0.11
1.04 0.43 -0.02
1.04 0.42 0.07
1.03 0.45 -0.04
1.05 0.45 0.04
1.04 0.46 0.14
1.04 0.46 0.22
1.04 0.46 0.28
1.04 0.45 0.28
1.04 0.46 0.32
1.04 0.45 0.36
1.05 0.44 0.39
1.04 0.43 0.4
1.04 0.42 0.4
1.04 0.42 0.37
1.03 0.41 0.36
1.04 0.41 0.39
1.03 0.4 0.4
1.04 0.39 0.42
1.04 0.38 0.37
1.04 0.39 0.28
1.04 0.45 0.11
1.05 0.45 0.07
1.06 0.45 0.03
1.06 0.45 0.13
1.06 0.45 0.22
1.06 0.45 0.2
1.05 0.44 0.24
1.06 0.42 0.28
1.06 0.43 0.33
1.05 0.43 0.36
1.05 0.44 0.22
1.04 0.44 0.26
1.04 0.45 0.32
1.03 0.42 0.36
1.03 0.43 0.35
1.04 0.43 0.36
1.04 0.43 0.38
1.03 0.45 0.39
1.04 0.44 0.34
1.04 0.42 0.37
1.04 0.42 0.38
1.04 0.41 0.37
1.05 0.43 0.24
1.06 0.44 0.22
1.05 0.43 0.24
1.05 0.44 0.18
1.05 0.42 0.23
1.06 0.45 0.14
1.05 0.44 0.22
1.04 0.47 0.07
1.05 0.45 0.14
1.05 0.46 0.08
1.06 0.47 0.05
1.06 0.46 0.16
1.05 0.43 0.21
1.04 0.45 0.28
1.04 0.46 0.32
1.04 0.43 0.31
1.04 0.42 0.34
1.04 0.42 0.37
1.03 0.42 0.39
1.05 0.44 0.32
1.05 0.44 0.21
1.05 0.48 0.07
1.05 0.48 0
1.04 0.45 0.08
1.05 0.45 0.04
1.06 0.45 -0.1
1.06 0.49 -0.14
1.05 0.46 -0.01
1.06 0.45 0.09
1.05 0.43 0.17
1.06 0.4 0.23
1.04 0.39 0.26
1.04 0.44 0.1
1.05 0.44 0.13
1.04 0.44 0.07
1.04 0.43 0.17
1.05 0.44 0.21
1.06 0.42 0.26
1.05 0.41 0.31
1.05 0.43 0.2
1.06 0.44 0.18
1.05 0.47 0.24
1.05 0.44 0.29
1.04 0.42 0.32
1.05 0.43 0.28
1.05 0.42 0.3
1.05 0.41 0.33
1.05 0.41 0.27
1.05 0.43 0.17
1.05 0.44 0.12
1.04 0.46 0.19
