1.37 0.56 -0.28       
1.37 0.53 -0.09       
1.36 0.54 -0.15       
1.36 0.54 -0.21       
1.36 0.55 -0.17       
1.36 0.56 -0.21       
1.36 0.55 -0.08       
1.36 0.55 -0.15       
1.36 0.56 -0.2       
1.36 0.56 -0.07       
1.36 0.56 -0.01       
1.35 0.56 0.06       
1.35 0.55 0.13       
1.35 0.56 0       
1.35 0.55 0.07       
1.34 0.56 -0.01       
1.34 0.58 0.05       
1.33 0.57 0.11       
1.34 0.56 0.15       
1.31 0.5 -0.01       
1.33 0.51 -0.09       
1.33 0.54 -0.14       
1.34 0.53 -0.02       
1.34 0.54 -0.09       
1.34 0.54 -0.14       
1.34 0.56 -0.15       
1.34 0.57 -0.03       
1.34 0.57 0.05       
1.34 0.57 0.12       
1.34 0.55 0.19       
1.35 0.53 0.18       
1.35 0.52 0.02       
1.34 0.48 0.08       
1.35 0.52 0.02       
1.35 0.54 -0.08       
1.34 0.53 -0.08       
1.35 0.53 -0.16       
1.34 0.55 -0.18       
1.34 0.54 -0.05       
1.33 0.51 0.02       
1.34 0.5 0.03       
1.34 0.46 0.08       
1.34 0.51 -0.02       
1.33 0.53 -0.09       
1.33 0.51 -0.04       
1.34 0.52 -0.13       
1.35 0.54 -0.15       
1.35 0.52 -0.22       
1.35 0.55 -0.24       
1.35 0.56 -0.25       
1.35 0.57 -0.12       
1.35 0.56 0.01       
1.34 0.52 -0.04       
1.35 0.54 -0.07       
1.35 0.53 -0.14       
1.34 0.53 -0.18       
1.35 0.53 -0.23       
1.36 0.52 -0.26       
1.35 0.53 -0.28       
1.35 0.51 -0.12       
1.34 0.54 -0.14       
1.34 0.49 -0.06       
1.33 0.52 -0.12       
1.35 0.56 -0.22       
1.35 0.56 -0.06       
1.36 0.56 0.02       
1.35 0.53 -0.05       
1.35 0.54 -0.11       
1.34 0.52 -0.02       
1.34 0.54 -0.09       
1.34 0.53 -0.17       
1.33 0.55 -0.2       
1.33 0.52 -0.14       
1.34 0.54 -0.2       
1.34 0.53 -0.26       
1.33 0.48 -0.14       
1.33 0.51 -0.19       
1.33 0.53 -0.21       
1.33 0.51 -0.26       
1.34 0.53 -0.27       
1.34 0.55 -0.22       
1.33 0.55 -0.26       
1.33 0.51 -0.15       
1.33 0.54 -0.2       
1.33 0.54 -0.23       
1.34 0.55 -0.25       
1.33 0.57 -0.25       
1.34 0.54 -0.09       
1.34 0.58 -0.19       
1.35 0.55 -0.03       
1.33 0.5 0       
1.33 0.5 0.09       
1.35 0.52 -0.03       
1.34 0.5 0.03       
1.36 0.54 -0.07       
1.35 0.54 -0.16       
1.35 0.55 -0.19       
1.35 0.58 -0.21       
1.36 0.55 -0.05       
1.35 0.52 0.02       
1.35 0.51 0.11       
1.35 0.48 0.16       
1.37 0.54 0.01       
1.36 0.55 -0.08       
1.36 0.57 -0.16       
1.36 0.55 -0.02       
1.35 0.53 -0.12       
1.36 0.54 -0.2       
1.36 0.57 -0.21       
1.37 0.56 -0.07       
1.37 0.55 0.01       
1.36 0.51 0.01       
1.37 0.48 -0.06       
1.36 0.46 -0.03       
1.35 0.5 -0.09       
1.35 0.51 -0.18       
1.35 0.51 -0.23       
1.34 0.52 -0.25       
1.35 0.52 -0.23       
1.35 0.51 -0.09       
1.34 0.48 0.06       
1.34 0.5 -0.05       
1.35 0.51 -0.13       
1.35 0.53 -0.18       
1.34 0.56 -0.18       
1.34 0.56 -0.19       
1.35 0.56 -0.02       
1.35 0.53 -0.11       
1.35 0.53 -0.17       
1.35 0.52 -0.03       
1.33 0.52 -0.15       
1.34 0.51 -0.22       
1.36 0.56 -0.28       
1.35 0.53 -0.31       
1.36 0.52 -0.31       
1.36 0.53 -0.32       
1.35 0.54 -0.3       
1.35 0.54 -0.31       
1.36 0.55 -0.32       
1.35 0.53 -0.34       
1.35 0.51 -0.15       
1.34 0.47 -0.08       
1.33 0.45 0       
1.34 0.46 -0.12       
1.33 0.43 0       
1.34 0.44 -0.09       
1.32 0.43 -0.04       
1.33 0.45 0.04       
1.33 0.47 -0.05       
1.34 0.47 -0.14       
1.35 0.52 -0.18       
1.35 0.5 -0.21       
1.35 0.52 -0.24       
1.34 0.54 -0.26       
1.34 0.53 -0.3       
1.33 0.49 -0.16       
1.33 0.46 -0.1       
1.33 0.5 -0.2       
1.34 0.52 -0.2       
1.33 0.55 -0.19       
1.32 0.51 -0.1       
1.33 0.5 -0.17       
1.33 0.54 -0.2       
1.34 0.54 -0.25       
1.35 0.53 -0.29       
1.35 0.52 -0.33       
1.35 0.54 -0.28       
1.35 0.54 -0.3       
1.36 0.53 -0.31       
1.36 0.54 -0.31       
1.36 0.51 -0.33       
1.38 0.53 -0.31       
1.36 0.54 -0.28       
1.37 0.55 -0.32       
1.38 0.58 -0.35       
1.37 0.56 -0.18       
1.37 0.57 -0.01       
1.36 0.58 0.06       
1.35 0.55 0.13       
1.36 0.54 0.01       
1.35 0.55 -0.04       
1.36 0.53 0.07       
1.36 0.53 -0.03       
1.35 0.56 -0.07       
1.36 0.51 -0.16       
1.35 0.48 -0.07       
1.36 0.51 -0.13       
1.36 0.53 -0.15       
1.35 0.51 -0.14       
1.34 0.53 -0.18       
1.34 0.54 -0.23       
1.34 0.56 -0.24       
1.35 0.59 -0.06       
1.35 0.55 0.05       
1.36 0.55 -0.05       
1.36 0.56 -0.12       
1.35 0.56 0       
1.35 0.53 0.12       
1.34 0.51 -0.02       
1.34 0.54 -0.11       
1.35 0.54 -0.19       
1.34 0.55 -0.22       
1.34 0.53 -0.06       
1.35 0.56 -0.12       
1.34 0.58 -0.03       
1.34 0.58 0.04       
1.34 0.55 0.11       
1.34 0.55 0.03       
1.34 0.57 -0.04       
1.34 0.57 0.05       
1.34 0.56 0.14       
1.34 0.54 0.21       
1.35 0.56 0.07       
1.34 0.53 -0.05       
1.34 0.52 -0.14       
1.35 0.51 0.01       
1.35 0.53 -0.09       
1.35 0.51 0.02       
1.35 0.54 -0.08       
1.35 0.55 -0.14       
1.34 0.57 -0.18       
1.34 0.53 -0.19       
1.34 0.53 -0.25       
1.33 0.49 -0.12       
1.34 0.47 -0.02       
1.33 0.46 0.09       
1.34 0.46 0.17       
1.33 0.51 0.07       
1.33 0.49 0.15       
1.33 0.51 0.04       
1.34 0.51 -0.09       
1.34 0.5 -0.17       
1.34 0.49 -0.02       
1.35 0.52 -0.1       
1.36 0.54 -0.12       
1.35 0.5 -0.03       
1.36 0.54 -0.07       
1.35 0.49 -0.02       
1.35 0.5 -0.11       
1.36 0.54 -0.15       
1.35 0.53 -0.2       
1.35 0.48 -0.07       
1.36 0.5 -0.14       
1.36 0.52 -0.19       
1.37 0.56 -0.15       
1.36 0.56 -0.02       
1.35 0.54 0.07       
1.37 0.56 -0.07       
1.36 0.52 -0.11       
1.32 0.47 0.04       
1.32 0.44 0.07       
1.32 0.43 0.1       
1.31 0.43 0.1       
1.31 0.47 0.01       
1.31 0.48 -0.09       
1.33 0.48 -0.17       
1.33 0.45 -0.04       
1.34 0.49 -0.12       
1.35 0.5 -0.2       
1.33 0.48 -0.1       
1.33 0.48 -0.18       
1.34 0.49 -0.24       
1.34 0.52 -0.26       
1.34 0.5 -0.1       
1.34 0.48 0.05       
1.35 0.5 -0.07       
1.34 0.52 -0.11       
1.36 0.56 -0.21       
1.35 0.57 -0.07       
1.36 0.55 0.05       
1.35 0.55 -0.04       
1.34 0.55 -0.12       
1.33 0.5 -0.05       
1.34 0.48 0.06       
1.35 0.49 -0.05       
1.35 0.52 -0.11       
1.35 0.54 -0.17       
1.35 0.54 -0.21       
1.32 0.49 -0.06       
1.33 0.49 -0.17       
1.33 0.51 -0.22       
1.34 0.49 -0.27       
1.34 0.49 -0.15       
1.34 0.51 -0.19       
1.34 0.51 -0.23       
1.34 0.52 -0.24       
1.33 0.48 -0.09       
1.35 0.54 -0.17       
1.35 0.55 -0.23       
1.34 0.56 -0.24       
1.34 0.51 -0.28       
1.34 0.53 -0.27       
1.35 0.57 -0.32       
1.35 0.56 -0.14       
1.34 0.54 0       
1.34 0.53 0.08       
1.33 0.51 0.1       
1.33 0.53 -0.01       
1.34 0.53 -0.1       
1.34 0.49 0.03       
1.33 0.51 -0.01       
1.34 0.54 -0.1       
1.33 0.5 -0.01       
1.34 0.51 -0.11       
1.34 0.52 -0.16       
1.34 0.48 -0.05       
1.34 0.48 -0.13       
1.35 0.48 -0.01       
1.35 0.51 -0.05       
1.35 0.5 0.03       
1.36 0.53 0       
1.35 0.54 -0.07       
1.35 0.52 -0.16       
1.35 0.55 -0.18       
1.34 0.57 -0.18       
1.33 0.51 -0.25       
1.32 0.54 -0.25       
1.33 0.55 -0.26       
1.34 0.55 -0.3       
1.32 0.51 -0.19       
1.33 0.53 -0.21       
1.33 0.53 -0.25       
1.33 0.53 -0.29       
1.33 0.54 -0.31       
1.35 0.55 -0.3       
1.34 0.52 -0.13       
1.34 0.54 -0.19       
1.34 0.58 -0.25       
1.35 0.57 -0.08       
1.35 0.52 -0.15       
1.35 0.52 -0.22       
1.34 0.49 -0.13       
1.33 0.49 -0.2       
1.36 0.57 -0.24       
1.35 0.57 -0.11       
1.36 0.55 0.03       
1.36 0.56 -0.07       
1.35 0.51 -0.12       
1.33 0.52 -0.18       
1.33 0.54 -0.23       
1.3 0.49 -0.06       
1.31 0.46 0.05       
1.32 0.49 -0.05       
1.33 0.49 -0.14       
1.33 0.48 -0.06       
1.34 0.49 0.06       
1.33 0.51 -0.02       
1.34 0.51 0.07       
1.35 0.54 0.04       
1.35 0.55 -0.04       
1.34 0.58 -0.08       
1.35 0.57 0.02       
1.35 0.56 0.1       
1.34 0.57 0.15       
1.35 0.55 0.2       
1.33 0.57 0.09       
1.33 0.57 0.13       
1.33 0.57 0.19       
1.34 0.52 0.05       
1.36 0.55 -0.08       
1.33 0.5 -0.02       
1.33 0.54 -0.08       
1.33 0.56 -0.12       
1.32 0.52 0.03       
1.34 0.56 0       
1.35 0.56 0.07       
1.34 0.57 0.1       
1.34 0.54 0.17       
1.36 0.58 0       
1.35 0.58 0.07       
1.34 0.53 0       
1.31 0.49 0.12       
1.32 0.51 0       
1.34 0.56 -0.12       
1.35 0.57 -0.03       
1.33 0.57 0.03       
1.34 0.57 0.08       
1.33 0.58 0.14       
1.34 0.56 0.21       
1.34 0.57 0.25       
1.34 0.51 0.06       
1.31 0.47 0.15       
1.32 0.51 0.05       
1.33 0.55 -0.01       
1.34 0.57 -0.09       
1.34 0.53 0.04       
1.34 0.52 -0.07       
1.36 0.56 -0.17       
1.36 0.53 -0.22       
1.35 0.51 -0.04       
1.35 0.52 -0.14       
1.36 0.52 -0.23       
1.35 0.49 -0.15       
1.35 0.53 -0.18       
1.35 0.56 -0.18       
1.34 0.56 -0.07       
1.35 0.56 -0.01       
1.34 0.58 0.06       
1.34 0.58 0.12       
1.34 0.55 0.2       
1.33 0.56 0.06       
1.34 0.54 0.15       
1.34 0.55 0.02       
1.33 0.58 -0.04       
1.33 0.53 -0.12       
1.33 0.53 -0.16       
1.33 0.56 -0.18       
1.33 0.54 -0.04       
1.34 0.54 -0.13       
1.33 0.49 -0.04       
1.33 0.49 0.09       
1.35 0.53 0.06       
1.36 0.58 -0.05       
1.36 0.58 0.04       
1.35 0.57 0.1       
1.35 0.58 0.15       
1.35 0.54 0.23       
1.35 0.53 0.07       
1.36 0.55 0       
1.35 0.55 -0.09       
1.35 0.54 -0.18       
1.34 0.55 -0.2 
1.34 0.57 -0.12       
1.33 0.58 -0.02       
1.33 0.57 0.06       
1.33 0.59 0.08       
1.34 0.58 0.13       
1.35 0.54 0       
1.35 0.57 -0.1       
1.35 0.58 -0.01       
1.35 0.59 0.07       
1.34 0.6 0.1       
1.34 0.53 0.19       
1.34 0.55 0.06       
1.34 0.53 -0.06       
1.35 0.55 -0.1       
1.35 0.57 -0.14       
1.34 0.52 -0.14       
1.33 0.5 -0.03       
1.35 0.54 -0.08       
1.36 0.54 -0.13       
1.35 0.56 -0.18       
1.35 0.56 -0.06       
1.37 0.59 0.07       
1.36 0.59 0.14       
1.36 0.57 0.17       
1.34 0.53 0.08       
1.33 0.52 0.14       
1.34 0.56 0.04       
1.33 0.51 -0.09       
1.34 0.5 0.05       
1.35 0.5 -0.09       
1.34 0.48 -0.01       
1.34 0.47 -0.02       
1.35 0.49 -0.1       
1.32 0.46 0.03       
1.31 0.51 -0.04       
1.31 0.46 0.03       
1.31 0.43 0.09       
1.31 0.5 -0.05       
1.32 0.54 -0.1       
1.32 0.51 -0.01       
1.32 0.52 -0.08       
1.33 0.53 -0.17       
1.33 0.54 -0.21       
1.34 0.53 -0.27       
1.33 0.55 -0.24       
1.33 0.5 -0.11       
1.34 0.51 -0.17       
1.34 0.54 -0.21       
1.33 0.49 -0.08       
1.33 0.53 -0.1       
1.33 0.51 -0.01       
1.32 0.48 0.06       
1.32 0.51 -0.02       
1.32 0.54 -0.02       
1.33 0.52 -0.12       
1.33 0.52 -0.17       
1.33 0.55 -0.2       
1.33 0.52 -0.12       
1.32 0.53 -0.18       
1.34 0.55 -0.19       
1.35 0.55 -0.23       
1.36 0.53 -0.29       
1.38 0.56 -0.33       
1.38 0.57 -0.16       
1.35 0.52 -0.16       
1.35 0.53 -0.19       
1.35 0.51 -0.1       
1.35 0.53 -0.18       
1.34 0.54 -0.19       
1.35 0.56 -0.2       
1.34 0.52 -0.23       
1.35 0.5 -0.08       
1.35 0.51 -0.09       
1.36 0.52 -0.17       
1.36 0.5 -0.04       
1.37 0.51 -0.14       
1.36 0.55 -0.18       
1.37 0.59 -0.25       
1.36 0.58 -0.09       
1.36 0.57 0.01       
1.36 0.57 0.11       
1.35 0.54 0.2       
1.35 0.53 0.05       
1.35 0.54 -0.07       
1.36 0.52 -0.01       
1.36 0.53 -0.09       
1.36 0.5 0.02       
1.36 0.53 -0.03       
1.36 0.53 -0.13       
1.35 0.53 -0.19       
1.35 0.55 -0.23       
1.35 0.55 -0.28       
1.34 0.56 -0.29       
1.33 0.54 -0.11       
1.34 0.56 -0.14       
1.34 0.56 -0.01       
1.34 0.55 0.1       
1.34 0.51 0.15       
1.33 0.49 0.18       
1.33 0.46 0.21       
1.33 0.51 0.06       
1.34 0.51 -0.06       
1.34 0.55 -0.08       
1.35 0.55 -0.14       
1.34 0.53 -0.01       
1.35 0.53 -0.12       
1.35 0.51 -0.05       
1.35 0.49 -0.03       
1.35 0.52 -0.11       
1.35 0.5 0       
1.36 0.52 -0.1       
1.36 0.53 -0.17       
1.36 0.53 -0.22       
1.36 0.56 -0.23       
1.35 0.56 -0.09       
1.35 0.52 -0.18       
1.35 0.56 -0.18       
1.35 0.53 -0.25       
1.36 0.56 -0.24       
1.36 0.54 -0.07       
1.35 0.57 -0.12       
1.34 0.58 -0.03       
1.34 0.54 -0.09       
1.34 0.55 -0.16       
1.35 0.56 -0.19       
1.35 0.55 -0.04       
1.34 0.5 0       
1.34 0.53 -0.08       
1.33 0.51 0.04       
1.35 0.5 -0.1       
1.34 0.47 -0.04       
1.34 0.51 -0.1       
1.34 0.55 -0.12       
1.35 0.55 -0.21       
1.35 0.52 -0.07       
1.35 0.54 -0.13       
1.35 0.56 -0.2       
1.35 0.55 -0.06       
1.36 0.57 -0.09       
1.35 0.59 0.03       
1.35 0.58 0.14       
1.35 0.54 0.23       
1.34 0.5 0.19       
1.34 0.53 0.11       
1.35 0.55 0       
1.35 0.54 -0.11       
1.35 0.54 -0.19       
1.35 0.55 -0.22       
1.35 0.55 -0.24       
1.35 0.56 -0.27       
1.36 0.55 -0.12       
1.36 0.58 -0.15       
1.35 0.52 -0.21       
1.35 0.51 -0.2             
1.34 0.54 0.08       
1.34 0.54 -0.05       
1.34 0.56 -0.11       
1.33 0.55 -0.01       
1.34 0.55 -0.11       
1.34 0.55 -0.16       
1.33 0.56 -0.17       
1.33 0.56 -0.05       
1.32 0.56 0.03       
1.33 0.52 0.14       
1.32 0.54 0.05       
1.33 0.56 -0.03       
1.33 0.54 0.07       
1.34 0.56 -0.03       
1.35 0.54 0.09       
1.35 0.54 -0.05       
1.35 0.55 -0.11       
1.36 0.55 -0.16       
1.36 0.56 -0.2       
1.36 0.56 -0.09       
1.35 0.57 -0.01       
1.33 0.51 -0.02       
1.36 0.57 -0.13       
1.35 0.52 -0.21       
1.35 0.51 -0.25       
1.35 0.49 -0.1       
1.34 0.47 0.01       
1.34 0.49 -0.07       
1.35 0.49 -0.16       
1.35 0.48 -0.23       
1.36 0.47 -0.07       
1.36 0.5 -0.13       
1.36 0.52 -0.14       
1.35 0.49 -0.06       
1.34 0.49 0.05       
1.35 0.53 -0.04       
1.35 0.53 -0.12       
1.35 0.54 -0.12       
1.35 0.57 -0.17       
1.34 0.57 -0.05       
1.34 0.53 -0.14       
1.33 0.5 -0.05       
1.34 0.52 -0.11       
1.35 0.51 0.03       
1.35 0.52 -0.03       
1.35 0.54 -0.05       
1.35 0.55 -0.12       
1.36 0.55 -0.16       
1.35 0.56 -0.16       
1.34 0.53 -0.03       
1.34 0.54 -0.11       
1.34 0.55 -0.17       
1.33 0.57 -0.19       
1.34 0.53 -0.03       
1.33 0.56 -0.07       
1.34 0.51 -0.15       
1.35 0.53 -0.22       
1.35 0.52 -0.27       
1.35 0.52 -0.28       
1.35 0.48 -0.11       
1.35 0.48 -0.19       
1.35 0.5 -0.25       
1.36 0.49 -0.29       
1.35 0.53 -0.28       
1.35 0.54 -0.3       
1.34 0.55 -0.29       
1.35 0.55 -0.13       
1.35 0.54 -0.2       
1.37 0.59 -0.27       
1.37 0.59 -0.09       
1.37 0.55 0.03       
1.37 0.54 -0.08       
1.38 0.56 -0.16       
1.37 0.52 -0.23       
1.36 0.53 -0.25       
1.35 0.51 -0.09       
1.35 0.56 -0.18       
1.35 0.53 -0.03       
1.36 0.52 -0.14       
1.36 0.5 -0.01       
1.36 0.54 -0.07       
1.36 0.52 0.04       
1.36 0.53 -0.04       
1.35 0.48 0.03       
1.36 0.53 -0.1       
1.38 0.57 -0.19       
1.37 0.57 -0.05       
1.36 0.56 0.07       
1.35 0.58 0.13       
1.35 0.56 0.19       
1.36 0.55 0.25       
1.35 0.56 0.11       
1.35 0.54 0.17       
1.35 0.5 0.22       
1.35 0.48 0.22       
1.35 0.46 0.26       
1.35 0.45 0.3       
1.35 0.49 0.14       
1.35 0.52 0.03       
1.35 0.5 0.1       
1.36 0.55 -0.04       
1.36 0.57 -0.08       
1.37 0.59 0.06       
1.36 0.58 0.13       
1.36 0.57 0.15       
1.35 0.52 0.08       
1.35 0.5 0.12       
1.34 0.47 0.17       
1.35 0.47 0.02       
1.35 0.46 0.07       
1.38 0.54 -0.05       
1.39 0.58 -0.16       
1.38 0.55 -0.02       
1.39 0.6 -0.13       
1.39 0.61 0.03       
1.38 0.54 -0.07       
1.37 0.55 -0.14       
1.37 0.57 -0.16       
1.36 0.57 -0.04       
1.36 0.55 0.09       
1.35 0.57 0       
1.36 0.55 0.09       
1.35 0.55 -0.02       
1.36 0.54 -0.12       
1.35 0.57 -0.16       
1.35 0.55 -0.02       
1.34 0.56 -0.08       
1.34 0.54 0.03       
1.36 0.54 -0.09       
1.34 0.55 -0.12       
1.34 0.56 -0.16       
1.33 0.58 -0.07       
1.33 0.54 0.05       
1.34 0.52 -0.06       
1.35 0.53 -0.13       
1.36 0.51 -0.05       
1.36 0.52 -0.14       
1.35 0.48 -0.04       
1.34 0.52 -0.08       
1.35 0.51 -0.16       
1.33 0.5 -0.08       
1.3 0.55 -0.15       
1.31 0.51 -0.06       
1.32 0.49 0.01       
1.36 0.57 -0.1       
1.36 0.54 0.02       
1.37 0.54 -0.08       
1.35 0.49 0.02       
1.35 0.52 -0.03       
1.34 0.49 0.03       
1.35 0.5 -0.08       
1.34 0.53 -0.11       
1.34 0.54 -0.18       
1.34 0.56 -0.22       
1.35 0.55 -0.06       
1.35 0.54 -0.16       
1.35 0.54 -0.22       
1.35 0.52 -0.27       
1.34 0.48 -0.16       
1.34 0.5 -0.2       
1.34 0.48 -0.24       
1.34 0.5 -0.27       
1.34 0.49 -0.14       
1.36 0.52 -0.17       
1.35 0.51 -0.24       
1.35 0.54 -0.22       
1.34 0.51 -0.08       
1.35 0.5 -0.16       
1.34 0.45 -0.04       
1.35 0.48 -0.05       
1.35 0.48 -0.11       
1.35 0.51 -0.15       
1.34 0.47 -0.05       
1.34 0.49 -0.1       
1.35 0.48 0.03       
1.35 0.5 -0.07       
1.35 0.46 0.01       
1.35 0.47 -0.1       
1.35 0.49 -0.15       
1.35 0.48 -0.03       
1.36 0.51 -0.09       
1.36 0.51 -0.14       
1.36 0.53 -0.15       
1.36 0.53 -0.16       
1.38 0.59 -0.23       
1.37 0.54 -0.06       
1.36 0.54 -0.13       
1.36 0.52 -0.19       
1.36 0.53 -0.25       
1.35 0.52 -0.29       
1.36 0.55 -0.25       
1.35 0.55 -0.27       
1.34 0.59 -0.32       
1.34 0.54 -0.34       
1.32 0.51 -0.23       
1.33 0.52 -0.28       
1.34 0.54 -0.32       
1.34 0.51 -0.23       
1.33 0.54 -0.21       
1.33 0.51 -0.06       
1.34 0.54 -0.09       
1.33 0.56 -0.13       
1.34 0.52 -0.2       
1.34 0.54 -0.25       
1.32 0.52 -0.15       
1.33 0.54 -0.19       
1.34 0.52 -0.11       
1.34 0.5 -0.17       
1.34 0.54 -0.17       
1.34 0.53 -0.22       
1.34 0.53 -0.27       
1.32 0.52 -0.15       
1.34 0.49 -0.02       
1.34 0.5 -0.13       
1.34 0.49 -0.19       
1.34 0.49 -0.06       
1.34 0.52 -0.11       
1.33 0.55 -0.15       
1.35 0.55 -0.23       
1.35 0.56 -0.25       
1.34 0.57 -0.15       
1.36 0.53 0.01       
1.35 0.5 0.11       
1.36 0.5 -0.02       
1.36 0.52 -0.05       
1.35 0.49 0.06       
1.35 0.52 -0.04       
1.35 0.56 -0.06       
1.35 0.56 0.02       
1.35 0.54 0.12       
1.36 0.53 -0.02       
1.35 0.53 -0.11       
1.37 0.53 -0.19       
1.36 0.51 -0.24       
1.36 0.5 -0.31       
1.36 0.53 -0.28       
1.35 0.49 -0.15       
1.33 0.47 -0.09       
1.33 0.46 0.02       
1.33 0.43 0.07       
1.34 0.42 -0.04       
1.34 0.42 -0.02       
1.35 0.43 -0.12       
1.35 0.46 -0.16       
1.35 0.46 -0.02       
1.34 0.44 0.05       
1.32 0.45 0.08       
1.32 0.48 -0.03       
1.32 0.46 0.07       
1.32 0.5 -0.02       
1.33 0.51 -0.12       
1.33 0.5 -0.2       
1.34 0.48 -0.05       
1.35 0.5 -0.14       
1.34 0.49 -0.06       
1.35 0.49 -0.13       
1.35 0.47 -0.21       
1.35 0.49 -0.23       
1.34 0.52 -0.24       
1.33 0.5 -0.3       
1.33 0.5 -0.15       
1.33 0.5 -0.2       
1.35 0.54 -0.2       
1.34 0.52 -0.24       
1.32 0.49 -0.14       
1.3 0.46 -0.04       
1.31 0.48 -0.14       
1.32 0.52 -0.23       
1.32 0.55 -0.24       
1.33 0.52 -0.14       
1.34 0.51 -0.19       
1.35 0.53 -0.23       
1.35 0.52 -0.08       
1.33 0.5 -0.01       
1.33 0.49 -0.11       
1.33 0.47 0.02       
1.33 0.45 0.07       
1.33 0.47 -0.05       
1.34 0.47 0.07       
1.33 0.51 0       
1.34 0.5 -0.12       
1.34 0.5 -0.2       
1.34 0.52 -0.23       
1.36 0.54 -0.2       
1.36 0.57 -0.18       
1.35 0.53 -0.04       
1.36 0.52 0.06       
1.36 0.52 -0.07       
1.35 0.54 -0.12       
1.35 0.52 -0.19       
1.35 0.52 -0.25       
1.34 0.48 -0.13       
1.35 0.49 -0.21       
1.34 0.47 -0.09       
1.35 0.49 -0.17       
1.36 0.49 -0.25       
1.36 0.52 -0.25       
1.36 0.53 -0.29       
1.35 0.49 -0.16       
1.36 0.51 -0.2       
1.36 0.5 -0.26       
1.36 0.52 -0.26       
1.35 0.49 -0.31       
1.35 0.52 -0.32       
1.34 0.52 -0.33       
1.35 0.54 -0.31       
1.35 0.51 -0.17       
1.37 0.54 -0.15       
1.37 0.52 -0.21       
1.36 0.53 -0.24       
1.36 0.53 -0.1       
1.35 0.54 -0.16       
1.35 0.52 -0.03       
1.35 0.51 0.07       
1.36 0.54 0.05       
1.35 0.55 -0.02       
1.34 0.5 0.04       
1.35 0.5 0.12       
1.36 0.5 -0.01       
1.36 0.5 -0.12       
1.35 0.51 -0.18       
1.36 0.51 -0.23       
1.35 0.55 -0.22       
1.35 0.52 -0.27       
1.35 0.51 -0.29       
1.35 0.5 -0.33       
1.35 0.47 -0.15       
1.34 0.5 -0.18       
1.34 0.47 -0.23       
1.35 0.44 -0.06       
1.35 0.46 -0.13       
1.35 0.49 -0.19       
1.36 0.51 -0.22       
1.36 0.5 -0.26       
1.36 0.49 -0.3       
1.35 0.47 -0.32       
1.35 0.47 -0.35       
1.35 0.49 -0.32       
1.36 0.49 -0.34       
1.36 0.48 -0.37       
1.36 0.46 -0.18       
1.35 0.49 -0.2       
1.35 0.47 -0.05       
1.34 0.49 -0.11       
1.34 0.5 -0.19       
1.34 0.48 -0.05       
1.34 0.46 -0.13       
1.35 0.49 -0.19       
1.34 0.49 -0.24       
1.35 0.5 -0.27       
1.36 0.51 -0.32       
1.35 0.51 -0.34       
1.36 0.51 -0.36       
1.36 0.52 -0.36       
1.36 0.52 -0.36       
1.36 0.53 -0.35       
1.35 0.52 -0.34       
