1.66 0.55 -0.19
1.66 0.55 -0.23
1.66 0.54 -0.13
1.66 0.51 -0.2
1.67 0.53 -0.25
1.66 0.51 -0.16
1.66 0.5 -0.16
1.66 0.51 -0.21
1.65 0.5 -0.21
1.65 0.5 -0.11
1.65 0.5 -0.12
1.66 0.48 -0.2
1.67 0.49 -0.26
1.66 0.49 -0.09
1.67 0.48 -0.17
1.67 0.48 -0.22
1.67 0.5 -0.27
1.67 0.49 -0.16
1.66 0.5 -0.03
1.66 0.52 -0.11
1.66 0.52 -0.05
1.66 0.54 -0.14
1.67 0.53 -0.2
1.67 0.53 -0.27
1.67 0.51 -0.2
1.68 0.5 -0.26
1.68 0.48 -0.3
1.68 0.47 -0.19
1.68 0.46 -0.03
1.68 0.49 -0.13
1.67 0.5 -0.06
1.65 0.49 -0.03
1.65 0.52 -0.09
1.65 0.51 0.04
1.64 0.5 0.03
1.66 0.53 -0.02
1.66 0.49 -0.09
1.66 0.52 -0.16
1.65 0.5 -0.23
1.64 0.52 -0.26
1.65 0.51 -0.32
1.65 0.52 -0.33
1.66 0.5 -0.34
1.65 0.53 -0.33
1.65 0.53 -0.22
1.65 0.55 -0.26
1.65 0.51 -0.29
1.66 0.5 -0.13
1.65 0.53 -0.17
1.66 0.55 -0.17
1.66 0.55 -0.13
1.65 0.52 -0.08
1.65 0.51 -0.03
1.66 0.54 -0.1
1.66 0.52 0.03
1.66 0.51 0.13
1.67 0.54 0.01
1.66 0.52 -0.09
1.67 0.53 -0.17
1.67 0.52 -0.22
1.67 0.51 -0.28
1.67 0.53 -0.32
1.67 0.51 -0.14
1.67 0.49 -0.21
1.67 0.5 -0.27
1.66 0.5 -0.25
1.65 0.49 -0.18
1.65 0.53 -0.22
1.64 0.56 -0.22
1.64 0.53 -0.27
1.65 0.56 -0.26
1.65 0.53 -0.21
1.65 0.56 -0.2
1.65 0.54 -0.26
1.63 0.52 -0.11
1.64 0.52 -0.19
1.65 0.53 -0.24
1.64 0.5 -0.29
1.64 0.51 -0.31
1.65 0.52 -0.34
1.65 0.47 -0.34
1.65 0.47 -0.37
1.65 0.47 -0.17
1.65 0.46 -0.22
1.65 0.46 -0.12
1.66 0.51 -0.14
1.65 0.53 -0.19
1.64 0.56 -0.19
1.64 0.52 -0.25
1.65 0.51 -0.3
1.64 0.55 -0.29
1.65 0.53 -0.11
1.66 0.52 0.01
1.65 0.51 0.09
1.65 0.55 0
1.66 0.54 -0.11
1.69 0.6 -0.19
1.67 0.57 -0.24
1.67 0.57 -0.08
1.69 0.6 0.01
1.68 0.57 -0.01
1.67 0.55 0.1
1.68 0.58 0.02
1.69 0.58 0.09
1.69 0.54 -0.03
1.67 0.56 -0.11
1.67 0.54 -0.18
1.67 0.57 -0.23
1.68 0.55 -0.06
1.67 0.54 0.06
1.66 0.53 0.07
1.66 0.55 -0.04
1.66 0.55 -0.15
1.66 0.58 -0.17
1.65 0.54 -0.23
1.65 0.55 -0.27
1.64 0.57 -0.26
1.65 0.57 -0.13
1.66 0.59 -0.03
1.67 0.56 -0.13
1.66 0.58 -0.03
1.66 0.55 -0.05
1.66 0.54 -0.03
1.65 0.56 -0.1
1.65 0.56 0.02
1.67 0.53 -0.1
1.67 0.57 -0.11
1.66 0.54 -0.17
1.66 0.53 -0.12
1.66 0.56 -0.15
1.66 0.53 -0.21
1.67 0.52 -0.12
1.67 0.51 -0.05
1.66 0.53 -0.13
1.67 0.52 -0.22
1.7 0.58 -0.27
1.69 0.59 -0.1
1.69 0.55 -0.18
1.68 0.58 -0.19
1.67 0.56 -0.17
1.67 0.54 -0.15
1.68 0.56 -0.22
1.69 0.57 -0.07
1.68 0.55 -0.16
1.68 0.52 -0.22
1.69 0.57 -0.19
1.67 0.59 -0.08
1.67 0.56 -0.15
1.67 0.53 -0.22
1.66 0.51 -0.13
1.66 0.54 -0.18
1.66 0.54 -0.12
1.66 0.55 -0.18
1.67 0.56 -0.23
1.67 0.54 -0.28
1.66 0.55 -0.29
1.67 0.58 -0.23
1.67 0.56 -0.07
1.66 0.54 -0.14
1.66 0.57 -0.18
1.66 0.55 -0.17
1.65 0.53 -0.14
1.65 0.52 -0.19
1.65 0.55 -0.21
1.65 0.54 -0.12
1.65 0.53 0.01
1.66 0.55 -0.11
1.67 0.54 -0.18
1.67 0.56 -0.22
1.66 0.57 -0.07
1.67 0.54 -0.16
1.7 0.59 -0.21
1.68 0.56 -0.18
1.67 0.53 -0.24
1.67 0.52 -0.27
1.67 0.54 -0.29
1.66 0.54 -0.21
1.66 0.58 -0.24
1.67 0.57 -0.09
1.67 0.55 -0.05
1.66 0.53 -0.02
1.66 0.53 0.09
1.66 0.51 0.17
1.67 0.51 0.23
1.67 0.5 0.28
1.67 0.53 0.14
1.67 0.54 -0.01
1.66 0.56 -0.1
1.66 0.53 -0.1
1.66 0.56 -0.17
1.66 0.57 -0.05
1.66 0.58 0.04
1.67 0.55 0.14
1.67 0.53 0.02
1.68 0.56 -0.07
1.67 0.54 -0.16
1.67 0.57 -0.2
1.68 0.57 -0.06
1.68 0.55 0.07
1.67 0.57 -0.01
1.66 0.58 0.07
1.66 0.54 0.16
1.66 0.53 0.22
1.66 0.54 0.08
1.66 0.58 -0.01
1.66 0.56 0.09
1.66 0.55 0.18
1.67 0.52 0.04
1.67 0.51 -0.08
1.67 0.51 -0.02
1.66 0.5 0.01
1.67 0.52 -0.09
1.69 0.58 -0.19
1.68 0.55 -0.24
1.68 0.53 -0.08
1.67 0.54 -0.15
1.67 0.55 -0.21
1.67 0.54 -0.05
1.66 0.53 -0.15
1.67 0.52 -0.21
1.66 0.56 -0.22
1.67 0.54 -0.05
1.66 0.55 -0.12
1.66 0.56 -0.18
1.66 0.54 -0.15
1.67 0.54 -0.21
1.67 0.58 -0.19
1.67 0.54 -0.05
1.67 0.56 -0.12
1.67 0.53 -0.18
1.67 0.54 -0.25
1.67 0.57 -0.24
1.67 0.55 -0.3
1.67 0.58 -0.3
1.67 0.56 -0.11
1.67 0.54 -0.2
1.68 0.57 -0.2
1.68 0.56 -0.04
1.68 0.56 0.07
1.67 0.55 0.04
1.68 0.53 0.14
1.68 0.54 -0.01
1.67 0.53 -0.11
1.67 0.52 -0.06
1.66 0.51 0.04
1.65 0.55 -0.03
1.66 0.56 -0.11
1.66 0.57 -0.02
1.67 0.56 0.09
1.66 0.54 -0.05
1.67 0.57 -0.09
1.68 0.55 0.04
1.66 0.59 -0.01
1.67 0.6 0.07
1.66 0.56 -0.04
1.67 0.54 0.08
1.66 0.57 -0.03
1.67 0.53 0.08
1.67 0.52 -0.04
1.66 0.51 0
1.67 0.52 -0.1
1.66 0.53 -0.17
1.67 0.56 -0.16
1.66 0.55 -0.02
1.67 0.53 0.08
1.66 0.56 0
1.66 0.54 0.1
1.65 0.52 0.15
1.64 0.56 0.07
1.65 0.55 0.16
1.65 0.54 0.22
1.65 0.56 0.08
1.66 0.57 0.16
1.68 0.58 0.24
1.67 0.53 0.27
1.67 0.53 0.12
1.66 0.54 -0.01
1.66 0.54 0.08
1.65 0.55 -0.02
1.65 0.56 -0.12
1.65 0.53 0.01
1.65 0.53 0.03
1.64 0.54 -0.08
1.65 0.55 -0.16
1.65 0.57 -0.21
1.65 0.55 -0.19
1.66 0.55 -0.24
1.66 0.57 -0.27
1.66 0.55 -0.31
1.66 0.53 -0.34
1.66 0.52 -0.24
1.66 0.51 -0.23
1.66 0.5 -0.15
1.66 0.52 -0.2
1.66 0.55 -0.24
1.65 0.52 -0.16
1.65 0.54 -0.23
1.65 0.53 -0.14
1.65 0.53 -0.19
1.65 0.52 -0.03
1.65 0.52 -0.12
1.66 0.56 -0.13
1.66 0.54 -0.1
1.67 0.53 0.02
1.68 0.53 -0.08
1.67 0.51 -0.09
1.68 0.51 0.04
1.67 0.56 -0.01
1.67 0.51 0.08
1.66 0.51 0.07
1.66 0.52 -0.05
1.66 0.55 -0.14
1.66 0.54 -0.21
1.66 0.56 -0.26
1.66 0.54 -0.18
1.66 0.57 -0.21
1.65 0.55 -0.26
1.67 0.61 -0.31
1.67 0.58 -0.26
1.67 0.57 -0.1
1.67 0.56 0.02
1.67 0.53 0.12
1.66 0.49 0.17
1.66 0.49 0.18
1.66 0.49 0.02
1.65 0.52 -0.07
1.65 0.52 -0.02
1.66 0.57 -0.06
1.66 0.58 0.04
1.66 0.56 -0.08
1.67 0.55 0.04
1.67 0.54 0.05
1.67 0.57 -0.06
1.66 0.57 0.04
1.66 0.55 0.07
1.66 0.57 -0.02
1.65 0.54 -0.05
1.65 0.58 -0.1
1.65 0.58 0.02
1.65 0.55 0.12
1.67 0.55 -0.01
1.66 0.57 -0.05
1.66 0.54 -0.06
1.66 0.56 -0.13
1.66 0.53 0
1.66 0.55 -0.06
1.65 0.54 -0.14
1.65 0.51 -0.01
1.64 0.54 -0.07
1.66 0.59 -0.17
1.66 0.56 -0.02
1.65 0.56 0.08
1.66 0.54 0.17
1.65 0.52 0.24
1.66 0.51 0.28
1.67 0.51 0.11
1.66 0.51 0.11
1.66 0.5 0.19
1.66 0.51 0.03
1.66 0.51 0.05
1.64 0.5 0.11
1.64 0.52 0
1.64 0.55 -0.05
1.64 0.53 -0.03
1.65 0.55 -0.09
1.65 0.55 -0.16
1.64 0.59 -0.15
1.64 0.58 -0.02
1.64 0.57 0.08
1.65 0.57 0.16
1.66 0.55 0.24
1.66 0.53 0.21
1.66 0.54 0.05
1.66 0.56 -0.04
1.66 0.58 0.06
1.65 0.55 -0.04
1.65 0.57 -0.1
1.64 0.59 -0.02
1.65 0.53 0.06
1.66 0.58 -0.07
1.66 0.55 -0.07
1.67 0.57 -0.16
1.68 0.57 -0.02
1.67 0.54 -0.12
1.67 0.52 0.02
1.68 0.52 -0.1
1.67 0.56 -0.15
1.67 0.53 -0.13
1.66 0.52 -0.03
1.63 0.51 0.05
1.64 0.51 -0.07
1.64 0.54 -0.12
1.64 0.55 -0.18
1.65 0.58 -0.22
1.65 0.58 -0.08
1.65 0.59 0.02
1.65 0.59 0.12
1.67 0.57 0.19
1.67 0.59 0.23
1.66 0.56 0.08
1.67 0.56 0.16
1.67 0.53 0.14
1.68 0.57 0.05
1.67 0.59 0.11
1.68 0.61 0.15
1.67 0.62 0.2
1.68 0.6 0.25
1.68 0.56 0.28
1.68 0.56 0.32
1.67 0.54 0.27
1.66 0.57 0.16
1.65 0.58 0.19
1.66 0.6 0.17
1.66 0.56 0.03
1.66 0.56 0.11
1.66 0.53 0.01
1.66 0.56 -0.06
1.67 0.58 0
1.67 0.59 0.06
1.66 0.58 0.15
1.66 0.59 0.19
1.66 0.55 0.04
1.66 0.53 0.13
1.66 0.56 0.02
1.67 0.54 -0.1
1.67 0.53 0.02
1.67 0.53 0.12
1.66 0.56 0.03
1.66 0.53 -0.08
1.67 0.57 -0.1
1.67 0.55 -0.16
1.67 0.54 -0.24
1.68 0.58 -0.3
1.7 0.61 -0.16
1.69 0.61 -0.03
1.68 0.57 -0.01
1.67 0.59 0.06
1.67 0.57 0.15
1.66 0.59 0.17
1.67 0.55 0.03
1.66 0.58 -0.05
1.68 0.6 0.03
1.68 0.58 0.13
1.68 0.56 0.22
1.69 0.59 0.22
1.68 0.57 0.19
1.69 0.57 0.25
1.67 0.56 0.28
1.67 0.54 0.31
1.67 0.55 0.13
1.66 0.58 0.03
1.66 0.59 0.11
1.65 0.56 0.01
1.68 0.6 0.13
1.68 0.58 0.2
1.7 0.61 0.26
1.69 0.58 0.16
1.69 0.57 0.23
1.69 0.55 0.06
1.68 0.57 -0.03
1.67 0.53 -0.12
1.68 0.55 -0.19
1.68 0.56 -0.23
1.67 0.54 -0.25
1.67 0.54 -0.29
1.66 0.57 -0.28
1.66 0.56 -0.24
1.65 0.56 -0.13
1.65 0.57 -0.03
1.65 0.55 -0.03
1.64 0.53 0.08
1.66 0.56 -0.02
1.65 0.57 0.06
1.67 0.6 0.17
1.67 0.61 0.2
1.66 0.59 0.13
1.66 0.55 0.06
1.67 0.55 -0.06
1.68 0.6 -0.15
1.66 0.56 -0.19
1.65 0.57 -0.08
1.66 0.57 0.06
1.66 0.54 0.15
1.67 0.57 0.06
1.67 0.55 -0.06
1.65 0.53 0.05
1.65 0.54 -0.05
1.65 0.56 -0.12
1.65 0.57 0.01
1.66 0.54 -0.11
1.65 0.51 0
1.68 0.57 -0.11
1.68 0.58 0.02
1.67 0.54 -0.05
1.67 0.52 0.06
1.66 0.54 -0.03
1.67 0.59 -0.02
1.68 0.6 0.03
1.69 0.62 0.14
1.68 0.59 0.08
1.68 0.55 0.16
1.67 0.56 0.07
1.66 0.54 -0.03
1.66 0.54 -0.05
1.64 0.52 0.04
1.63 0.53 0.11
1.63 0.54 -0.02
1.62 0.56 -0.1
1.63 0.58 -0.03
1.64 0.55 -0.06
1.63 0.58 -0.11
1.63 0.52 -0.02
1.65 0.52 -0.13
1.64 0.56 -0.16
1.65 0.58 -0.06
1.65 0.59 0.04
1.67 0.55 0.14
1.66 0.56 0.05
1.66 0.54 0.14
1.65 0.52 0.2
1.65 0.53 0.04
1.65 0.52 0.04
1.66 0.54 -0.07
1.67 0.6 -0.14
1.66 0.57 -0.2
1.67 0.53 -0.05
1.66 0.54 -0.07
1.65 0.57 -0.09
1.66 0.54 -0.19
1.66 0.54 -0.11
1.65 0.57 -0.1
1.67 0.6 0.03
1.67 0.58 -0.09
1.66 0.6 -0.03
1.65 0.57 -0.13
1.66 0.55 -0.21
1.67 0.54 -0.27
1.66 0.58 -0.31
1.66 0.55 -0.13
1.65 0.56 -0.18
1.66 0.56 -0.05
1.65 0.55 0.05
1.65 0.54 0.14
1.65 0.53 0.13
1.65 0.55 0.02
1.66 0.54 0.13
1.67 0.54 -0.01
1.66 0.58 -0.08
1.65 0.59 -0.01
1.66 0.58 0.1
1.65 0.52 0.1
1.66 0.52 -0.03
1.65 0.55 -0.08
1.66 0.57 -0.15
1.65 0.56 -0.12
1.65 0.56 0
1.65 0.57 0.08
1.65 0.56 -0.06
1.66 0.59 0
1.68 0.61 0.07
1.67 0.57 -0.04
1.67 0.57 0.07
1.67 0.55 -0.04
1.69 0.6 -0.14
1.7 0.59 0
1.68 0.59 0.08
1.66 0.56 0.06
1.66 0.53 -0.05
1.66 0.56 -0.12
1.65 0.57 -0.05
1.66 0.56 0.08
1.66 0.54 0.03
1.68 0.58 -0.09
1.68 0.56 -0.18
1.69 0.54 -0.02
1.67 0.53 -0.04
1.68 0.55 -0.13
1.68 0.53 0
1.68 0.51 0.11
1.68 0.52 0.18
1.68 0.54 0.04
1.69 0.58 -0.01
1.68 0.59 0.05
1.69 0.61 0.07
1.67 0.61 0.1
1.65 0.57 -0.01
1.65 0.56 0.1
1.66 0.53 -0.03
1.64 0.51 0.06
1.65 0.52 0.16
1.65 0.54 0.04
1.65 0.53 -0.08
1.66 0.54 -0.15
1.66 0.53 -0.03
1.66 0.53 -0.13
1.67 0.55 -0.19
1.66 0.52 -0.05
1.65 0.51 0.03
1.66 0.52 -0.08
1.66 0.51 -0.01
1.66 0.55 -0.07
1.66 0.56 -0.15
1.65 0.54 -0.2
1.65 0.52 -0.25
1.65 0.56 -0.27
1.66 0.54 -0.3
1.65 0.55 -0.32
1.64 0.53 -0.17
1.66 0.58 -0.24
1.66 0.54 -0.07
1.65 0.57 -0.12
1.65 0.56 0.02
1.65 0.54 -0.04
1.65 0.53 -0.06
1.64 0.53 -0.05
1.65 0.53 -0.14
1.66 0.58 -0.13
1.65 0.57 0
1.65 0.54 -0.11
1.65 0.54 -0.17
1.65 0.56 -0.23
1.65 0.55 -0.14
1.65 0.54 -0.21
1.66 0.53 -0.06
1.65 0.53 -0.02
1.65 0.55 -0.11
1.67 0.58 -0.18
1.68 0.55 -0.23
1.67 0.56 -0.24
1.66 0.53 -0.28
1.67 0.57 -0.27
1.67 0.57 -0.1
1.68 0.53 0.02
1.67 0.56 -0.05
1.65 0.53 -0.14
1.65 0.5 0.01
1.65 0.48 -0.11
1.65 0.49 -0.19
1.66 0.53 -0.25
1.66 0.53 -0.29
1.66 0.51 -0.33
1.66 0.52 -0.35
1.66 0.53 -0.36
1.65 0.52 -0.18
1.66 0.53 -0.23
1.68 0.56 -0.29
1.67 0.54 -0.32
1.67 0.48 -0.32
1.66 0.49 -0.27
1.68 0.52 -0.28
1.66 0.54 -0.29
1.66 0.53 -0.34
1.65 0.52 -0.24
1.65 0.51 -0.29
1.65 0.48 -0.32
1.65 0.5 -0.35
1.65 0.53 -0.33
1.65 0.54 -0.32
1.65 0.52 -0.15
1.65 0.54 -0.2
1.65 0.52 -0.05
1.64 0.54 -0.1
1.64 0.55 -0.16
1.64 0.58 -0.19
1.63 0.55 -0.16
1.63 0.52 -0.08
1.63 0.51 0.04
1.63 0.5 0.13
1.63 0.52 0.03
1.64 0.5 0.12
1.63 0.52 0.02
1.63 0.5 0.05
1.63 0.52 -0.06
1.63 0.5 -0.14
1.63 0.5 -0.21
1.64 0.52 -0.25
1.63 0.51 -0.28
1.63 0.52 -0.28
1.63 0.51 -0.12
1.65 0.54 -0.13
1.64 0.52 -0.21
1.64 0.53 -0.24
1.65 0.52 -0.27
1.65 0.5 -0.3
1.65 0.5 -0.33
1.65 0.47 -0.33
1.65 0.47 -0.14
1.66 0.51 -0.13
1.66 0.49 0.01
1.66 0.46 -0.08
1.65 0.47 -0.17
1.65 0.47 -0.03
1.64 0.46 0.08
1.64 0.46 -0.04
1.64 0.45 0.07
1.65 0.48 -0.05
1.66 0.53 -0.14
1.65 0.54 -0.15
1.66 0.55 -0.21
1.66 0.52 -0.06
1.65 0.55 -0.1
1.65 0.52 0.03
1.65 0.55 -0.04
1.64 0.52 0.05
1.65 0.5 -0.06
1.64 0.54 -0.1
1.65 0.53 -0.17
1.65 0.53 -0.22
1.67 0.56 -0.21
1.66 0.53 -0.07
1.66 0.53 -0.14
1.66 0.53 -0.21
1.66 0.56 -0.23
1.66 0.52 -0.06
1.66 0.53 -0.14
1.66 0.51 -0.01
1.67 0.5 0.1
1.66 0.54 0.04
1.66 0.54 -0.08
1.66 0.53 -0.16
1.66 0.51 -0.12
1.66 0.5 -0.18
1.67 0.51 -0.24
1.66 0.53 -0.25
1.65 0.54 -0.28
1.65 0.51 -0.12
1.65 0.49 -0.18
1.66 0.52 -0.24
1.66 0.5 -0.09
1.67 0.56 -0.18
1.67 0.52 -0.06
1.67 0.53 -0.15
1.66 0.55 -0.19
1.65 0.53 -0.25
1.65 0.52 -0.29
1.65 0.55 -0.32
1.65 0.56 -0.3
1.65 0.56 -0.14
1.65 0.53 -0.01
1.64 0.52 0.08
1.65 0.51 0.09
1.65 0.53 -0.04
1.65 0.57 -0.08
1.65 0.53 -0.08
1.66 0.53 0.05
1.67 0.5 -0.07
1.67 0.52 -0.14
1.68 0.54 -0.15
1.66 0.52 -0.05
1.66 0.51 0.07
1.66 0.53 -0.05
1.65 0.52 -0.04
1.64 0.49 0.06
1.64 0.49 0.16
1.63 0.49 0.19
1.63 0.48 0.17
1.62 0.47 0.22
1.63 0.49 0.08
1.65 0.51 -0.04
1.65 0.49 -0.13
1.65 0.48 -0.12
1.67 0.52 -0.18
1.67 0.51 -0.04
1.67 0.51 -0.13
1.66 0.5 -0.02
1.66 0.5 -0.12
1.67 0.51 -0.2
1.66 0.51 -0.23
1.65 0.51 -0.1
1.65 0.53 -0.18
1.65 0.5 -0.04
1.66 0.51 0.05
1.66 0.53 -0.06
1.65 0.52 0.02
1.65 0.53 -0.08
1.65 0.52 0.01
1.64 0.53 -0.09
1.64 0.51 -0.17
1.64 0.49 -0.05
1.65 0.49 -0.15
1.65 0.47 -0.23
1.66 0.47 -0.24
1.65 0.51 -0.24
1.65 0.52 -0.27
1.67 0.51 -0.1
1.67 0.51 -0.17
1.67 0.51 -0.23
1.68 0.53 -0.27
1.68 0.54 -0.3
1.68 0.52 -0.12
1.68 0.55 -0.17
1.68 0.58 -0.2
1.68 0.57 -0.04
1.69 0.56 0.08
1.69 0.54 -0.05
1.68 0.58 -0.1
1.68 0.58 0.02
1.67 0.58 0.12
1.67 0.58 0.18
1.68 0.56 0.24
1.67 0.55 0.18
1.67 0.56 0.05
1.67 0.53 -0.07
1.67 0.56 -0.15
1.66 0.55 -0.02
1.66 0.55 -0.12
1.66 0.53 -0.05
1.66 0.55 -0.14
1.66 0.58 -0.16
1.66 0.59 -0.02
1.67 0.59 0.08
1.67 0.58 0.15
1.67 0.55 0.09
1.66 0.56 -0.03
1.66 0.53 -0.04
1.66 0.51 0.07
1.66 0.5 0.08
1.67 0.53 -0.03
1.67 0.54 -0.13
1.69 0.58 -0.16
1.68 0.55 -0.13
1.66 0.53 -0.13
1.67 0.56 -0.17
1.67 0.59 -0.05
1.66 0.56 -0.06
1.65 0.54 -0.02
1.65 0.53 0
1.65 0.56 -0.06
1.65 0.53 -0.14
1.66 0.52 -0.15
1.66 0.51 -0.14
1.66 0.48 -0.01
1.67 0.54 -0.04
1.67 0.54 -0.12
1.66 0.53 -0.06
1.65 0.55 -0.13
1.65 0.53 0.01
1.65 0.51 0.11
1.66 0.53 0
1.65 0.56 -0.08
1.66 0.57 0.03
1.66 0.57 0.12
1.66 0.55 0.19
1.68 0.56 0.05
1.68 0.53 -0.08
1.69 0.55 -0.13
1.66 0.54 0
1.66 0.51 0.09
1.66 0.52 0.18
1.66 0.5 0.23
1.67 0.51 0.08
1.66 0.53 -0.02
1.66 0.54 0.06
1.67 0.53 0.15
1.66 0.54 0
1.68 0.57 -0.06
1.68 0.53 0.05
1.68 0.55 -0.07
1.68 0.53 0.06
1.69 0.53 0.15
1.69 0.54 0
1.68 0.55 -0.11
1.68 0.56 -0.19
1.67 0.54 -0.12
1.67 0.55 -0.18
1.68 0.59 -0.19
1.68 0.58 -0.05
1.67 0.54 0.05
1.68 0.54 -0.04
1.68 0.53 -0.13
1.67 0.53 -0.2
1.66 0.56 -0.22
1.66 0.52 -0.27
1.67 0.53 -0.31
1.68 0.56 -0.3
1.67 0.58 -0.18
1.67 0.55 -0.23
1.66 0.58 -0.25
1.65 0.54 -0.26
1.65 0.53 -0.29
1.66 0.53 -0.33
1.67 0.5 -0.36
1.66 0.49 -0.18
1.66 0.5 -0.23
1.66 0.52 -0.24
1.66 0.52 -0.29
1.66 0.5 -0.12
1.66 0.5 0
1.66 0.48 -0.1
1.66 0.48 -0.18
1.67 0.52 -0.23
1.67 0.51 -0.09
1.67 0.52 -0.12
1.66 0.51 -0.01
1.66 0.47 -0.05
1.66 0.51 -0.09
1.67 0.51 -0.17
1.67 0.52 -0.23
1.66 0.51 -0.27
1.66 0.51 -0.1
1.67 0.51 -0.19
1.65 0.49 -0.06
1.66 0.51 0.07
1.66 0.51 -0.04
1.66 0.51 -0.14
1.67 0.51 -0.02
1.67 0.53 -0.12
1.67 0.54 -0.15
1.67 0.54 -0.22
1.67 0.53 -0.25
1.67 0.52 -0.19
1.66 0.49 -0.04
1.66 0.52 -0.09
1.66 0.55 -0.15
1.67 0.52 -0.01
1.66 0.54 -0.09
1.67 0.55 -0.16
1.68 0.56 -0.15
1.68 0.54 -0.03
1.68 0.56 -0.08
1.68 0.53 0.05
1.67 0.55 -0.05
1.7 0.59 -0.15
1.68 0.6 -0.05
1.68 0.57 -0.14
1.67 0.55 -0.19
1.66 0.58 -0.2
1.67 0.54 -0.22
1.67 0.55 -0.25
1.66 0.53 -0.29
1.65 0.52 -0.15
1.66 0.5 -0.01
1.66 0.54 -0.1
1.66 0.53 -0.1
1.66 0.55 -0.15
1.66 0.55 -0.21
1.66 0.57 -0.24
1.67 0.56 -0.07
1.66 0.59 0
1.66 0.56 0.12
1.68 0.56 0.14
1.69 0.56 0.21
1.69 0.57 0.25
1.69 0.55 0.29
1.69 0.53 0.13
1.68 0.51 0.06
1.67 0.53 -0.04
1.66 0.52 0.08
1.66 0.5 0.18
1.67 0.53 0.06
1.67 0.55 -0.04
1.67 0.54 0
1.67 0.55 -0.05
1.68 0.58 -0.07
1.68 0.56 0.05
1.69 0.56 0.14
1.68 0.53 0.21
1.68 0.53 0.05
1.68 0.52 -0.07
1.69 0.51 -0.16
1.67 0.51 -0.22
1.7 0.55 -0.28
1.69 0.52 -0.11
1.68 0.52 -0.17
1.7 0.57 -0.23
1.68 0.56 -0.08
1.67 0.57 0.01
1.67 0.57 0.11
1.67 0.55 0.19
1.66 0.53 0.17
1.66 0.54 0.05
1.65 0.53 0.05
1.65 0.53 -0.05
1.65 0.53 -0.13
1.66 0.52 -0.21
1.66 0.51 -0.19
1.66 0.5 -0.03
1.68 0.55 -0.14
1.67 0.55 -0.19
1.65 0.56 -0.21
1.69 0.6 -0.06
1.69 0.57 0.06
1.68 0.56 0.12
1.68 0.55 0.2
1.67 0.53 0.05
1.66 0.53 0.01
1.65 0.51 0.03
1.65 0.53 -0.05
1.66 0.54 0.06
1.65 0.55 -0.05
1.65 0.52 0.07
1.66 0.53 0.15
1.64 0.52 0.2
1.65 0.53 0.05
1.66 0.53 0.15
1.65 0.55 0.04
1.66 0.54 0.14
1.66 0.54 0.18
1.67 0.54 0.03
1.68 0.59 -0.1
1.67 0.52 -0.02
1.68 0.52 -0.11
1.67 0.53 -0.17
1.66 0.49 -0.03
1.66 0.52 -0.12
1.67 0.52 -0.2
1.67 0.52 -0.04
1.66 0.52 0.01
1.68 0.57 -0.11
1.69 0.56 0.03
1.68 0.53 0.04
1.68 0.55 -0.04
1.68 0.53 0.06
1.67 0.54 -0.03
1.67 0.54 -0.12
1.67 0.56 -0.19
1.67 0.55 -0.03
1.67 0.56 -0.12
1.67 0.56 -0.01
1.67 0.54 0.1
1.68 0.54 0.18
1.67 0.52 0.12
1.66 0.52 0.18
1.66 0.51 0.24
1.67 0.52 0.28
1.67 0.49 0.31
1.68 0.54 0.16
1.66 0.52 0.21
1.67 0.52 0.05
1.67 0.52 -0.04
1.67 0.51 0.01
1.66 0.5 0.01
1.66 0.48 0.11
1.65 0.46 0.16
1.65 0.49 0.02
1.66 0.5 -0.09
1.67 0.48 0.04
1.67 0.53 0.02
1.66 0.53 -0.07
1.66 0.55 -0.11
1.66 0.54 -0.19
1.66 0.53 -0.11
1.66 0.52 -0.17
1.66 0.52 -0.05
1.69 0.55 -0.16
1.69 0.53 -0.01
1.7 0.57 -0.05
1.69 0.55 0.06
1.69 0.54 0.14
1.68 0.54 0
1.67 0.54 -0.09
1.66 0.52 0.01
1.66 0.53 -0.07
1.66 0.52 -0.15
1.65 0.52 -0.01
1.65 0.54 -0.08
1.65 0.54 -0.15
1.66 0.56 -0.18
1.65 0.54 -0.04
1.65 0.53 0.07
1.65 0.56 -0.03
1.64 0.54 -0.06
1.64 0.51 0.06
1.65 0.54 -0.05
1.66 0.55 -0.14
1.66 0.55 -0.21
1.66 0.55 -0.25
1.66 0.53 -0.28
1.66 0.52 -0.31
1.67 0.53 -0.34
1.66 0.51 -0.16
1.67 0.52 0
1.64 0.51 0.04
1.65 0.5 0.13
1.66 0.52 -0.01
1.66 0.55 -0.02
1.65 0.51 0.07
1.66 0.49 0.15
1.67 0.5 0.19
1.66 0.49 0.24
1.66 0.52 0.08
1.66 0.54 -0.05
1.66 0.52 -0.13
1.65 0.5 -0.04
1.66 0.48 -0.14
1.66 0.51 -0.19
1.66 0.52 -0.25
1.66 0.52 -0.27
1.67 0.5 -0.1
1.68 0.5 -0.16
1.68 0.49 -0.23
1.68 0.5 -0.09
1.67 0.5 -0.05
1.67 0.52 -0.11
1.67 0.52 -0.05
1.66 0.51 -0.03
1.66 0.5 0.03
1.66 0.5 0.05
1.66 0.52 -0.03
1.66 0.53 0.05
1.66 0.52 0.12
1.66 0.55 0.03
1.66 0.55 -0.08
1.67 0.56 -0.14
1.67 0.54 0
1.67 0.55 -0.09
1.66 0.56 -0.16
1.66 0.52 -0.05
1.66 0.53 -0.12
1.65 0.56 -0.13
1.66 0.52 0
1.66 0.51 0.1
1.67 0.52 -0.02
1.68 0.52 -0.13
1.68 0.52 -0.21
1.68 0.53 -0.26
1.67 0.52 -0.29
1.67 0.5 -0.31
1.68 0.51 -0.12
1.68 0.49 -0.18
1.67 0.52 -0.22
1.67 0.5 -0.19
1.66 0.51 -0.05
1.66 0.52 -0.15
1.65 0.53 -0.09
1.64 0.56 -0.16
1.64 0.54 -0.15
1.64 0.53 -0.13
1.65 0.52 0.01
1.65 0.52 -0.1
1.67 0.56 -0.18
1.68 0.55 -0.25
1.67 0.53 -0.17
1.67 0.55 -0.23
1.67 0.55 -0.25
1.66 0.54 -0.29
1.67 0.54 -0.11
1.67 0.56 -0.15
1.68 0.54 0
1.68 0.55 -0.12
1.69 0.5 -0.17
1.68 0.52 -0.23
1.67 0.55 -0.25
1.68 0.52 -0.27
1.68 0.52 -0.31
1.68 0.54 -0.33
1.69 0.52 -0.14
1.68 0.55 -0.18
1.67 0.55 -0.23
1.68 0.54 -0.27
1.69 0.51 -0.3
1.69 0.52 -0.33
1.67 0.52 -0.28
1.67 0.54 -0.3
1.67 0.53 -0.33
1.67 0.52 -0.15
1.68 0.53 -0.21
1.67 0.52 -0.12
1.66 0.53 -0.19
1.66 0.57 -0.22
1.67 0.52 -0.08
1.67 0.51 0.03
1.65 0.5 0.04
1.66 0.51 0.14
1.67 0.51 0
1.67 0.51 0.1
1.66 0.53 0.01
1.67 0.52 0.12
1.67 0.53 0.16
1.65 0.5 0.11
1.64 0.51 0.18
1.65 0.53 0.04
1.64 0.51 0.05
1.65 0.52 0.13
1.67 0.52 0
1.67 0.51 -0.11
1.66 0.55 -0.15
1.65 0.55 -0.01
1.64 0.54 0.01
1.65 0.54 -0.09
1.66 0.52 -0.18
1.66 0.52 -0.23
1.66 0.52 -0.23
1.66 0.55 -0.24
1.66 0.56 -0.29
1.66 0.53 -0.12
1.65 0.53 -0.09
1.65 0.53 0.03
1.65 0.51 0.13
1.66 0.52 0.18
1.66 0.51 0.22
1.66 0.51 0.07
1.66 0.53 -0.04
1.67 0.55 -0.14
1.66 0.55 -0.2
1.65 0.56 -0.22
1.66 0.55 -0.07
1.67 0.55 -0.15
1.67 0.53 -0.01
1.68 0.54 -0.09
1.66 0.51 0.02
1.67 0.54 -0.07
1.67 0.58 -0.09
1.68 0.55 0.05
1.67 0.57 -0.05
1.67 0.54 0.07
1.67 0.54 0.06
1.67 0.56 -0.04
1.66 0.56 0.05
1.66 0.53 0.13
1.67 0.54 -0.01
1.66 0.53 0.01
1.64 0.52 0.05
1.65 0.49 0.12
1.63 0.48 0.13
1.67 0.54 -0.01
1.67 0.56 -0.04
1.66 0.54 -0.1
1.67 0.53 -0.18
1.69 0.59 -0.24
1.69 0.56 -0.26
1.67 0.53 -0.27
1.67 0.56 -0.23
1.66 0.57 -0.11
1.66 0.56 0.03
1.67 0.56 -0.01
1.66 0.54 0.09
1.66 0.53 0.18
