1.97 0.54 0.12
1.99 0.56 0.05
1.98 0.55 -0.04
1.98 0.54 -0.12
1.99 0.52 -0.18
2 0.52 -0.22
1.98 0.51 -0.1
1.99 0.49 -0.16
1.99 0.49 -0.02
1.99 0.49 0.02
1.99 0.53 -0.06
1.99 0.52 0.04
1.97 0.52 0
1.95 0.52 -0.02
1.96 0.54 -0.08
1.96 0.52 -0.12
1.98 0.52 -0.18
1.98 0.51 -0.23
1.96 0.49 -0.09
1.96 0.51 -0.06
1.96 0.5 -0.14
1.96 0.49 -0.17
1.96 0.51 -0.19
1.96 0.49 -0.19
1.96 0.48 -0.12
1.96 0.49 -0.07
1.97 0.5 0.05
1.98 0.49 0.14
1.98 0.46 0.04
1.97 0.51 -0.03
1.97 0.53 0.08
1.97 0.55 -0.01
1.98 0.54 0.07
1.96 0.53 0.04
1.95 0.56 -0.04
1.95 0.55 0.04
1.96 0.55 -0.03
1.95 0.52 0.07
1.96 0.56 0.03
1.96 0.55 0.02
1.97 0.55 0.11
1.97 0.53 0.16
1.97 0.54 0.04
1.99 0.54 0.11
1.97 0.54 0.04
1.98 0.55 -0.03
1.98 0.57 -0.1
1.98 0.55 -0.04
1.97 0.55 -0.09
1.96 0.54 0
1.95 0.53 0.04
1.96 0.53 0.06
1.97 0.54 -0.03
1.97 0.54 0.06
1.98 0.57 -0.03
1.97 0.53 -0.07
1.98 0.56 -0.1
1.97 0.55 -0.11
1.97 0.54 -0.04
1.97 0.55 -0.12
1.97 0.55 -0.05
1.96 0.54 -0.12
1.96 0.53 -0.01
2.01 0.57 -0.1
1.99 0.54 -0.14
1.98 0.54 -0.06
1.98 0.52 -0.14
1.96 0.52 -0.15
1.97 0.51 -0.02
1.98 0.51 0.07
1.97 0.52 -0.04
1.97 0.53 -0.11
1.97 0.58 -0.11
1.97 0.55 -0.18
1.96 0.53 -0.09
1.98 0.56 -0.1
1.97 0.54 -0.12
1.98 0.54 0.01
1.97 0.53 0.07
1.95 0.52 0.09
1.97 0.51 0.15
1.97 0.54 0.04
1.97 0.56 -0.02
1.96 0.55 0.01
1.95 0.55 0.11
1.99 0.6 -0.02
2.03 0.62 0.07
2.01 0.59 0
2.01 0.59 0.08
2.02 0.59 0.12
2 0.56 0.12
2 0.54 0.05
1.98 0.54 0.12
1.97 0.54 0.14
1.95 0.54 0.19
1.96 0.56 0.05
1.97 0.55 0.12
1.98 0.57 0.08
1.97 0.54 -0.04
1.98 0.53 0.05
1.99 0.56 -0.05
1.99 0.56 0.04
1.98 0.54 -0.03
1.97 0.52 0.08
1.95 0.51 0.07
1.94 0.51 0.06
1.95 0.51 0.12
1.96 0.5 0.12
1.96 0.53 0.02
1.96 0.55 -0.03
1.96 0.55 -0.11
1.96 0.56 -0.14
1.97 0.56 -0.03
1.97 0.53 0.06
1.97 0.52 0.15
1.96 0.53 0.14
1.96 0.52 0.14
1.97 0.53 0.03
2 0.56 -0.01
2 0.55 0.09
2.02 0.59 -0.04
2.04 0.62 0.05
2.02 0.58 0.1
2 0.57 0.06
2.01 0.6 0.06
1.99 0.58 -0.05
1.98 0.59 0.01
1.98 0.59 0.1
1.99 0.56 0.17
1.98 0.54 0.08
1.96 0.54 0.09
1.98 0.53 0.16
1.97 0.52 0.07
1.96 0.56 -0.02
1.98 0.51 0.02
1.97 0.49 0.1
1.97 0.49 0.19
1.97 0.52 0.08
1.97 0.53 -0.03
1.96 0.54 0.07
2.01 0.58 -0.04
2 0.54 -0.13
2 0.55 -0.02
1.97 0.53 0.08
1.97 0.49 0.01
1.95 0.49 0.01
1.96 0.52 -0.08
1.96 0.52 -0.11
1.97 0.52 -0.17
1.98 0.52 -0.04
1.99 0.52 -0.11
1.99 0.51 -0.05
1.98 0.51 -0.01
2.01 0.54 -0.06
2 0.54 0.05
2.01 0.56 -0.01
2.02 0.56 0.05
2.03 0.55 -0.05
2.01 0.54 0.01
2.01 0.57 -0.05
2.02 0.55 -0.13
2 0.54 -0.04
1.97 0.52 0.05
1.94 0.51 0.04
1.97 0.51 0.12
1.96 0.5 0.15
1.96 0.52 0.19
1.97 0.52 0.21
1.98 0.52 0.07
1.96 0.51 0.08
1.97 0.5 -0.03
1.98 0.51 -0.1
1.97 0.52 0.03
1.97 0.54 0.11
1.98 0.56 0.02
1.99 0.55 -0.06
2 0.53 0.03
2 0.53 -0.07
1.98 0.52 0.01
1.99 0.51 0.09
1.99 0.5 0.1
1.98 0.51 0.1
1.97 0.5 0.13
1.97 0.53 0.04
1.97 0.52 0.04
1.99 0.53 -0.02
2 0.53 0.06
1.97 0.52 0.13
1.98 0.53 0.03
1.99 0.52 0.12
1.98 0.56 0.04
1.99 0.55 -0.05
1.98 0.56 -0.1
1.98 0.55 0
1.96 0.54 0.08
1.95 0.54 0.09
1.96 0.56 0
1.97 0.54 -0.09
1.97 0.53 -0.15
1.98 0.52 -0.05
2.01 0.57 -0.14
1.99 0.54 -0.01
1.99 0.51 -0.07
1.98 0.51 -0.01
1.97 0.52 -0.09
1.96 0.54 0.03
1.98 0.55 -0.05
1.97 0.54 0.03
1.96 0.53 0.13
1.96 0.53 0.07
1.97 0.53 -0.04
1.99 0.5 -0.07
1.99 0.54 -0.13
1.98 0.53 -0.07
1.97 0.54 -0.04
1.98 0.56 -0.11
1.99 0.54 -0.19
2.03 0.58 -0.24
2.02 0.56 -0.27
2.01 0.53 -0.17
2 0.52 -0.03
1.99 0.53 -0.11
2.01 0.59 -0.17
1.99 0.56 -0.18
1.97 0.55 -0.2
1.97 0.56 -0.22
1.96 0.55 -0.07
1.97 0.55 -0.13
1.97 0.53 0
1.99 0.58 -0.04
2 0.56 0.06
2 0.53 0.14
2.02 0.57 0
2.01 0.57 0.06
2.02 0.55 -0.03
1.99 0.52 0.07
2.01 0.59 -0.03
1.98 0.57 -0.05
1.98 0.59 0.04
1.97 0.54 0.1
1.98 0.58 0.05
1.98 0.57 0.13
1.98 0.57 0
1.98 0.56 0.02
1.98 0.56 0.11
1.98 0.52 0.14
2 0.52 0.02
2 0.52 0.09
2.05 0.58 -0.03
2.02 0.56 0.02
2.02 0.55 0.11
2.02 0.54 0.17
2.04 0.58 0.06
2.02 0.57 0.01
2.02 0.56 0.09
2 0.59 0.14
1.99 0.57 0
1.97 0.55 -0.04
1.97 0.56 -0.09
1.96 0.55 -0.03
1.96 0.53 0.03
1.96 0.53 0.05
1.98 0.53 -0.05
2.01 0.55 -0.14
2 0.55 -0.07
1.99 0.53 -0.14
2.03 0.58 -0.2
2.02 0.56 -0.23
2 0.54 -0.12
2 0.58 -0.16
1.98 0.54 -0.14
1.97 0.57 -0.2
1.97 0.58 -0.09
1.96 0.55 -0.09
1.96 0.54 -0.04
1.97 0.54 0.06
1.97 0.52 -0.02
1.97 0.53 0.03
1.97 0.53 -0.02
1.97 0.53 0.01
1.98 0.53 0.11
1.97 0.54 0
1.96 0.53 0.04
1.95 0.5 0.07
1.95 0.5 0.16
1.95 0.47 0.21
2 0.54 0.07
1.99 0.53 0.14
1.97 0.53 0.21
1.96 0.53 0.21
1.97 0.52 0.23
1.98 0.53 0.28
1.96 0.52 0.27
2 0.57 0.11
1.99 0.54 -0.02
1.98 0.54 0.09
1.96 0.53 0.02
1.98 0.53 -0.07
1.96 0.52 0.04
1.94 0.52 0.13
1.95 0.53 0.21
1.96 0.53 0.23
1.96 0.52 0.26
1.95 0.53 0.3
1.95 0.52 0.31
1.96 0.51 0.3
1.95 0.5 0.32
1.99 0.56 0.17
1.98 0.55 0.08
1.99 0.58 0
1.99 0.56 -0.03
1.97 0.54 -0.04
1.97 0.52 0.07
2.01 0.58 -0.03
1.99 0.56 0.06
1.99 0.55 -0.05
2 0.58 -0.09
1.99 0.58 -0.01
1.98 0.54 -0.01
1.99 0.56 -0.11
2 0.54 0.01
1.99 0.54 0.03
1.99 0.53 0.1
1.98 0.52 0.11
1.97 0.5 0.18
1.97 0.49 0.16
1.97 0.5 0.15
1.94 0.51 0.15
1.94 0.5 0.21
1.97 0.55 0.11
1.96 0.53 0.1
1.96 0.54 -0.01
1.94 0.52 0.06
1.94 0.52 0.06
1.93 0.52 -0.02
1.94 0.52 -0.06
1.94 0.55 -0.09
1.92 0.53 -0.04
1.98 0.58 -0.12
1.97 0.55 -0.16
1.97 0.54 -0.01
1.99 0.57 -0.05
1.97 0.54 -0.04
2.04 0.61 -0.13
2.02 0.61 -0.04
2.03 0.6 0
2.01 0.58 0.04
1.99 0.56 -0.03
1.98 0.55 -0.11
2.02 0.59 -0.16
2.04 0.61 -0.07
2.02 0.57 -0.11
2.01 0.57 -0.06
2.05 0.59 0.05
2.02 0.55 -0.05
2.01 0.56 0.04
2 0.58 0.11
2.03 0.59 0.18
2.02 0.6 0.24
2 0.57 0.08
2.04 0.62 0.16
2.05 0.66 0.22
2.05 0.63 0.23
2.02 0.6 0.09
2 0.55 -0.03
2.02 0.58 -0.07
2.02 0.59 0.03
2.05 0.61 0.12
2.03 0.58 0.03
2.01 0.6 0.09
1.98 0.57 0.02
2 0.57 0.08
2.03 0.6 0.16
2.02 0.58 0.14
2.01 0.56 0.09
2.01 0.55 -0.01
1.98 0.54 0.01
1.98 0.53 0.06
1.96 0.53 0.15
1.97 0.56 0.02
1.97 0.55 -0.04
1.97 0.53 0.06
1.96 0.5 0.15
1.97 0.51 0.14
2 0.54 0.06
1.99 0.51 0.15
1.98 0.51 0.19
1.97 0.5 0.22
2.01 0.55 0.07
2.02 0.58 0
2.02 0.56 -0.11
2.02 0.55 -0.16
2 0.53 -0.03
1.97 0.52 0.03
1.97 0.52 0.12
1.99 0.55 0.09
2 0.53 0.14
1.98 0.51 0.2
2 0.56 0.11
2 0.58 0.18
2 0.56 0.12
1.98 0.53 0.05
1.98 0.52 0
2.01 0.55 -0.08
1.99 0.53 0.02
2 0.56 -0.06
2 0.53 0.03
1.98 0.53 0.07
1.96 0.51 0.08
1.95 0.52 0.13
1.95 0.51 0.15
1.95 0.52 0.19
2 0.57 0.05
2 0.55 0.03
1.99 0.57 -0.06
1.97 0.54 -0.06
1.96 0.53 0.04
1.96 0.53 0.07
1.95 0.52 0.09
1.95 0.54 0.16
1.94 0.53 0.13
1.97 0.56 0.04
1.97 0.54 -0.01
1.95 0.52 0.09
1.97 0.54 0
1.97 0.54 0.09
1.97 0.52 0.16
1.96 0.52 0.16
1.96 0.49 0.22
1.99 0.54 0.13
1.99 0.53 0.19
1.99 0.53 0.07
1.99 0.52 0.08
1.97 0.52 0.16
1.98 0.53 0.08
1.98 0.53 0.11
1.98 0.5 0.19
1.96 0.5 0.23
1.98 0.55 0.14
1.96 0.55 0.18
1.94 0.54 0.15
2 0.58 0.04
1.99 0.56 -0.02
2.03 0.61 0.08
1.99 0.57 0.05
2 0.55 -0.06
2.01 0.56 -0.12
2 0.56 -0.12
2 0.57 -0.02
1.99 0.55 -0.11
2 0.56 -0.15
2 0.55 -0.21
1.98 0.52 -0.07
2.01 0.58 -0.14
1.99 0.55 -0.16
2.01 0.59 -0.18
1.99 0.56 -0.25
1.99 0.53 -0.24
1.98 0.53 -0.17
1.97 0.53 -0.08
1.98 0.55 -0.11
2.02 0.6 -0.18
2.01 0.57 -0.24
2 0.55 -0.28
1.99 0.53 -0.17
1.98 0.53 -0.09
1.96 0.52 0.02
1.95 0.51 0.06
1.96 0.5 0.09
1.94 0.48 0.08
1.93 0.48 0.1
1.97 0.52 0.02
1.96 0.52 0.13
1.98 0.52 0.18
1.96 0.51 0.18
2 0.58 0.05
2.01 0.58 0.11
2 0.55 -0.02
2.02 0.57 -0.06
2 0.54 -0.15
1.99 0.52 -0.1
2.02 0.56 -0.17
2.03 0.55 -0.03
2.05 0.61 -0.1
2 0.56 -0.12
2 0.59 -0.03
1.99 0.59 0.06
1.99 0.58 -0.05
1.99 0.58 -0.06
2.01 0.61 0.06
1.99 0.57 -0.05
2 0.6 0.02
2.01 0.57 0.09
2.01 0.55 -0.01
2 0.56 -0.09
2.01 0.57 0
2.01 0.55 -0.09
1.97 0.53 0.01
2.01 0.58 -0.09
2 0.56 -0.18
1.98 0.55 -0.24
1.98 0.57 -0.25
1.98 0.53 -0.29
1.97 0.52 -0.19
2.01 0.58 -0.23
2.02 0.55 -0.25
2 0.53 -0.1
1.99 0.5 0.02
1.98 0.51 0.1
1.98 0.53 0
1.98 0.53 0.05
1.98 0.56 -0.04
1.99 0.54 -0.11
1.97 0.53 -0.03
1.97 0.52 0
1.97 0.55 -0.08
1.98 0.58 -0.14
2 0.6 -0.07
2 0.58 -0.06
1.99 0.55 -0.01
1.98 0.54 0.01
2 0.57 -0.03
1.98 0.55 -0.06
1.97 0.54 0.04
2 0.58 -0.06
2.03 0.6 0.06
2.06 0.62 0.13
2.02 0.6 0.06
2.02 0.58 0.14
2.01 0.57 0.08
2 0.55 0.05
2.04 0.61 -0.06
2.02 0.58 -0.13
2.02 0.58 -0.02
2.03 0.58 0.06
2.02 0.57 0.12
2.02 0.6 0.15
2.02 0.6 0.18
2.01 0.56 0.13
2.02 0.55 0
1.99 0.54 0.1
2.03 0.58 -0.03
2.03 0.6 0.04
2.02 0.59 0
2 0.56 -0.07
2.03 0.58 -0.03
2.01 0.58 0.03
2 0.59 0.11
1.98 0.56 0.08
1.97 0.52 -0.04
1.96 0.52 0.05
1.97 0.55 0
1.98 0.52 0.1
1.98 0.55 0
2 0.58 -0.04
1.99 0.57 -0.01
1.99 0.54 -0.09
1.99 0.57 -0.14
1.98 0.53 -0.14
1.98 0.51 -0.01
1.95 0.52 0.02
1.94 0.52 0.1
1.92 0.51 0.16
1.93 0.51 0.14
1.96 0.52 0.01
1.94 0.5 0.09
1.93 0.5 0.1
1.98 0.53 -0.03
2.03 0.57 -0.12
2.01 0.55 -0.15
2.03 0.59 -0.12
2.01 0.55 -0.19
1.98 0.52 -0.06
1.97 0.52 -0.1
1.98 0.53 -0.13
1.98 0.51 -0.02
1.99 0.56 -0.06
1.98 0.54 -0.1
1.98 0.53 -0.04
2.02 0.57 -0.13
2 0.55 -0.18
2.02 0.6 -0.23
2.01 0.59 -0.2
2 0.58 -0.2
1.99 0.54 -0.2
1.98 0.53 -0.13
1.98 0.53 -0.08
1.96 0.52 -0.04
1.97 0.56 -0.11
1.98 0.54 -0.17
1.97 0.52 -0.03
1.98 0.51 0.02
1.97 0.51 0.1
2.02 0.57 -0.01
1.98 0.55 -0.07
2.03 0.59 -0.14
2.01 0.54 -0.21
2.03 0.57 -0.19
2.02 0.56 -0.06
2.02 0.53 -0.09
2.01 0.52 0.03
2.04 0.57 -0.05
2.02 0.56 -0.1
2.03 0.56 -0.15
2.01 0.54 -0.17
2.01 0.53 -0.04
2.04 0.57 -0.12
2.01 0.54 -0.12
2.01 0.59 -0.13
1.99 0.57 -0.13
2.03 0.6 -0.01
2.02 0.59 -0.05
2.01 0.59 0.01
2.01 0.59 0.1
2.01 0.57 -0.03
2.04 0.59 0.02
2.07 0.61 0.11
2.04 0.61 0.16
2.02 0.58 0.09
2.06 0.61 0.14
2.07 0.65 0.19
2.05 0.64 0.18
2.03 0.61 0.2
2.01 0.58 0.2
2.05 0.61 0.24
2.03 0.6 0.17
2.01 0.59 0.17
1.99 0.6 0.18
1.99 0.61 0.2
1.99 0.56 0.09
2.01 0.58 0.12
1.99 0.54 -0.01
2.03 0.58 -0.09
2.01 0.55 -0.11
2 0.54 0.02
1.97 0.52 0.1
1.97 0.51 0.17
1.97 0.52 0.21
1.95 0.5 0.18
1.95 0.5 0.22
1.94 0.49 0.25
1.95 0.48 0.28
1.96 0.48 0.26
2 0.56 0.15
2 0.54 0.03
1.97 0.52 0.1
1.98 0.52 0.16
1.99 0.55 0.04
1.96 0.55 0.07
1.96 0.54 0.07
1.94 0.53 0.09
1.95 0.52 0.16
1.94 0.53 0.22
1.93 0.52 0.18
1.94 0.5 0.23
1.93 0.5 0.2
1.93 0.54 0.07
1.95 0.53 0.12
1.95 0.53 0.03
1.95 0.52 0.11
1.96 0.53 0.12
1.96 0.52 0.12
1.96 0.52 0.13
1.95 0.52 0.19
1.96 0.54 0.08
1.95 0.53 0.16
1.94 0.52 0.2
1.95 0.54 0.06
2 0.58 -0.06
1.98 0.57 0.04
1.99 0.55 0.13
2 0.57 0.08
2 0.55 -0.04
2.02 0.58 -0.07
2 0.56 -0.07
2 0.56 -0.1
2.01 0.59 -0.04
2 0.58 -0.01
2.01 0.58 0.06
1.98 0.53 0.02
1.96 0.54 0.11
1.96 0.53 0.18
2 0.58 0.03
1.99 0.55 0.07
2 0.57 -0.03
1.99 0.55 0.05
1.97 0.54 0.11
1.95 0.53 0.16
1.95 0.53 0.23
2 0.59 0.08
1.99 0.56 0.05
2 0.56 0.09
1.99 0.54 -0.02
2.03 0.57 -0.11
2.06 0.59 0.01
2.03 0.59 0.08
2 0.57 0.03
2 0.56 -0.02
2.01 0.57 0.05
2.05 0.61 0.13
2.02 0.58 0.05
2.01 0.58 -0.07
1.97 0.56 -0.07
1.98 0.52 0.02
1.97 0.52 0.12
1.99 0.52 0.17
1.99 0.52 0.21
1.97 0.51 0.24
1.97 0.5 0.25
1.97 0.51 0.24
1.96 0.5 0.2
1.97 0.51 0.24
1.96 0.52 0.27
1.97 0.56 0.14
1.97 0.54 0.02
1.97 0.54 0.03
1.97 0.55 0.12
2.01 0.61 0
2 0.6 0.09
2 0.57 -0.01
1.97 0.54 -0.11
2.02 0.58 -0.18
2.02 0.58 -0.1
2 0.57 -0.1
2.01 0.57 0
2 0.58 0.05
2 0.58 0.09
2 0.56 -0.01
2 0.54 -0.07
1.98 0.51 -0.01
1.97 0.51 0.07
1.96 0.5 0.12
1.96 0.51 0.19
1.95 0.51 0.18
1.94 0.52 0.22
1.94 0.51 0.25
1.95 0.53 0.29
1.94 0.52 0.28
1.95 0.51 0.3
1.95 0.5 0.24
1.94 0.52 0.27
1.93 0.5 0.29
1.95 0.51 0.3
1.96 0.55 0.16
2 0.59 0.02
2.02 0.61 0.11
2.05 0.64 0.16
2.01 0.6 0.11
2.03 0.61 0.19
2.01 0.6 0.11
1.99 0.56 0.15
1.98 0.58 0.2
1.96 0.55 0.14
2 0.61 0.01
2.01 0.57 0.09
2 0.57 0.14
1.97 0.53 0.02
1.95 0.53 0.03
1.94 0.52 0.09
1.94 0.52 0.12
1.95 0.53 0.02
1.97 0.56 -0.06
1.99 0.57 -0.02
1.99 0.54 -0.1
1.98 0.51 0.02
1.96 0.51 0.06
1.95 0.49 0.12
1.94 0.49 0.17
1.94 0.47 0.24
1.95 0.51 0.1
1.96 0.5 0.17
1.99 0.55 0.03
1.96 0.54 0.02
1.95 0.54 0.09
1.94 0.54 0.17
1.98 0.59 0.02
1.97 0.6 0.09
1.98 0.59 0.15
1.97 0.55 0.01
1.96 0.53 0.1
1.95 0.53 0.15
1.99 0.56 0.01
2.03 0.6 0.08
2.03 0.57 -0.02
2.02 0.53 -0.1
2.01 0.54 0.01
1.99 0.52 0.1
1.96 0.51 0.14
1.96 0.5 0.18
1.96 0.54 0.07
1.98 0.57 0.02
1.98 0.55 -0.06
1.97 0.54 0.03
1.96 0.56 -0.05
1.96 0.56 -0.04
1.96 0.54 -0.1
1.98 0.53 0.02
2.01 0.58 -0.05
1.99 0.62 0.07
1.99 0.58 -0.02
2.01 0.6 0.07
2 0.57 -0.04
1.98 0.56 -0.05
1.99 0.54 0.05
1.98 0.54 0.15
2.02 0.57 0.01
1.98 0.54 -0.08
1.97 0.54 0.01
1.95 0.52 0.05
1.95 0.53 0.14
1.98 0.57 0.01
1.98 0.56 -0.02
1.99 0.56 0.07
1.97 0.56 0.03
2 0.6 0.12
1.98 0.58 0.01
1.96 0.56 -0.03
1.95 0.55 -0.02
1.94 0.54 0.08
1.94 0.54 0.16
1.94 0.54 0.2
1.93 0.52 0.23
1.97 0.59 0.08
1.98 0.61 0.11
1.97 0.58 0.12
1.95 0.54 -0.01
1.93 0.54 0.07
1.98 0.6 -0.04
1.98 0.56 -0.09
1.98 0.55 -0.12
1.97 0.54 -0.01
1.95 0.53 0.03
1.95 0.55 -0.05
1.96 0.57 -0.12
2 0.61 0.01
2 0.6 0.08
2.01 0.59 0.15
2.01 0.56 0.03
2.04 0.59 0.12
2.01 0.56 -0.02
2.01 0.55 -0.1
1.98 0.54 -0.02
2.02 0.6 -0.1
2.01 0.6 0
2.04 0.64 0.09
2.03 0.64 0.14
2.02 0.63 0.19
2 0.6 0.05
1.98 0.55 -0.04
1.97 0.55 0.08
2.01 0.59 -0.02
2.04 0.61 0.08
2 0.58 0.02
1.98 0.6 0.07
1.97 0.58 -0.01
1.97 0.55 -0.07
1.95 0.54 0.02
1.95 0.55 0.1
1.97 0.57 0.02
1.96 0.56 -0.03
1.98 0.55 -0.11
1.97 0.54 0.02
1.97 0.57 -0.04
1.97 0.57 -0.08
1.98 0.55 -0.13
2.03 0.59 -0.18
2.03 0.62 -0.09
2.01 0.57 -0.09
2.01 0.55 -0.09
2 0.54 0.01
2.02 0.59 -0.08
2.01 0.57 -0.16
1.99 0.53 -0.15
2 0.56 -0.17
1.99 0.54 -0.22
1.97 0.52 -0.08
1.96 0.51 0.03
1.99 0.57 -0.08
2 0.59 -0.04
2 0.61 0.06
1.98 0.58 -0.03
1.98 0.55 -0.1
1.98 0.54 0.01
1.97 0.52 0.1
1.95 0.51 0.13
1.95 0.51 0.12
1.95 0.55 0.02
1.99 0.57 -0.09
1.97 0.54 -0.16
1.98 0.54 -0.05
1.98 0.53 -0.04
1.96 0.52 0.02
1.95 0.52 0.11
1.93 0.51 0.08
1.92 0.52 0.08
1.94 0.51 0.08
1.94 0.51 0.11
1.93 0.51 0.16
1.93 0.51 0.21
1.95 0.55 0.12
1.95 0.53 0.18
1.94 0.53 0.2
1.95 0.53 0.23
1.97 0.57 0.07
1.98 0.56 0.15
1.98 0.54 0.21
1.96 0.54 0.26
1.96 0.54 0.26
1.94 0.51 0.28
1.98 0.57 0.1
1.99 0.59 0.17
2.02 0.62 0.2
2 0.62 0.2
2 0.58 0.08
1.99 0.57 0.02
1.99 0.56 -0.08
1.99 0.54 -0.15
1.98 0.53 -0.02
1.97 0.52 0
2.01 0.58 -0.09
2.04 0.6 0.02
2.02 0.59 0
2 0.58 0.05
2.01 0.59 0.1
1.98 0.57 0.08
1.99 0.56 0.14
1.99 0.55 0.2
2 0.55 0.25
2 0.54 0.1
1.99 0.53 0.1
1.98 0.53 0.11
1.96 0.52 0.14
1.94 0.5 0.19
1.95 0.51 0.06
2.01 0.58 -0.05
2 0.59 0.02
2 0.57 0.09
2.01 0.59 0.13
1.99 0.55 0.05
2.03 0.59 -0.06
2 0.56 -0.08
2 0.57 0.01
2.01 0.6 0.05
1.99 0.56 0.02
1.98 0.54 -0.05
1.99 0.54 0.06
2.03 0.59 -0.04
2.01 0.57 -0.1
1.99 0.57 0.01
1.99 0.56 0.09
1.98 0.54 0.02
1.95 0.51 0.1
1.95 0.52 0.08
1.98 0.58 -0.02
2.02 0.6 0.07
2 0.57 0.05
1.99 0.55 -0.07
2.03 0.58 -0.15
2.02 0.58 -0.04
2.01 0.57 -0.08
2 0.56 -0.04
1.99 0.54 -0.05
1.97 0.52 0.04
1.97 0.5 0.13
2.04 0.58 0
2.01 0.59 0.05
2.03 0.63 0.14
2.02 0.61 0.13
2.01 0.62 0.19
2 0.59 0.07
1.99 0.58 0.11
2 0.56 0.02
2.01 0.58 0.05
1.99 0.55 0.02
1.96 0.52 0.11
1.95 0.52 0.13
1.95 0.53 0.01
1.96 0.54 0.11
1.96 0.54 -0.01
1.96 0.52 0.09
1.96 0.49 0.16
1.96 0.52 0.05
1.94 0.51 0.07
1.94 0.54 -0.02
1.93 0.54 0.01
1.92 0.51 0.09
1.94 0.51 0.16
1.96 0.55 0.08
1.96 0.54 0.09
1.96 0.54 0.17
1.97 0.56 0.08
1.97 0.51 0.12
1.98 0.55 0.03
1.99 0.54 0.11
2.01 0.6 -0.02
2 0.55 -0.11
1.99 0.52 0.03
1.97 0.52 0.09
1.96 0.5 0.15
1.95 0.53 0.02
1.99 0.55 -0.05
1.97 0.54 0.07
1.96 0.53 0.15
2 0.6 0.03
1.98 0.55 -0.08
1.96 0.53 -0.01
1.96 0.53 0.01
1.96 0.55 -0.06
1.97 0.54 0.04
1.96 0.54 0.07
1.99 0.6 -0.05
2.01 0.61 0.06
1.99 0.59 -0.04
1.98 0.57 -0.04
2.01 0.59 0.07
1.99 0.56 0
1.98 0.53 -0.1
1.95 0.51 0
2 0.56 -0.09
1.98 0.56 0
1.98 0.55 0.07
2 0.59 -0.04
2 0.58 -0.12
1.99 0.56 -0.06
1.98 0.55 0.03
1.97 0.54 0.04
1.95 0.53 0.05
1.96 0.55 -0.04
1.96 0.55 0
1.95 0.54 0.05
1.94 0.53 0.05
1.96 0.57 -0.01
2.01 0.62 0.09
2.02 0.64 0.12
2 0.6 0.03
2 0.59 -0.01
1.98 0.56 -0.06
1.99 0.55 -0.13
2.01 0.58 -0.13
2.01 0.56 -0.18
2.01 0.56 -0.1
1.99 0.57 -0.09
2.01 0.57 0
1.99 0.54 -0.05
1.99 0.54 0.07
2.03 0.58 -0.05
2.01 0.59 0.04
2.02 0.62 0.09
2.02 0.58 -0.02
2.04 0.6 0.02
2.06 0.63 0.11
2.06 0.64 0.14
2.04 0.6 0.01
2.03 0.59 -0.1
2.03 0.59 -0.02
2.02 0.57 -0.07
1.99 0.54 -0.13
1.96 0.53 -0.09
1.97 0.55 -0.13
1.99 0.59 -0.2
1.99 0.61 -0.08
1.99 0.6 0.04
1.98 0.56 -0.05
1.98 0.52 0.02
2.01 0.58 -0.09
1.99 0.57 -0.1
2 0.57 0.01
2 0.56 0.09
1.99 0.57 0.02
1.97 0.54 -0.01
1.97 0.53 0.02
1.98 0.53 0.09
2 0.56 0.05
1.98 0.53 0.09
2 0.56 0.01
1.98 0.54 0.09
1.97 0.54 0.17
2.01 0.57 0.02
2 0.53 -0.08
1.98 0.52 0.04
1.99 0.55 0.01
2 0.53 -0.07
1.98 0.53 0.04
1.99 0.52 -0.01
2.02 0.57 -0.09
2.01 0.58 0.01
2 0.56 -0.06
1.98 0.55 -0.07
1.96 0.55 0.04
1.97 0.54 0.04
1.95 0.53 0.13
1.95 0.5 0.2
1.96 0.52 0.23
1.95 0.5 0.27
1.97 0.53 0.16
1.96 0.53 0.14
1.93 0.53 0.14
1.92 0.52 0.11
1.93 0.51 0.17
1.98 0.56 0.03
1.97 0.55 -0.06
1.95 0.52 0.01
1.94 0.53 0.11
1.95 0.51 0.13
1.96 0.51 0.18
1.98 0.51 0.05
1.97 0.5 0.06
1.98 0.5 0.13
1.95 0.57 0.07
1.96 0.55 -0.02
1.96 0.54 0.06
1.96 0.57 -0.02
1.97 0.57 0.06
1.95 0.55 0.01
1.94 0.54 0.01
1.93 0.53 0.08
1.93 0.53 0.15
1.94 0.53 0.15
1.94 0.52 0.21
1.94 0.52 0.18
1.95 0.5 0.24
1.96 0.51 0.28
1.94 0.51 0.29
1.97 0.56 0.13
1.97 0.58 0.18
1.96 0.56 0.18
1.96 0.57 0.22
1.97 0.54 0.1
1.96 0.53 0.15
1.99 0.59 0.02
1.99 0.59 0.07
1.99 0.55 0.03
1.99 0.59 -0.03
1.97 0.57 -0.11
1.98 0.57 -0.13
1.98 0.58 -0.03
1.96 0.56 -0.06
1.97 0.57 0.01
1.96 0.56 -0.04
1.98 0.57 0
2 0.55 0.09
1.98 0.54 0.09
1.98 0.53 0.15
1.96 0.5 0.17
1.97 0.52 0.04
2.01 0.55 -0.06
2 0.56 -0.12
2 0.55 -0.17
1.99 0.54 -0.07
1.97 0.51 0.03
2.01 0.56 -0.06
2.02 0.6 -0.01
1.98 0.56 -0.06
1.97 0.55 -0.14
1.96 0.55 -0.01
1.96 0.56 0.09
1.95 0.53 -0.01
1.94 0.52 0.07
1.95 0.56 -0.03
1.93 0.55 -0.05
1.93 0.52 0.06
1.93 0.51 0.13
1.91 0.5 0.13
1.91 0.51 0.13
1.93 0.52 0.05
1.93 0.5 0.14
1.93 0.54 0.02
1.92 0.51 0.11
1.93 0.5 0.15
1.96 0.53 0.07
1.97 0.57 0.01
1.97 0.59 0.06
1.97 0.55 -0.04
1.96 0.53 0.07
1.95 0.52 0.08
1.95 0.51 0.09
1.95 0.54 0.01
1.95 0.53 0.07
1.99 0.57 -0.04
1.97 0.54 -0.07
1.96 0.52 0.04
1.97 0.53 0.12
2.01 0.59 0
2.01 0.61 0.05
2 0.58 0.13
1.99 0.54 0.08
1.98 0.52 0.16
1.95 0.5 0.2
1.95 0.49 0.24
1.96 0.51 0.14
1.97 0.54 0.02
1.96 0.54 -0.06
1.96 0.52 0.06
2 0.57 -0.05
1.99 0.59 0.03
1.98 0.57 -0.02
1.97 0.55 -0.07
2 0.59 -0.15
2.02 0.61 -0.02
2.01 0.58 -0.07
2.01 0.6 -0.01
2 0.57 -0.06
2.01 0.58 0.01
2 0.55 -0.02
2.01 0.57 -0.06
2.02 0.59 -0.02
2.02 0.57 0.07
2.03 0.56 -0.05
2.01 0.58 0.01
2 0.56 0.04
2.03 0.58 0.13
2.02 0.58 0.17
2 0.56 0.06
2.04 0.59 0.14
2.01 0.58 0.08
2 0.56 -0.01
2.03 0.58 0.09
2.04 0.61 0.1
2.02 0.58 -0.02
2.03 0.58 0.02
2.01 0.58 -0.02
2 0.56 0.08
2 0.58 0.13
1.99 0.58 0.18
1.99 0.57 0.11
1.98 0.55 0
1.97 0.57 -0.08
1.97 0.55 -0.14
1.98 0.57 -0.15
1.98 0.6 -0.06
1.98 0.57 -0.12
2.01 0.61 0.02
2.01 0.58 -0.08
2 0.57 0
1.98 0.56 -0.1
1.99 0.57 -0.18
1.98 0.57 -0.11
1.98 0.58 -0.05
1.97 0.55 -0.04
1.95 0.53 0.05
1.95 0.53 0.14
1.94 0.53 0.15
1.98 0.56 0.08
1.97 0.54 0.09
1.97 0.54 0.13
1.98 0.53 0.18
1.97 0.52 0.23
2 0.58 0.08
1.98 0.53 -0.02
2 0.58 -0.13
1.99 0.56 -0.1
1.99 0.55 0.02
2.01 0.56 -0.03
2 0.55 -0.06
2 0.53 0.03
1.99 0.54 0.12
1.99 0.53 0.16
1.98 0.53 0.21
1.98 0.53 0.26
1.98 0.52 0.27
1.98 0.56 0.15
1.99 0.55 0.01
1.98 0.53 0.1
1.97 0.53 0.05
1.95 0.51 0.07
1.95 0.51 0.14
1.95 0.5 0.21
1.96 0.53 0.08
2.01 0.56 -0.03
2 0.53 -0.13
1.99 0.54 -0.17
2.01 0.58 -0.22
2.02 0.59 -0.13
2.02 0.59 -0.2
2.03 0.61 -0.1
2.05 0.55 0.01
2.05 0.58 -0.02
2.03 0.55 -0.09
2.01 0.55 -0.04
1.99 0.54 0.06
1.96 0.53 0.09
1.96 0.5 0.17
1.97 0.54 0.08
1.98 0.53 0.14
1.98 0.53 0.19
1.98 0.54 0.2
1.98 0.52 0.2
1.99 0.51 0.25
1.99 0.5 0.23
1.99 0.52 0.26
2.01 0.56 0.11
2 0.53 0.03
1.99 0.55 -0.03
1.97 0.53 0.07
1.95 0.52 0.12
1.95 0.53 0.11
1.93 0.51 0.17
1.98 0.58 0.04
2 0.58 0.09
1.98 0.54 -0.02
1.98 0.54 0.08
1.96 0.52 0.13
1.95 0.55 0.01
1.95 0.53 0.09
1.96 0.55 0.01
1.96 0.53 -0.02
1.98 0.53 0.07
1.98 0.54 0.09
1.96 0.52 0.16
1.95 0.5 0.21
1.99 0.57 0.06
2.03 0.6 0.15
2 0.58 0.1
2.04 0.6 0.17
2.02 0.61 0.21
2 0.57 0.14
1.99 0.55 0.05
1.98 0.54 0.12
1.98 0.57 0
1.98 0.57 0.07
1.97 0.54 0.1
1.98 0.57 0.05
1.97 0.57 0.12
1.97 0.59 0.15
1.96 0.55 0.09
1.95 0.55 0.08
1.95 0.56 0.09
1.95 0.56 0.13
1.97 0.55 0.02
1.98 0.55 0.12
1.98 0.55 0.19
1.99 0.59 0.11
1.97 0.52 0.16
1.96 0.52 0.16
1.97 0.53 0.15
1.96 0.52 0.22
1.94 0.52 0.27
1.94 0.54 0.12
1.96 0.53 0.17
1.94 0.52 0.19
1.94 0.5 0.25
1.94 0.55 0.13
1.94 0.53 0.2
1.96 0.52 0.24
1.98 0.55 0.13
