2.32 0.58 0.09
2.31 0.57 0.02
2.3 0.57 -0.06
2.31 0.56 -0.13
2.32 0.55 -0.18
2.31 0.55 -0.08
2.32 0.54 0.03
2.3 0.54 0.02
2.29 0.53 0.03
2.32 0.59 -0.03
2.32 0.57 -0.08
2.32 0.55 -0.15
2.32 0.54 -0.03
2.32 0.56 -0.06
2.31 0.54 -0.1
2.29 0.55 -0.04
2.29 0.53 -0.01
2.33 0.58 -0.08
2.31 0.57 -0.09
2.32 0.55 -0.14
2.29 0.56 -0.07
2.28 0.56 -0.07
2.29 0.56 -0.12
2.29 0.57 -0.03
2.28 0.55 -0.07
2.29 0.54 0.02
2.29 0.54 0.05
2.29 0.54 0.13
2.31 0.54 0.15
2.29 0.54 0.14
2.3 0.54 0.18
2.29 0.55 0.15
2.28 0.56 0.19
2.29 0.55 0.08
2.29 0.55 0.14
2.31 0.56 0.19
2.32 0.56 0.07
2.3 0.55 0.01
2.3 0.55 -0.07
2.29 0.55 0.02
2.28 0.55 0.04
2.3 0.54 0.1
2.28 0.55 0.16
2.29 0.54 0.2
2.28 0.53 0.16
2.27 0.52 0.2
2.29 0.53 0.08
2.3 0.53 0.15
2.3 0.52 0.19
2.3 0.53 0.21
2.32 0.53 0.11
2.31 0.55 0.03
2.31 0.56 0.1
2.29 0.55 0.05
2.3 0.55 -0.02
2.29 0.57 -0.02
2.3 0.55 -0.09
2.32 0.54 0.01
2.31 0.53 0.08
2.3 0.55 0.03
2.29 0.55 0.04
2.33 0.58 0
2.32 0.57 -0.02
2.3 0.56 0.01
2.33 0.57 0.08
2.32 0.57 0.14
2.32 0.57 0.02
2.32 0.55 -0.06
2.33 0.54 0.03
2.33 0.54 0.11
2.33 0.55 0.16
2.33 0.55 0.2
2.33 0.55 0.07
2.32 0.57 0
2.32 0.56 -0.05
2.32 0.56 -0.12
2.33 0.55 -0.14
2.33 0.56 -0.04
2.32 0.56 -0.11
2.33 0.56 -0.14
2.32 0.55 -0.03
2.32 0.55 0.06
2.31 0.54 0.12
2.3 0.54 0.16
2.3 0.54 0.2
2.31 0.55 0.2
2.32 0.55 0.23
2.31 0.56 0.11
2.31 0.55 0.13
2.31 0.56 0.08
2.31 0.57 0.12
2.32 0.56 0.01
2.28 0.55 -0.01
2.26 0.55 0
2.27 0.55 0.09
2.28 0.55 0.12
2.26 0.55 0.12
2.28 0.54 0.01
2.28 0.54 0.09
2.28 0.57 0.02
2.28 0.58 0.07
2.29 0.57 0.11
2.31 0.57 0.02
2.31 0.56 -0.07
2.31 0.55 -0.12
2.31 0.58 -0.12
2.32 0.56 -0.15
2.34 0.56 -0.2
2.33 0.56 -0.24
2.31 0.56 -0.19
2.34 0.59 -0.09
2.34 0.58 -0.15
2.35 0.57 -0.17
2.33 0.57 -0.06
2.33 0.56 -0.1
2.33 0.55 -0.15
2.32 0.56 -0.18
2.32 0.56 -0.2
2.33 0.54 -0.1
2.32 0.54 0.01
2.32 0.54 -0.05
2.3 0.52 -0.12
2.27 0.52 -0.09
2.28 0.54 0.02
2.28 0.55 0.1
2.29 0.54 0.16
2.31 0.54 0.18
2.32 0.55 0.22
2.32 0.55 0.25
2.31 0.55 0.16
2.31 0.56 0.04
2.31 0.56 0.09
2.31 0.58 0
2.31 0.56 -0.06
2.29 0.56 0
2.3 0.55 -0.07
2.32 0.56 -0.02
2.31 0.58 0.05
2.32 0.58 -0.04
2.3 0.59 0.01
2.28 0.59 0.03
2.3 0.57 -0.05
2.3 0.55 0
2.3 0.55 0.07
2.29 0.56 0.12
2.29 0.56 0.01
2.29 0.58 0.05
2.3 0.58 0.11
2.3 0.56 0.13
2.31 0.55 0.05
2.31 0.54 0.11
2.3 0.54 0.12
2.3 0.55 0.17
2.28 0.55 0.1
2.29 0.55 0.04
2.3 0.56 0.1
2.3 0.56 0
2.29 0.56 -0.04
2.29 0.55 -0.1
2.29 0.56 -0.03
2.3 0.56 -0.11
2.31 0.56 -0.17
2.33 0.56 -0.21
2.32 0.56 -0.21
2.32 0.55 -0.24
2.31 0.57 -0.24
2.3 0.56 -0.23
2.31 0.56 -0.23
2.31 0.55 -0.26
2.31 0.55 -0.11
2.32 0.55 -0.02
2.32 0.55 -0.05
2.33 0.57 0.03
2.32 0.57 -0.05
2.33 0.56 -0.1
2.32 0.56 0
2.33 0.56 -0.08
2.32 0.55 0
2.32 0.54 0.07
2.3 0.54 0.14
2.31 0.55 0.19
2.32 0.56 0.08
2.32 0.56 0
2.32 0.56 -0.07
2.32 0.56 -0.09
2.32 0.56 -0.01
2.33 0.56 -0.09
2.31 0.56 -0.02
2.31 0.55 -0.1
2.31 0.54 -0.15
2.33 0.54 -0.04
2.31 0.54 0.01
2.33 0.58 -0.08
2.34 0.57 -0.1
2.32 0.56 -0.14
2.32 0.55 -0.18
2.3 0.57 -0.2
2.27 0.57 -0.15
2.28 0.54 -0.07
2.28 0.53 -0.1
2.29 0.53 -0.01
2.31 0.54 0.05
2.3 0.56 0
2.32 0.56 0.04
2.32 0.55 0.1
2.32 0.54 0.14
2.33 0.55 0.15
2.32 0.54 0.05
2.32 0.53 0.12
2.32 0.53 0.15
2.3 0.54 0.12
2.31 0.55 0.02
2.3 0.54 0.09
2.31 0.54 0.14
2.29 0.54 0.12
2.31 0.54 0.17
2.31 0.54 0.21
2.29 0.54 0.18
2.27 0.57 0.11
2.29 0.56 0.01
2.29 0.57 0.06
2.28 0.56 0.11
2.31 0.56 0.05
2.3 0.57 0.09
2.3 0.56 0.12
2.3 0.56 0.02
2.3 0.55 0.08
2.31 0.55 0.14
2.31 0.54 0.18
2.35 0.59 0.08
2.35 0.58 -0.01
2.35 0.58 -0.09
2.34 0.58 0.01
2.33 0.57 -0.08
2.33 0.55 -0.13
2.34 0.56 -0.05
2.33 0.56 -0.13
2.33 0.56 -0.14
2.32 0.55 -0.06
2.33 0.56 0.04
2.31 0.57 0.07
2.33 0.56 -0.01
2.32 0.56 -0.09
2.3 0.55 -0.11
2.31 0.57 -0.02
2.29 0.57 0
2.3 0.56 -0.08
2.31 0.55 -0.13
2.32 0.56 -0.16
2.3 0.56 -0.12
2.31 0.57 -0.17
2.31 0.57 -0.07
2.33 0.56 -0.12
2.32 0.55 -0.17
2.33 0.55 -0.07
2.32 0.54 -0.1
2.33 0.56 -0.13
2.34 0.56 -0.18
2.33 0.55 -0.2
2.32 0.55 -0.11
2.32 0.55 0
2.32 0.54 0.07
2.34 0.54 0.12
2.33 0.55 0.14
2.32 0.55 0.19
2.31 0.55 0.17
2.32 0.55 0.19
2.32 0.55 0.21
2.37 0.61 0.1
2.36 0.59 0.03
2.35 0.57 0.04
2.35 0.56 -0.04
2.35 0.56 -0.11
2.35 0.55 -0.15
2.32 0.56 -0.18
2.32 0.55 -0.07
2.28 0.55 -0.03
2.29 0.56 -0.08
2.28 0.55 0.02
2.29 0.56 0.08
2.31 0.55 -0.02
2.31 0.56 0.06
2.32 0.55 -0.03
2.32 0.54 0.04
2.35 0.61 -0.05
2.34 0.61 0
2.33 0.6 -0.06
2.33 0.59 0.03
2.31 0.6 0.07
2.31 0.58 0.12
2.3 0.57 0.07
2.29 0.54 0.11
2.3 0.54 0.16
2.29 0.56 0.08
2.3 0.56 -0.02
2.31 0.57 -0.09
2.31 0.57 -0.01
2.32 0.57 0.06
2.32 0.56 -0.03
2.32 0.55 -0.08
2.32 0.56 -0.14
2.32 0.56 -0.19
2.33 0.54 -0.09
2.31 0.53 -0.14
2.31 0.54 -0.06
2.31 0.55 -0.07
2.32 0.55 0.01
2.32 0.55 0.08
2.33 0.54 0.12
2.31 0.55 0.03
2.31 0.56 0.1
2.32 0.56 0
2.31 0.54 0.05
2.31 0.55 -0.02
2.31 0.58 -0.07
2.31 0.57 -0.13
2.32 0.57 -0.03
2.32 0.57 -0.1
2.31 0.56 -0.13
2.32 0.55 -0.05
2.32 0.57 0.02
2.31 0.58 -0.05
2.32 0.56 -0.08
2.32 0.56 -0.12
2.3 0.55 -0.11
2.31 0.57 -0.15
2.31 0.58 -0.18
2.32 0.57 -0.07
2.33 0.55 0.01
2.32 0.56 0.06
2.32 0.55 -0.02
2.32 0.55 -0.07
2.32 0.55 -0.12
2.32 0.54 -0.16
2.31 0.56 -0.17
2.3 0.56 -0.13
2.31 0.56 -0.17
2.32 0.55 -0.21
2.29 0.55 -0.12
2.29 0.55 -0.02
2.29 0.56 -0.08
2.3 0.56 -0.14
2.32 0.56 -0.17
2.32 0.55 -0.19
2.31 0.55 -0.08
2.31 0.56 0.01
2.3 0.56 0.04
2.31 0.56 0.1
2.31 0.54 0.1
2.31 0.55 0.16
2.32 0.54 0.16
2.31 0.56 0.06
2.3 0.54 0.1
2.3 0.55 0.16
2.31 0.56 0.18
2.31 0.56 0.06
2.32 0.56 -0.02
2.32 0.55 -0.09
2.32 0.56 0.01
2.32 0.55 0.04
2.35 0.6 -0.03
2.34 0.59 -0.11
2.34 0.58 -0.15
2.32 0.59 -0.06
2.32 0.57 -0.11
2.33 0.56 -0.16
2.33 0.55 -0.2
2.31 0.55 -0.16
2.32 0.55 -0.06
2.32 0.56 0.04
2.31 0.55 -0.04
2.31 0.56 0.05
2.32 0.55 -0.03
2.32 0.55 -0.1
2.3 0.55 -0.05
2.32 0.6 -0.1
2.31 0.58 -0.1
2.28 0.56 -0.11
2.28 0.56 -0.03
2.27 0.55 -0.08
2.26 0.54 -0.01
2.28 0.54 0.05
2.29 0.55 -0.03
2.29 0.53 0.06
2.29 0.53 0.12
2.3 0.53 0.17
2.29 0.54 0.17
2.3 0.54 0.21
2.29 0.56 0.11
2.3 0.56 0.15
2.29 0.57 0.15
2.29 0.56 0.04
2.28 0.55 0
2.27 0.55 0.02
2.28 0.56 -0.04
2.29 0.56 -0.11
2.3 0.56 -0.17
2.31 0.56 -0.21
2.31 0.56 -0.24
2.29 0.55 -0.23
2.29 0.56 -0.25
2.28 0.55 -0.21
2.28 0.57 -0.2
2.27 0.56 -0.19
2.28 0.56 -0.07
2.29 0.57 -0.04
2.3 0.58 0.04
2.28 0.56 -0.01
2.28 0.56 0.07
2.31 0.53 0.13
2.32 0.53 0.16
2.32 0.52 0.2
2.31 0.54 0.08
2.31 0.56 0.01
2.31 0.56 -0.07
2.31 0.54 -0.12
2.31 0.54 -0.03
2.32 0.53 0.05
2.32 0.56 0
2.32 0.55 -0.06
2.3 0.54 0
2.29 0.56 -0.06
2.28 0.55 -0.08
2.28 0.54 -0.12
2.28 0.54 -0.02
2.3 0.53 0.07
2.31 0.54 0.1
2.31 0.55 0.11
2.31 0.56 0.17
2.31 0.53 0.04
2.32 0.53 -0.03
2.32 0.52 -0.07
2.31 0.55 -0.1
2.29 0.55 0.01
2.27 0.55 0.04
2.27 0.56 -0.04
2.28 0.57 0
2.3 0.57 -0.05
2.3 0.56 0.03
2.3 0.55 -0.06
2.3 0.53 -0.09
2.3 0.53 -0.04
2.27 0.53 -0.02
2.28 0.52 0.07
2.28 0.52 0.13
2.35 0.48 0.03
2.34 0.51 0.09
2.33 0.52 0.15
2.33 0.54 0.18
2.36 0.59 0.08
2.36 0.58 -0.02
2.35 0.57 -0.08
2.32 0.54 0
2.32 0.54 0.07
2.3 0.54 0.09
2.3 0.53 0.14
2.3 0.53 0.18
2.3 0.53 0.2
2.3 0.54 0.24
2.28 0.53 0.24
2.26 0.53 0.19
2.33 0.61 0.11
2.3 0.59 0.07
2.28 0.57 0.08
2.29 0.56 0
2.27 0.55 -0.01
2.31 0.57 -0.09
2.29 0.57 0
2.29 0.56 -0.05
2.26 0.55 -0.05
2.27 0.55 -0.07
2.28 0.55 0.03
2.29 0.53 0.1
2.29 0.55 0.15
2.27 0.55 0.11
2.28 0.54 0.16
2.3 0.54 0.2
2.31 0.54 0.24
2.3 0.54 0.25
2.29 0.56 0.12
2.29 0.56 0.17
2.3 0.56 0.05
2.28 0.55 0.05
2.3 0.54 -0.02
2.3 0.54 0.06
2.31 0.54 -0.01
2.31 0.54 0.07
2.28 0.54 0.05
2.3 0.58 -0.04
2.31 0.57 -0.1
2.31 0.56 -0.14
2.31 0.56 -0.19
2.31 0.57 -0.23
2.33 0.59 -0.11
2.31 0.57 -0.1
2.32 0.57 -0.15
2.3 0.55 -0.15
2.3 0.56 -0.03
2.29 0.54 0.04
2.3 0.54 -0.04
2.28 0.55 -0.02
2.27 0.55 0.02
2.31 0.58 -0.07
2.3 0.55 -0.01
2.28 0.57 -0.06
2.28 0.58 -0.01
2.27 0.57 -0.02
2.28 0.57 -0.1
2.27 0.57 -0.13
2.27 0.55 -0.14
2.26 0.56 -0.14
2.27 0.55 -0.17
2.25 0.55 -0.11
2.23 0.54 -0.01
2.26 0.53 -0.08
2.26 0.53 -0.13
2.26 0.54 -0.13
2.26 0.54 -0.07
2.27 0.54 0.02
2.26 0.53 -0.05
2.28 0.54 0.04
2.32 0.56 -0.05
2.32 0.55 -0.12
2.31 0.56 -0.01
2.31 0.55 -0.08
2.28 0.54 -0.08
2.29 0.54 0
2.28 0.52 -0.06
2.28 0.54 -0.09
2.29 0.53 0.01
2.29 0.54 0.09
2.29 0.55 0.03
2.28 0.54 0.05
2.29 0.53 0.11
2.29 0.52 0.14
2.27 0.53 0.15
2.28 0.53 0.05
2.31 0.53 0.1
2.3 0.55 0.02
2.3 0.54 0.08
2.29 0.55 0.08
2.32 0.58 -0.01
2.32 0.59 0.07
2.31 0.56 -0.04
2.32 0.56 -0.09
2.3 0.55 -0.11
2.3 0.55 0
2.31 0.55 0.09
2.31 0.55 -0.01
2.3 0.54 0.08
2.31 0.53 0.13
2.32 0.53 0.16
2.35 0.57 0.1
2.32 0.56 0.05
2.28 0.55 0.03
2.31 0.59 -0.05
2.3 0.58 -0.04
2.3 0.56 -0.05
2.3 0.57 -0.11
2.3 0.56 -0.01
2.27 0.54 -0.1
2.28 0.54 0.01
2.29 0.56 -0.08
2.3 0.56 -0.12
2.3 0.56 -0.17
2.31 0.55 -0.07
2.34 0.6 -0.07
2.31 0.58 -0.08
2.32 0.58 -0.11
2.32 0.57 -0.15
2.3 0.58 -0.05
2.31 0.58 0.03
2.28 0.57 0.04
2.29 0.56 0.1
2.31 0.59 0.14
2.3 0.58 0.1
2.3 0.56 0.04
2.3 0.56 -0.04
2.29 0.55 0.03
2.28 0.54 -0.04
2.29 0.55 0.05
2.29 0.56 0.11
2.29 0.55 0.07
2.3 0.55 0.11
2.31 0.54 0.16
2.31 0.54 0.2
2.31 0.53 0.23
2.3 0.53 0.26
2.31 0.54 0.28
2.29 0.56 0.14
2.32 0.57 0.04
2.31 0.57 0.11
2.32 0.58 0.1
2.32 0.57 0
2.32 0.57 -0.06
2.31 0.57 0.01
2.3 0.55 0.05
2.3 0.56 0.11
2.33 0.6 0.1
2.32 0.59 0.16
2.31 0.59 0.16
2.31 0.58 0.06
2.29 0.57 0.01
2.31 0.58 0.06
2.32 0.57 0.01
2.32 0.57 -0.07
2.33 0.57 -0.13
2.32 0.59 -0.03
2.32 0.58 0.06
2.32 0.57 -0.02
2.31 0.58 0.03
2.32 0.57 -0.05
2.32 0.56 -0.09
2.33 0.56 -0.14
2.32 0.55 -0.05
2.33 0.56 0.04
2.32 0.54 -0.05
2.32 0.56 0.03
2.33 0.55 0.1
2.32 0.55 0.17
2.31 0.54 0.2
2.31 0.54 0.19
2.3 0.56 0.23
2.3 0.55 0.11
2.3 0.56 0.16
2.29 0.55 0.08
2.3 0.56 0.01
2.29 0.56 0
2.3 0.55 -0.05
2.31 0.56 -0.01
2.31 0.54 -0.09
2.3 0.54 -0.03
2.3 0.54 0.06
2.29 0.54 0.09
2.3 0.56 0.14
2.28 0.55 0.07
2.32 0.6 0.02
2.31 0.58 0.02
2.32 0.57 0.07
2.32 0.57 -0.02
2.33 0.56 -0.07
2.33 0.56 -0.13
2.27 0.56 -0.12
2.27 0.56 -0.02
2.29 0.56 0.05
2.29 0.55 -0.04
2.3 0.54 -0.09
2.3 0.53 -0.01
2.3 0.54 0.06
2.3 0.55 0.09
2.28 0.54 0.04
2.3 0.54 0.08
2.3 0.55 0
2.3 0.56 0.08
2.28 0.54 0.05
2.26 0.54 0.13
2.27 0.55 0.18
2.28 0.55 0.09
2.29 0.54 0.13
2.29 0.54 0.18
2.29 0.54 0.22
2.3 0.53 0.25
2.3 0.55 0.27
2.29 0.56 0.16
2.28 0.55 0.14
2.28 0.57 0.18
2.3 0.56 0.06
2.3 0.56 -0.02
2.29 0.57 -0.09
2.31 0.55 -0.15
2.31 0.55 -0.03
2.32 0.57 -0.04
2.32 0.57 -0.11
2.32 0.57 -0.16
2.3 0.58 -0.09
2.3 0.57 -0.13
2.31 0.56 -0.16
2.3 0.56 -0.19
2.31 0.56 -0.21
2.31 0.55 -0.22
2.36 0.61 -0.22
2.35 0.6 -0.23
2.34 0.59 -0.11
2.33 0.57 -0.05
2.33 0.57 -0.1
2.32 0.57 -0.01
2.31 0.58 0.05
2.29 0.56 0.1
2.3 0.56 -0.01
2.31 0.56 -0.08
2.29 0.55 -0.1
2.28 0.53 -0.03
2.27 0.53 -0.01
2.33 0.59 -0.09
2.39 0.65 0.01
2.36 0.62 0.09
2.35 0.59 -0.01
2.35 0.59 -0.08
2.34 0.58 0.02
2.31 0.56 -0.03
2.3 0.54 0.02
2.29 0.55 -0.05
2.32 0.58 -0.12
2.29 0.56 -0.18
2.3 0.56 -0.22
2.31 0.55 -0.23
2.29 0.55 -0.12
2.29 0.54 -0.01
2.3 0.53 0.07
2.3 0.54 -0.01
2.28 0.53 -0.01
2.27 0.54 0.02
2.29 0.54 0.09
2.27 0.54 0.08
2.26 0.54 0.14
2.26 0.52 0.19
2.25 0.52 0.15
2.27 0.53 0.2
2.28 0.52 0.23
2.28 0.51 0.25
2.29 0.51 0.27
2.31 0.51 0.28
2.29 0.52 0.25
2.29 0.53 0.13
2.3 0.53 0.18
2.29 0.52 0.17
2.28 0.55 0.08
2.28 0.56 0.14
2.28 0.55 0.02
2.27 0.55 0.04
2.29 0.54 0.11
2.28 0.55 0.1
2.28 0.55 0.1
2.31 0.58 -0.01
2.31 0.58 -0.09
2.3 0.57 -0.12
2.31 0.56 -0.18
2.29 0.55 -0.18
2.27 0.55 -0.1
2.28 0.55 0.01
2.28 0.55 0.08
2.29 0.55 0.12
2.33 0.59 0.05
2.29 0.57 0
2.31 0.57 -0.08
2.3 0.55 -0.15
2.31 0.55 -0.02
2.31 0.57 0.04
2.3 0.56 -0.02
2.28 0.55 -0.04
2.3 0.56 0.05
2.29 0.55 0.01
2.29 0.54 0.08
2.28 0.54 0.08
2.26 0.54 0.06
2.28 0.57 0.02
2.28 0.57 -0.08
2.28 0.55 0
2.28 0.55 0.08
2.27 0.55 0.1
2.26 0.54 0.11
2.31 0.61 0
2.3 0.57 -0.01
2.3 0.57 -0.1
2.33 0.61 -0.02
2.32 0.59 -0.1
2.32 0.59 -0.01
2.32 0.58 -0.1
2.3 0.56 -0.1
2.35 0.6 -0.01
2.32 0.59 -0.01
2.31 0.57 -0.09
2.3 0.57 -0.15
2.3 0.58 -0.07
2.31 0.58 -0.14
2.29 0.53 -0.04
2.27 0.53 0.02
2.27 0.54 -0.04
2.34 0.61 -0.08
2.34 0.59 -0.15
2.32 0.57 -0.15
2.33 0.57 -0.18
2.32 0.56 -0.21
2.31 0.55 -0.24
2.3 0.54 -0.1
2.3 0.54 0
2.31 0.54 0.08
2.32 0.55 0.11
2.3 0.55 0.11
2.3 0.54 0.17
2.31 0.53 0.2
2.29 0.53 0.22
2.3 0.53 0.25
2.29 0.54 0.22
2.28 0.56 0.13
2.28 0.55 0.09
2.29 0.54 0.14
2.3 0.53 0.16
2.29 0.53 0.2
2.29 0.56 0.1
2.3 0.54 -0.01
2.31 0.53 0.08
2.31 0.53 0.13
2.31 0.53 0.17
2.3 0.55 0.06
2.32 0.54 0.12
2.31 0.54 0.17
2.31 0.54 0.21
2.31 0.56 0.11
2.32 0.56 0
2.32 0.54 0.05
2.32 0.55 -0.01
2.36 0.61 -0.08
2.35 0.6 0
2.34 0.59 -0.08
2.36 0.62 -0.01
2.36 0.61 -0.07
2.36 0.6 -0.13
2.35 0.58 -0.18
2.34 0.55 -0.22
2.36 0.6 -0.21
2.35 0.6 -0.13
2.31 0.59 -0.11
2.33 0.59 -0.01
2.34 0.58 -0.07
2.32 0.54 0
2.32 0.53 -0.05
2.36 0.59 -0.13
2.35 0.58 -0.16
2.32 0.56 -0.15
2.32 0.56 -0.18
2.34 0.55 -0.22
2.3 0.55 -0.08
2.3 0.56 0.01
2.3 0.55 -0.08
2.31 0.56 0.03
2.31 0.55 0.09
2.29 0.54 0.11
2.31 0.55 0.16
2.29 0.56 0.06
2.3 0.56 -0.03
2.28 0.55 -0.06
2.27 0.54 -0.11
2.32 0.58 -0.17
2.31 0.58 -0.21
2.32 0.56 -0.24
2.32 0.55 -0.11
2.29 0.54 0
2.31 0.54 0.07
2.31 0.54 0.13
2.31 0.53 0.18
2.31 0.53 0.21
2.3 0.53 0.13
2.29 0.53 0.12
2.3 0.53 0.17
2.35 0.59 0.05
2.34 0.6 0.1
2.3 0.58 0.05
2.31 0.56 -0.03
2.29 0.55 0.02
2.29 0.55 0.1
2.3 0.55 0.15
2.3 0.54 0.19
2.29 0.54 0.17
2.28 0.55 0.13
2.28 0.54 0.18
2.29 0.55 0.2
2.28 0.55 0.18
2.28 0.57 0.09
2.27 0.57 0.11
2.29 0.56 0
2.3 0.56 0.07
2.32 0.56 -0.03
2.3 0.55 -0.05
2.29 0.55 -0.06
2.35 0.62 -0.1
2.33 0.59 -0.09
2.36 0.61 0
2.36 0.6 -0.07
2.38 0.62 0.01
2.35 0.6 -0.04
2.33 0.59 -0.03
2.34 0.59 -0.11
2.33 0.56 -0.16
2.31 0.54 -0.06
2.35 0.51 -0.13
2.32 0.52 -0.08
2.33 0.52 -0.13
2.35 0.58 -0.11
2.34 0.58 -0.01
2.31 0.55 0
2.31 0.56 0.06
2.32 0.56 -0.03
2.31 0.56 0.06
2.29 0.55 0
2.27 0.54 0.04
2.26 0.55 0.03
2.27 0.56 0.11
2.25 0.55 0.05
2.24 0.54 0.11
2.26 0.54 0.16
2.29 0.55 0.2
2.3 0.55 0.06
2.29 0.55 0.12
2.29 0.55 0.17
2.28 0.54 0.05
2.29 0.55 0.13
2.29 0.55 0.01
2.28 0.56 -0.06
2.29 0.55 -0.12
2.33 0.58 -0.15
2.3 0.57 -0.16
2.31 0.56 -0.19
2.29 0.55 -0.17
2.3 0.53 -0.13
2.29 0.54 -0.03
2.29 0.54 0.06
2.27 0.53 -0.01
2.27 0.54 0.08
2.25 0.55 0.08
2.25 0.55 0.1
2.26 0.56 0.04
2.27 0.56 -0.04
2.26 0.56 0.01
2.26 0.54 0.05
2.25 0.54 0.05
2.26 0.55 0.12
2.27 0.56 0.17
2.29 0.55 0.21
2.28 0.54 0.09
2.29 0.54 0.14
2.29 0.54 0.15
2.28 0.56 0.06
2.29 0.56 -0.04
2.27 0.55 0.03
2.28 0.53 0.1
2.28 0.53 0.15
2.26 0.54 0.08
2.26 0.55 0.14
2.26 0.56 0.19
2.25 0.55 0.13
2.27 0.54 0.01
2.27 0.54 -0.06
2.25 0.55 0.05
2.27 0.54 0.1
2.27 0.56 0.02
2.27 0.54 -0.07
2.26 0.55 -0.08
2.25 0.55 -0.03
2.25 0.57 -0.08
2.26 0.57 -0.14
2.26 0.56 -0.13
2.27 0.56 -0.17
2.27 0.56 -0.06
2.27 0.56 -0.11
2.28 0.56 -0.16
2.27 0.55 -0.15
2.29 0.54 -0.06
2.28 0.55 0.03
2.29 0.54 0.08
2.29 0.52 0.04
2.29 0.53 -0.02
2.3 0.53 -0.07
2.28 0.53 -0.02
2.29 0.54 0.06
2.29 0.56 0.12
2.31 0.55 0.03
2.31 0.54 0.08
2.3 0.55 0.14
2.28 0.54 0.13
2.28 0.55 0.06
2.28 0.54 0.11
2.32 0.58 0.02
2.32 0.57 -0.04
2.3 0.56 -0.03
2.3 0.55 -0.09
2.28 0.56 0.02
2.26 0.55 -0.02
2.26 0.57 -0.08
2.25 0.56 -0.1
2.26 0.56 -0.15
2.24 0.55 -0.14
2.25 0.56 -0.06
2.26 0.55 -0.01
2.27 0.55 -0.07
2.25 0.55 -0.04
2.26 0.54 0.03
2.25 0.54 0.03
2.27 0.53 0.1
2.26 0.53 0.09
2.26 0.56 0.02
2.25 0.55 -0.01
2.26 0.55 0.08
2.25 0.55 0.15
2.27 0.55 0.19
2.27 0.55 0.22
2.26 0.57 0.1
2.28 0.58 0
2.28 0.56 -0.07
2.29 0.56 -0.13
2.3 0.54 -0.08
2.29 0.54 0.01
2.29 0.53 -0.05
2.27 0.53 -0.02
2.29 0.54 0.05
2.29 0.53 0.11
2.3 0.5 0.06
2.29 0.51 0.13
2.29 0.52 0.02
2.28 0.52 0.1
2.29 0.54 0.16
2.3 0.54 0.2
2.29 0.54 0.19
2.29 0.54 0.22
2.28 0.54 0.11
2.28 0.56 0.06
2.33 0.5 0.13
2.33 0.52 0.02
2.39 0.47 -0.02
2.36 0.5 0.07
2.32 0.51 0.07
2.3 0.51 0.13
2.31 0.51 0.18
2.3 0.51 0.21
2.3 0.54 0.11
2.3 0.53 0.15
2.28 0.53 0.15
2.28 0.52 0.15
2.29 0.52 0.19
2.29 0.52 0.18
2.29 0.54 0.1
2.29 0.55 0
2.28 0.56 0.08
2.3 0.55 -0.02
2.29 0.55 0.07
2.31 0.54 0.13
2.29 0.53 0.17
2.3 0.53 0.19
2.3 0.52 0.22
2.31 0.53 0.25
2.31 0.53 0.27
2.31 0.55 0.27
2.3 0.56 0.17
2.31 0.56 0.06
2.29 0.54 0.11
2.29 0.55 0.16
2.3 0.57 0.08
2.3 0.56 0.01
2.29 0.55 -0.04
2.29 0.54 0.04
2.29 0.54 0.12
2.3 0.54 0.15
2.32 0.57 0.1
2.31 0.58 0.02
2.33 0.6 0.1
2.33 0.58 0.02
2.3 0.57 0.06
2.31 0.57 -0.02
2.3 0.56 0.04
2.28 0.55 0.05
2.32 0.6 0
2.31 0.6 0.02
2.31 0.59 -0.07
2.31 0.56 -0.14
2.31 0.58 -0.05
2.31 0.58 -0.12
2.31 0.58 -0.06
2.3 0.57 -0.1
2.31 0.58 0
2.29 0.56 0.02
2.29 0.56 -0.07
2.32 0.49 -0.03
2.32 0.51 0.06
2.31 0.52 0.13
2.32 0.53 0.16
2.3 0.53 0.14
2.3 0.54 0.07
2.31 0.53 0.12
2.35 0.58 0.05
2.34 0.58 -0.03
2.33 0.58 -0.08
2.31 0.54 0.01
2.35 0.5 -0.01
2.35 0.51 0.07
2.34 0.53 0.14
2.33 0.53 0.16
2.33 0.54 0.08
2.32 0.54 0.14
2.32 0.55 0.18
2.33 0.56 0.19
2.37 0.62 0.2
2.36 0.6 0.06
2.33 0.6 0.08
2.32 0.58 -0.02
2.31 0.57 0.02
2.3 0.53 0.07
2.31 0.53 0.13
2.33 0.53 0.1
2.34 0.58 0.02
2.28 0.62 0.09
2.29 0.61 0
2.29 0.58 -0.07
2.33 0.54 0.02
2.33 0.54 0.09
2.35 0.59 0.06
2.34 0.57 0.1
2.33 0.57 0.01
2.3 0.56 -0.02
2.29 0.55 -0.03
2.3 0.55 0.05
2.3 0.55 0.12
2.29 0.54 0.02
2.3 0.53 0.1
2.27 0.53 0.05
2.28 0.53 0.12
2.29 0.54 0.04
2.27 0.54 0.07
2.28 0.53 0.12
2.31 0.59 0.07
2.31 0.56 0.11
2.29 0.55 0.03
2.3 0.54 -0.05
2.31 0.54 0.05
2.3 0.56 0.01
2.29 0.55 -0.03
2.3 0.55 0.06
2.29 0.55 0.13
2.29 0.55 0.18
2.28 0.55 0.22
2.29 0.55 0.24
2.3 0.54 0.23
2.29 0.56 0.12
2.27 0.55 0.04
2.28 0.54 0
2.28 0.54 0.07
2.28 0.54 0.12
2.28 0.53 0.16
2.3 0.53 0.2
2.3 0.53 0.08
2.3 0.53 0.15
2.29 0.55 0.06
2.29 0.55 -0.02
2.29 0.54 0.06
2.3 0.54 0.11
2.29 0.54 0.04
2.31 0.58 -0.06
2.3 0.59 0.02
2.31 0.58 -0.06
2.29 0.57 -0.02
2.27 0.53 0.01
2.28 0.54 0.09
2.29 0.54 0.14
2.28 0.55 0.14
2.28 0.55 0.13
2.28 0.52 0.05
2.28 0.53 -0.04
2.27 0.52 -0.02
2.27 0.53 0.07
2.27 0.54 0.13
2.29 0.53 0.17
2.3 0.54 0.18
2.3 0.55 0.22
2.29 0.55 0.09
2.33 0.59 0
2.33 0.57 -0.08
2.29 0.55 -0.08
2.28 0.55 -0.03
2.27 0.55 -0.01
2.27 0.55 0.07
2.27 0.55 0.13
2.26 0.56 0.11
2.27 0.56 0.01
2.28 0.57 -0.06
2.29 0.57 0.03
2.29 0.57 -0.06
2.29 0.57 -0.11
2.29 0.58 -0.02
2.29 0.57 0.04
2.3 0.57 -0.04
2.31 0.56 -0.08
2.3 0.54 -0.02
2.29 0.53 0.06
2.31 0.53 0.11
2.31 0.52 0.15
2.31 0.51 0.19
2.29 0.52 0.17
2.31 0.53 0.19
2.31 0.56 0.12
2.31 0.57 0.01
2.3 0.56 -0.03
2.29 0.54 0.03
2.28 0.54 0.07
2.29 0.54 0.02
2.3 0.53 0.07
2.3 0.54 0.14
2.3 0.54 0.17
2.3 0.53 0.2
2.29 0.53 0.11
2.28 0.53 0.16
2.28 0.53 0.07
2.27 0.54 0.05
2.28 0.54 -0.03
2.29 0.53 -0.09
2.29 0.54 0.02
2.29 0.54 0.09
2.29 0.53 0.15
2.32 0.57 0.02
2.33 0.53 0.09
2.33 0.52 -0.01
2.33 0.53 0.06
2.32 0.53 -0.02
2.3 0.55 -0.08
2.29 0.54 -0.05
2.29 0.56 -0.06
2.28 0.57 0.02
2.28 0.56 -0.03
2.27 0.54 -0.11
2.26 0.54 -0.06
2.26 0.56 -0.08
2.29 0.56 -0.12
2.3 0.57 -0.16
2.3 0.56 -0.05
2.28 0.54 -0.05
2.29 0.55 0.04
2.3 0.54 0.11
2.3 0.54 0.17
2.29 0.57 0.07
2.3 0.57 -0.02
2.29 0.56 -0.06
2.3 0.55 -0.13
2.29 0.56 -0.06
2.29 0.55 -0.12
2.29 0.55 -0.09
2.28 0.55 0.02
2.28 0.55 0.02
2.28 0.55 0.1
2.26 0.55 0.08
2.27 0.54 0.02
2.27 0.53 -0.04
2.27 0.54 -0.03
2.27 0.55 -0.09
2.27 0.55 0.02
2.26 0.55 0.04
2.27 0.54 -0.02
2.26 0.55 -0.09
2.29 0.54 0
2.3 0.55 0.08
2.31 0.54 0.14
2.31 0.54 0.03
2.31 0.55 0.09
2.3 0.56 0.02
2.28 0.56 0.01
2.28 0.54 0.05
2.3 0.53 0.1
2.28 0.55 0.01
2.32 0.58 -0.07
2.32 0.58 -0.13
2.29 0.56 -0.06
2.28 0.56 -0.13
2.28 0.54 -0.04
2.27 0.54 -0.02
2.28 0.55 0.07
2.29 0.54 0.13
2.28 0.55 0.03
2.29 0.55 -0.04
2.31 0.58 -0.09
2.29 0.58 -0.07
2.29 0.55 -0.14
2.28 0.57 -0.15
2.28 0.57 -0.06
2.26 0.56 -0.05
2.28 0.56 -0.1
2.28 0.55 -0.01
2.25 0.55 -0.01
2.24 0.55 0.01
2.26 0.54 0.09
2.3 0.59 0.03
2.28 0.58 0.01
2.27 0.56 -0.02
2.28 0.56 -0.09
2.29 0.55 -0.15
2.28 0.57 -0.17
2.28 0.57 -0.08
2.28 0.57 -0.13
2.27 0.58 -0.16
2.26 0.56 -0.13
2.27 0.54 -0.18
2.28 0.54 -0.07
2.28 0.54 0.02
2.28 0.54 0.1
2.29 0.54 0.16
2.29 0.54 0.2
2.3 0.53 0.08
2.29 0.53 -0.01
2.3 0.53 0.08
2.28 0.52 0.13
2.26 0.53 0.12
2.25 0.54 0.1
2.26 0.56 0.03
2.27 0.56 -0.04
2.26 0.55 -0.03
2.27 0.57 -0.08
2.28 0.56 -0.12
2.26 0.55 -0.13
2.27 0.54 -0.18
2.27 0.53 -0.06
2.28 0.54 -0.1
2.29 0.54 -0.01
2.25 0.53 0.02
2.27 0.53 0.08
2.28 0.54 0.15
2.29 0.54 0.2
2.28 0.52 0.1
2.28 0.54 0.16
2.29 0.54 0.19
2.28 0.55 0.08
2.27 0.57 0.01
2.27 0.56 0.04
2.27 0.57 0.09
2.29 0.56 0.01
2.27 0.54 0.06
2.28 0.54 0.12
2.29 0.54 0.17
2.28 0.53 0.19
2.31 0.58 0.07
2.28 0.56 0.04
2.3 0.57 -0.04
2.3 0.57 -0.09
2.3 0.56 -0.14
2.3 0.58 -0.08
2.29 0.58 -0.01
2.29 0.56 0.07
2.3 0.55 0
2.3 0.55 0.08
2.29 0.54 0.01
2.28 0.53 0.07
2.29 0.53 -0.02
2.29 0.53 -0.08
2.32 0.57 -0.11
2.36 0.49 -0.01
2.36 0.5 0.07
2.35 0.52 0.13
2.35 0.53 0.13
2.34 0.53 0.17
2.33 0.56 0.1
2.31 0.55 0.04
2.29 0.56 -0.01
2.29 0.56 -0.07
2.3 0.54 -0.12
2.3 0.54 -0.01
2.28 0.54 0.01
2.29 0.54 -0.07
2.29 0.56 -0.1
2.29 0.55 -0.03
2.3 0.54 0.05
2.28 0.54 0.13
2.27 0.56 0.06
2.26 0.55 0.08
2.29 0.59 -0.03
2.28 0.56 -0.07
2.27 0.56 -0.1
2.28 0.54 -0.14
2.28 0.55 -0.02
2.32 0.59 -0.08
2.31 0.58 -0.04
2.31 0.57 -0.1
2.3 0.58 -0.03
2.31 0.58 0.04
2.29 0.57 0.09
2.31 0.57 0.12
2.3 0.57 0.17
2.31 0.55 0.05
2.3 0.56 -0.01
2.3 0.57 0.04
2.3 0.58 0.1
2.3 0.54 0.1
2.29 0.55 0.16
2.28 0.55 0.21
2.29 0.54 0.24
2.31 0.55 0.24
2.3 0.54 0.26
2.3 0.53 0.27
2.31 0.53 0.29
2.3 0.56 0.17
2.29 0.55 0.17
2.29 0.55 0.2
2.3 0.55 0.21
2.33 0.5 0.13
2.32 0.5 0.17
2.37 0.56 0.06
2.36 0.56 -0.03
2.32 0.55 -0.03
2.32 0.54 0.05
2.29 0.54 0.08
2.3 0.54 0.12
2.28 0.55 0.11
2.27 0.56 0.02
2.28 0.56 -0.07
2.29 0.54 -0.13
2.3 0.54 -0.01
2.3 0.54 -0.08
2.3 0.53 -0.13
2.3 0.53 -0.17
2.3 0.53 -0.04
2.3 0.51 -0.07
2.3 0.51 0.02
2.3 0.52 0.09
2.29 0.53 0.06
2.27 0.54 0.05
2.28 0.53 0.11
2.26 0.53 0.1
2.29 0.56 0.04
2.28 0.55 0.08
2.28 0.55 0.15
2.29 0.56 0.06
2.3 0.56 0.01
2.29 0.55 -0.03
2.28 0.55 0.01
2.28 0.56 0.08
2.29 0.55 -0.01
2.27 0.55 0.02
2.28 0.55 0.07
2.29 0.55 0.13
2.27 0.53 0.13
2.28 0.54 0.16
2.29 0.54 0.07
2.29 0.54 0.13
2.3 0.53 0.17
2.29 0.52 0.21
2.29 0.52 0.2
2.29 0.53 0.24
2.3 0.54 0.24
2.3 0.54 0.26
2.3 0.54 0.28
2.3 0.53 0.27
2.29 0.54 0.22
2.3 0.54 0.24
2.29 0.54 0.26
2.32 0.5 0.14
2.37 0.55 0.03
2.36 0.55 0.11
2.33 0.56 0.06
2.32 0.53 -0.04
2.33 0.53 -0.09
2.3 0.52 -0.11
2.3 0.54 0
2.3 0.54 0.07
2.29 0.56 -0.01
2.28 0.53 -0.09
2.28 0.52 -0.1
2.29 0.53 0
2.27 0.54 0.03
2.28 0.53 0.1
2.29 0.53 0.15
2.29 0.54 0.06
2.3 0.53 0.13
2.31 0.53 0.18
